-7,99,1,-397,3,0,0,489
-8,99,2,-410,5,0,0,504
-9,99,1,-417,7,-2,0,-463
-9,100,0,-425,9,-3,0,-462
-10,99,0,-436,10,-4,0,-467
-15,101,0,-451,20,-15,0,-434
-35,109,2,-524,56,-54,0,-586
-64,120,0,-769,100,-94,1,-894
-136,171,15,-1258,137,-137,1,-1225
-187,200,20,-2375,178,-169,1,-2362
-201,197,6,-3629,153,-173,1,-3602
-187,193,11,-4882,153,-159,1,-4966
-132,185,19,-6136,99,-124,1,-6086
-69,156,32,-7364,51,-89,1,-7252
-44,114,38,-8618,7,-108,1,-8634
-13,75,30,-9872,-42,-112,0,9874
32,45,18,-11031,-197,-185,1,-11127
61,20,0,-11804,-317,-298,1,-11813
77,9,-25,-12106,-314,-346,1,12150
90,-25,-82,-11888,-226,-410,1,-12040
75,-24,-104,-11105,-163,-391,1,-10877
-17,-36,-122,-10074,9,-404,0,-9868
-91,-38,-125,-9038,148,-375,1,-8880
-221,-49,-105,-8254,250,-347,1,-8475
-218,-73,-23,-7916,282,-378,1,-7693
-216,-60,53,-7995,279,-364,1,8092
-190,-39,99,-8387,236,-350,1,8584
-175,-1,144,-9091,180,-307,1,8761
-86,22,151,-10076,77,-307,1,-9972
-18,14,105,-11172,10,-322,0,-10909
48,0,58,-12269,-219,-379,1,-11846
141,-25,4,-13154,-380,-424,1,13103
161,-64,-65,-13416,-294,-458,1,-13399
136,-66,-85,-12962,-228,-438,1,-13162
74,-72,-86,-12043,-143,-470,1,-11787
21,-61,-76,-10915,-63,-480,0,-11044
-56,-36,-93,-9741,110,-398,1,-10149
-151,-10,-63,-8590,249,-305,1,-8423
-216,19,9,-7893,329,-263,1,-7766
-227,5,76,-7744,270,-299,1,-7860
-193,-3,98,-8073,241,-324,1,7833
-166,12,115,-8831,197,-313,1,-9051
-91,3,119,-9916,107,-330,1,-10165
-18,-5,105,-11112,-6,-366,0,-10866
39,-10,76,-12259,-176,-406,1,11961
113,-20,33,-13273,-341,-429,1,13152
175,-48,-39,-13910,-354,-452,1,-13907
168,-61,-90,-13725,-256,-430,1,-13313
96,-59,-106,-12923,-154,-436,1,-13153
35,-61,-103,-11884,-76,-453,1,-12191
-25,-53,-92,-10739,41,-438,1,-10267
-93,-41,-79,-9658,178,-368,1,-9310
-139,-8,-25,-8636,298,-300,1,-8493
-210,9,35,-8083,338,-278,1,-7982
-197,-3,86,-7975,252,-299,1,7779
-192,-4,117,-8294,224,-307,1,8573
-128,5,140,-8983,125,-314,1,-8872
-64,3,133,-10000,71,-340,1,-9890
-7,-9,90,-11223,-41,-409,0,-10801
100,-30,48,-12371,-281,-430,1,12461
175,-39,7,-13278,-347,-426,1,13219
164,-62,-73,-13407,-274,-447,1,-13348
117,-62,-89,-12834,-208,-446,1,-13121
59,-44,-81,-11932,-135,-437,1,-12267
-25,-45,-87,-10926,39,-444,1,-11089
-77,-43,-77,-10029,134,-404,1,-9745
-164,-34,-46,-9174,270,-363,1,-8990
-197,-48,0,-8651,297,-353,1,8555
-166,-42,79,-8593,249,-343,1,8447
-164,-42,107,-8845,231,-356,1,9194
-147,-38,128,-9408,181,-367,1,9552
-85,-24,135,-10321,102,-370,1,10624
-22,-26,110,-11401,14,-406,0,11635
51,-28,65,-12407,-187,-439,1,12560
123,-30,12,-13262,-370,-431,1,13179
164,-49,-60,-13537,-319,-442,1,-13516
103,-54,-91,-13142,-204,-448,1,-12843
60,-86,-113,-12452,-135,-485,1,-12764
29,-77,-93,-11583,-85,-476,1,-11456
-51,-53,-72,-10558,105,-434,1,-10408
-106,-34,-42,-9567,234,-369,1,-9383
-156,-1,9,-8764,361,-303,1,8941
-244,-16,40,-8336,324,-315,1,8230
-196,-31,84,-8544,254,-339,1,8313
-161,-39,100,-9177,218,-357,1,8839
-100,-27,103,-10076,147,-362,1,9916
-29,-24,94,-11105,44,-392,1,10909
36,-17,82,-12117,-134,-388,1,11831
100,-27,59,-12926,-268,-407,1,12966
132,-39,19,-13281,-359,-440,1,13187
142,-59,-38,-12964,-302,-464,1,-13012
64,-74,-97,-12064,-115,-494,1,-12011
-37,-93,-121,-11019,28,-490,1,-11005
-82,-96,-106,-10117,83,-460,1,-9849
-111,-66,-47,-9258,190,-415,1,-9484
-134,-41,-13,-8821,299,-373,1,-8842
-169,-32,14,-8557,317,-340,1,8632
-167,-18,75,-8647,259,-318,1,8455
-138,-23,110,-9030,205,-338,1,8747
-126,-16,127,-9574,168,-343,1,9365
-81,-6,136,-10327,120,-341,1,10660
-39,-19,109,-11211,64,-386,1,10833
18,-30,76,-12087,-71,-445,0,11917
53,-58,45,-12818,-174,-526,1,12435
77,-70,34,-13250,-240,-528,1,12552
97,-78,0,-13120,-251,-523,1,12768
77,-86,-32,-12614,-188,-551,1,-13277
40,-74,-47,-11848,-116,-558,1,-11350
-5,-68,-74,-10946,-10,-525,0,10440
-55,-49,-90,-10071,98,-445,1,-9941
-85,-26,-104,-9110,173,-376,1,-8807
-196,-3,-99,-8076,279,-320,1,-7940
-189,-16,-65,-7617,252,-324,1,-7312
-161,-27,-6,-7551,327,-329,1,-7630
-207,-9,33,-7739,319,-306,1,7888
-168,-10,58,-8256,258,-313,1,8338
-126,0,94,-9065,190,-313,1,-8911
-69,-15,88,-10132,113,-364,1,9880
7,-32,68,-11251,-79,-445,0,10846
86,-47,49,-12252,-267,-460,1,12112
115,-63,8,-12874,-306,-486,1,13019
106,-80,-35,-12850,-250,-507,1,-13111
70,-76,-46,-12401,-176,-522,1,-13046
38,-73,-61,-11734,-107,-527,1,-12257
12,-69,-61,-10795,-32,-527,0,-10318
-88,-48,-74,-9856,180,-428,1,-10067
-135,-42,-65,-8934,225,-392,1,-9072
-177,-37,-39,-8345,327,-349,1,-8243
-193,-47,-8,-8114,302,-361,1,-7966
-156,-43,33,-8223,281,-365,1,8440
-166,-35,60,-8629,260,-350,1,8533
-119,-27,89,-9311,185,-358,1,9652
-58,-34,92,-10141,97,-404,1,9769
0,-41,82,-10988,-45,-451,0,11133
52,-51,61,-11687,-207,-496,1,11455
85,-72,22,-12069,-263,-522,1,11308
93,-76,0,-11968,-250,-522,1,11354
65,-77,-18,-11473,-177,-548,1,-11869
11,-69,-46,-10725,-54,-581,0,-11254
-41,-69,-83,-9940,54,-497,1,-10025
-104,-54,-82,-9080,171,-416,1,-8772
-138,-37,-59,-8337,261,-373,1,-8310
-167,-42,-46,-7872,278,-361,1,-7777
-159,-37,-1,-7702,322,-349,1,-7859
-177,-38,41,-7756,291,-341,1,7811
-163,-28,84,-8051,237,-335,1,7743
-123,-25,109,-8624,166,-349,1,8281
-77,-28,107,-9391,118,-381,1,9627
-32,-36,89,-10213,31,-433,1,9773
21,-48,69,-10957,-105,-490,0,11056
61,-58,48,-11508,-196,-506,1,11774
73,-73,16,-11694,-222,-538,1,12155
76,-80,-14,-11459,-212,-551,1,-11835
52,-74,-35,-10926,-149,-550,1,-10305
19,-56,-59,-10146,-70,-518,0,-9726
-57,-35,-76,-9248,131,-423,1,-9577
-146,-27,-87,-8325,232,-366,1,-8672
-154,-40,-73,-7666,258,-371,1,-7541
-173,-53,-36,-7276,292,-372,1,-7301
-170,-50,24,-7131,288,-366,1,6932
-186,-45,56,-7254,276,-359,1,7305
-178,-32,69,-7623,253,-349,1,7311
-132,-17,80,-8308,199,-337,1,8484
-73,-22,74,-9184,144,-381,1,8743
-23,-29,64,-10079,36,-433,0,9858
47,-40,64,-10927,-184,-465,1,11138
100,-66,39,-11519,-273,-489,1,11271
113,-71,8,-11561,-294,-491,1,11739
73,-70,-19,-11071,-212,-535,1,-10727
27,-59,-40,-10322,-106,-556,1,-10775
-14,-56,-70,-9442,29,-506,0,-9593
-95,-39,-82,-8494,163,-403,1,-8247
-153,-27,-80,-7621,235,-357,1,-7302
-188,-28,-56,-7052,287,-340,1,-6996
-165,-38,-18,-6866,301,-367,1,-6658
-175,-36,20,-6919,322,-347,1,7044
-191,-37,55,-7247,277,-341,1,7329
-140,-26,100,-7853,206,-337,1,8135
-100,-20,112,-8607,149,-355,1,8298
-50,-24,95,-9451,86,-383,1,9656
-8,-35,77,-10259,-9,-438,0,-10694
58,-45,76,-10962,-172,-451,1,11233
95,-62,54,-11341,-253,-488,1,11520
91,-71,18,-11210,-246,-511,1,10958
69,-72,-12,-10680,-202,-549,1,-11089
0,-61,-42,-9898,-2,-585,0,-9464
-66,-64,-74,-9095,93,-483,1,-8718
-83,-46,-72,-8298,163,-430,1,-8541
-159,-32,-73,-7584,273,-367,1,-7467
-160,-41,-51,-7185,260,-368,1,-7422
-129,-45,-7,-7088,276,-393,1,-7067
-161,-52,40,-7186,269,-370,1,7381
-147,-50,89,-7491,214,-369,1,7197
-133,-44,108,-7973,192,-375,1,7762
-102,-40,102,-8615,162,-393,1,8363
-65,-39,87,-9337,120,-420,1,9617
-25,-40,76,-10079,31,-453,1,9973
23,-45,68,-10738,-112,-488,0,10244
56,-56,51,-11155,-209,-516,1,10622
69,-66,14,-11201,-247,-547,1,10525
66,-67,-27,-10835,-208,-546,1,-10406
25,-69,-57,-10156,-90,-545,1,-9653
-20,-49,-71,-9306,20,-485,0,-9679
-80,-28,-69,-8373,167,-393,1,-8585
-180,-3,-62,-7446,289,-331,1,-7666
-209,-31,-53,-6932,283,-349,1,-7086
-158,-31,-15,-6838,297,-365,1,-6783
-142,-52,1,-6995,293,-385,1,6987
-151,-54,29,-7335,268,-373,1,7267
-119,-55,60,-7863,213,-403,1,8078
-101,-52,84,-8557,171,-394,1,8270
-53,-47,96,-9413,84,-415,1,9591
-9,-47,100,-10273,-11,-436,0,-10714
41,-47,101,-11038,-121,-446,1,10937
65,-54,71,-11575,-180,-478,1,11368
77,-59,32,-11713,-241,-513,1,12132
76,-62,-10,-11441,-224,-514,1,-11798
49,-53,-41,-10768,-149,-514,1,-10421
-28,-64,-74,-9939,45,-509,1,-10094
-66,-55,-84,-9141,116,-448,1,-8793
-148,-57,-85,-8401,220,-400,1,-8576
-164,-54,-50,-7884,256,-378,1,-7703
-152,-51,4,-7705,291,-377,1,7905
-156,-50,48,-7754,264,-375,1,7854
-157,-44,76,-8003,243,-369,1,7737
-140,-38,97,-8490,198,-371,1,8273
-99,-34,96,-9152,157,-392,1,8837
-60,-40,72,-9948,118,-439,1,10060
-16,-48,57,-10759,9,-500,0,11239
50,-53,57,-11535,-180,-489,1,11369
83,-57,44,-12030,-240,-483,1,12212
83,-64,5,-12050,-266,-523,1,11384
51,-70,-36,-11693,-171,-560,1,-12160
26,-72,-69,-11112,-99,-528,1,-10513
-6,-76,-88,-10406,-3,-504,0,10571
-91,-56,-76,-9627,168,-429,1,-9404
-115,-59,-62,-9005,204,-422,1,-8756
-146,-57,-34,-8532,263,-399,1,-8530
-137,-62,6,-8294,266,-397,1,8275
-152,-58,49,-8246,267,-377,1,8410
-149,-51,88,-8408,220,-370,1,8583
-116,-45,112,-8818,165,-377,1,9088
-90,-40,112,-9357,134,-391,1,9601
-57,-41,98,-10004,83,-423,1,9879
-1,-44,86,-10629,-38,-465,0,-10255
32,-58,63,-11113,-120,-525,1,10550
59,-67,23,-11367,-189,-549,1,11923
67,-80,-20,-11301,-190,-563,1,-11960
61,-78,-45,-10896,-154,-542,1,-10325
17,-72,-62,-10253,-51,-545,0,-10872
-29,-55,-71,-9499,52,-489,1,-9386
-81,-48,-91,-8703,163,-419,1,-8410
-178,-33,-77,-7942,258,-357,1,-8126
-150,-49,-38,-7621,255,-382,1,-7366
-141,-53,18,-7535,275,-383,1,7594
-165,-46,56,-7602,266,-363,1,7523
-162,-38,77,-7883,241,-358,1,8084
-143,-28,93,-8419,208,-355,1,8603
-95,-26,87,-9171,165,-379,1,8734
-66,-31,75,-10021,128,-411,1,9769
-6,-43,70,-10955,-32,-478,0,-11108
42,-57,60,-11735,-158,-509,1,11418
77,-63,38,-12209,-246,-511,1,12013
110,-74,-10,-12268,-271,-500,1,-12092
87,-67,-29,-11799,-208,-495,1,-12094
20,-59,-42,-10981,-79,-564,0,-10397
-8,-53,-61,-10161,-1,-519,0,9659
-65,-45,-70,-9300,127,-440,1,-9650
-100,-27,-58,-8443,230,-383,1,-8482
-184,-41,-65,-7761,275,-366,1,-7923
-171,-48,-29,-7387,274,-370,1,-7204
-153,-56,7,-7312,272,-383,1,7242
-151,-46,37,-7419,272,-368,1,7192
-155,-34,74,-7740,231,-350,1,8051
-117,-29,97,-8324,186,-361,1,8539
-91,-28,97,-9041,151,-378,1,8861
-46,-32,91,-9814,65,-413,1,10210
6,-40,86,-10577,-49,-452,0,10454
29,-56,62,-11183,-123,-528,1,10700
41,-65,33,-11504,-168,-579,1,11841
51,-74,-12,-11550,-177,-594,1,-12175
54,-81,-47,-11264,-159,-557,1,-10503
49,-71,-71,-10694,-125,-511,1,-10358
-21,-59,-83,-9903,30,-481,0,-10031
-63,-51,-84,-9076,105,-435,1,-8949
-110,-41,-70,-8324,218,-390,1,-8672
-151,-41,-50,-7747,266,-374,1,-7858
-155,-49,-15,-7433,287,-376,1,-7624
-170,-44,19,-7328,303,-363,1,7240
-175,-37,39,-7439,285,-351,1,7651
-149,-30,52,-7816,258,-362,1,7762
-115,-26,64,-8417,208,-355,1,8570
-83,-34,78,-9139,160,-395,1,8870
-55,-40,90,-9981,86,-416,1,10109
3,-50,99,-10858,-59,-453,0,11204
63,-54,91,-11612,-158,-460,1,11359
91,-70,43,-12081,-233,-515,1,11756
89,-71,7,-12064,-232,-515,1,11745
65,-62,-19,-11658,-196,-542,1,-12091
23,-59,-42,-11011,-94,-562,0,-10601
-13,-47,-50,-10245,21,-517,0,-10757
-63,-44,-70,-9357,135,-439,1,-9711
-107,-37,-65,-8522,216,-399,1,-8211
-141,-44,-54,-7880,247,-391,1,-7976
-141,-52,-37,-7466,257,-400,1,-7488
-156,-45,2,-7211,289,-380,1,7366
-169,-36,31,-7181,294,-365,1,7377
-172,-40,48,-7432,264,-358,1,7637
-133,-36,73,-7934,216,-368,1,8103
-105,-40,80,-8589,181,-400,1,8362
-66,-43,70,-9371,128,-436,1,9607
-18,-53,64,-10159,20,-503,0,9771
17,-61,61,-10870,-73,-528,0,10272
55,-69,42,-11446,-187,-547,1,11895
73,-71,15,-11688,-229,-547,1,12130
58,-74,-18,-11573,-195,-578,1,-12247
17,-69,-46,-11220,-98,-573,0,-10741
11,-61,-65,-10754,-93,-513,0,-10281
-45,-52,-66,-10011,96,-458,1,-9967
-124,-46,-53,-9241,232,-391,1,-9496
-122,-63,-31,-8720,234,-417,1,-8992
-125,-68,4,-8429,258,-418,1,8311
-138,-66,23,-8322,251,-406,1,8499
-141,-59,44,-8349,258,-392,1,8320
-164,-44,74,-8542,237,-374,1,8196
-123,-38,94,-8998,186,-383,1,8931
-94,-33,94,-9641,156,-389,1,9360
-67,-38,80,-10454,123,-426,1,10547
-18,-44,75,-11297,1,-468,0,11649
39,-46,77,-12001,-157,-483,1,12250
63,-60,45,-12396,-197,-512,1,12666
60,-65,13,-12422,-206,-548,1,12825
55,-75,-22,-12168,-176,-575,1,-11646
40,-64,-43,-11690,-131,-555,1,-12096
-5,-72,-67,-11023,-11,-540,0,10524
-32,-61,-60,-10254,57,-504,1,-10713
-83,-50,-62,-9431,177,-432,1,-9622
-137,-49,-64,-8710,240,-389,1,-9206
-161,-55,-43,-8267,269,-382,1,-8326
-138,-57,-2,-8090,265,-392,1,-8101
-145,-50,34,-8103,273,-378,1,8014
-159,-48,53,-8290,264,-372,1,8349
-142,-39,79,-8705,225,-367,1,9064
-120,-40,89,-9359,192,-383,1,9530
-73,-37,86,-10135,130,-405,1,9913
-33,-42,77,-10924,49,-447,1,11107
12,-49,71,-11643,-76,-487,0,11438
52,-55,58,-12197,-170,-495,1,11992
67,-58,32,-12443,-229,-525,1,12843
72,-68,-5,-12335,-232,-546,1,-13029
59,-65,-38,-11915,-179,-541,1,-11386
14,-68,-62,-11245,-62,-546,0,-10627
-20,-58,-68,-10452,34,-502,0,-10608
-94,-43,-67,-9523,188,-417,1,-9241
-137,-39,-56,-8792,243,-389,1,-9147
-155,-56,-47,-8345,255,-391,1,-8546
-149,-61,-16,-8136,261,-397,1,-8171
-136,-60,5,-8124,270,-387,1,8077
-167,-51,30,-8264,282,-366,1,8377
-155,-32,82,-8669,220,-346,1,8333
-118,-33,102,-9371,176,-372,1,9577
-72,-29,92,-10204,127,-396,1,9771
-22,-34,78,-11154,25,-441,0,10824
48,-49,64,-12014,-165,-485,1,12270
88,-61,44,-12582,-234,-486,1,12386
84,-67,6,-12669,-244,-526,1,13201
60,-68,-19,-12350,-199,-553,1,-12990
33,-58,-28,-11742,-134,-568,1,-12144
-17,-61,-59,-10968,21,-532,0,-10438
-57,-53,-89,-10221,96,-452,1,-9753
-109,-51,-96,-9497,175,-407,1,-9252
-140,-57,-79,-8888,217,-392,1,-8984
-151,-59,-31,-8541,250,-384,1,-8297
-139,-60,3,-8456,265,-394,1,8502
-150,-54,31,-8520,273,-373,1,8606
-153,-41,65,-8787,249,-355,1,9019
-122,-34,85,-9287,199,-373,1,9723
-94,-29,88,-9993,171,-381,1,9925
-60,-31,72,-10837,136,-408,1,11045
-33,-42,62,-11691,70,-463,1,11286
25,-50,71,-12490,-100,-478,1,12571
83,-64,73,-13100,-200,-473,1,12818
97,-71,44,-13333,-243,-506,1,13591
80,-69,9,-13143,-232,-536,1,12728
57,-66,-15,-12644,-189,-550,1,-13200
27,-50,-38,-11865,-123,-550,1,-11276
-31,-53,-72,-10965,50,-483,1,-11115
-88,-39,-78,-10008,161,-411,1,-9748
-134,-46,-81,-9166,217,-388,1,-8813
-169,-48,-59,-8556,256,-369,1,-8614
-153,-52,-15,-8295,272,-375,1,-8359
-150,-51,18,-8272,287,-374,1,8339
-159,-43,44,-8446,271,-359,1,8207
-141,-33,74,-8823,234,-354,1,8984
-123,-24,91,-9380,196,-356,1,9521
-80,-25,90,-10077,143,-379,1,9895
-50,-26,86,-10814,86,-402,1,11143
-3,-37,77,-11535,-22,-454,0,-11448
40,-54,66,-12129,-131,-500,1,11853
67,-66,37,-12490,-186,-545,1,12916
60,-79,-8,-12540,-169,-590,1,-12905
70,-75,-40,-12331,-169,-547,1,-12937
35,-70,-78,-11913,-82,-529,1,-11490
-6,-57,-96,-11284,-19,-479,0,11711
-35,-50,-94,-10550,52,-445,1,-10481
-100,-33,-79,-9725,187,-384,1,-9271
-115,-32,-75,-9024,221,-376,1,-8882
-171,-42,-59,-8462,260,-354,1,-8659
-164,-39,-4,-8212,295,-357,1,-8406
-174,-46,18,-8225,292,-363,1,8447
-165,-40,39,-8477,266,-358,1,8660
-112,-37,51,-8963,215,-378,1,8919
-83,-37,52,-9523,181,-404,1,9301
-66,-41,57,-10207,126,-428,1,9816
-24,-49,73,-10959,0,-471,0,11124
12,-53,79,-11698,-85,-488,0,11383
58,-58,55,-12308,-216,-525,1,13055
79,-57,8,-12653,-268,-535,1,12813
87,-72,-51,-12603,-217,-515,1,-13250
77,-48,-69,-11966,-180,-453,1,-12272
-21,-41,-80,-10950,44,-456,0,-11104
-72,-43,-90,-10058,114,-421,1,-9897
-94,-40,-79,-9277,164,-390,1,-9515
-141,-37,-46,-8616,261,-357,1,-8513
-167,-43,11,-8203,305,-361,1,8407
-175,-76,38,-8035,265,-393,1,7971
-174,-58,78,-8131,235,-369,1,7808
-140,-44,86,-8541,217,-371,1,8194
-127,-25,89,-9154,203,-355,1,8788
-78,-26,80,-9980,154,-388,1,10213
-43,-33,74,-10888,87,-422,1,11062
-7,-41,70,-11728,-19,-466,0,-11367
43,-53,63,-12485,-147,-492,1,12702
83,-67,39,-13015,-227,-504,1,13302
106,-79,6,-13142,-253,-517,1,12684
99,-67,-12,-12784,-253,-503,1,-12493
63,-50,-35,-12068,-197,-505,1,-11825
-16,-39,-70,-11245,29,-477,0,-10820
-60,-44,-96,-10426,102,-429,1,-10560
-109,-45,-96,-9617,179,-397,1,-9396
-131,-57,-84,-8980,202,-397,1,-8896
-128,-64,-52,-8565,218,-414,1,-8260
-144,-58,-2,-8321,269,-398,1,-8373
-160,-50,35,-8268,276,-367,1,8383
-157,-46,59,-8476,247,-378,1,8220
-139,-37,82,-8962,208,-373,1,8794
-82,-36,91,-9699,138,-392,1,9413
-49,-43,84,-10511,86,-433,1,10405
8,-49,85,-11338,-59,-464,0,11731
67,-56,77,-12019,-186,-475,1,12203
82,-69,42,-12320,-227,-518,1,12999
60,-69,15,-12146,-193,-551,1,11747
34,-67,-5,-11698,-135,-622,1,-12094
23,-61,-26,-11117,-102,-607,0,-10600
-21,-42,-57,-10403,47,-498,0,-10620
-78,-36,-94,-9614,132,-414,1,-9381
-140,-48,-105,-8893,210,-389,1,-8998
-142,-65,-73,-8422,204,-410,1,-8503
-121,-73,-27,-8197,221,-435,1,-8515
-158,-59,14,-8154,261,-381,1,7946
-138,-55,59,-8389,221,-393,1,8470
-143,-37,100,-8804,201,-356,1,8964
-116,-31,105,-9468,172,-369,1,9504
-79,-28,97,-10307,129,-388,1,10615
-28,-32,86,-11221,33,-428,1,10767
43,-42,71,-12155,-156,-467,1,11893
98,-46,43,-12817,-281,-462,1,12962
109,-64,-16,-12953,-280,-486,1,-12853
75,-64,-45,-12555,-212,-510,1,-12416
40,-74,-65,-11908,-135,-526,1,-11307
21,-65,-55,-11109,-86,-530,0,-10562
-38,-53,-54,-10180,111,-482,1,-9835
-110,-35,-41,-9180,264,-387,1,-9014
-156,-42,-30,-8406,287,-372,1,-8214
-185,-47,0,-7943,287,-368,1,8163
-161,-56,55,-7844,236,-371,1,8094
-156,-52,91,-8004,211,-381,1,7708
-136,-45,94,-8391,199,-387,1,8565
-114,-38,82,-8984,192,-394,1,8795
-78,-37,74,-9738,157,-415,1,10026
-47,-42,70,-10538,90,-451,1,10483
2,-43,70,-11323,-41,-476,0,11685
44,-51,54,-12003,-164,-511,1,12180
66,-59,20,-12424,-230,-535,1,12827
74,-70,-19,-12470,-216,-526,1,-12914
64,-71,-39,-12137,-179,-525,1,-11766
34,-72,-49,-11533,-119,-550,1,-12042
-2,-65,-45,-10732,-29,-559,0,11190
-54,-57,-44,-9871,129,-487,1,-10189
-111,-39,-26,-8940,273,-382,1,-8918
-154,-36,-15,-8279,289,-374,1,-8374
-147,-42,11,-7889,282,-370,1,7688
-151,-45,35,-7762,274,-373,1,7853
-159,-39,57,-7828,265,-361,1,7792
-167,-34,78,-8150,250,-356,1,7814
-139,-33,87,-8729,218,-367,1,9042
-112,-33,84,-9552,196,-384,1,9452
-65,-34,78,-10461,129,-412,1,10730
-32,-38,78,-11424,54,-438,1,11627
25,-41,79,-12344,-104,-455,1,12779
80,-49,72,-13132,-213,-462,1,12921
102,-58,43,-13552,-263,-484,1,13437
89,-61,14,-13454,-251,-512,1,13792
66,-60,-11,-12957,-213,-548,1,-12316
24,-54,-42,-12165,-94,-554,0,-11767
-26,-49,-65,-11265,28,-491,1,-11677
-36,-46,-70,-10335,69,-458,1,-10651
-116,-17,-60,-9322,259,-353,1,-9298
-179,-24,-60,-8545,264,-353,1,-8598
-162,-30,-22,-8124,293,-356,1,-8024
-157,-27,29,-7999,290,-338,1,8149
-148,-28,51,-8105,278,-345,1,8030
-162,-28,67,-8422,253,-344,1,8629
-135,-35,86,-8997,211,-361,1,8814
-106,-35,96,-9715,170,-377,1,9224
-86,-39,89,-10529,145,-404,1,10251
-51,-41,83,-11420,86,-435,1,11573
-2,-42,81,-12316,-43,-463,0,-12677
66,-45,78,-13119,-195,-463,1,12817
131,-44,56,-13615,-271,-453,1,13687
98,-52,-6,-13557,-233,-503,1,-13758
37,-57,-58,-13212,-118,-537,1,-12754
31,-57,-86,-12685,-109,-495,1,-12416
-14,-48,-97,-11951,1,-456,0,-12073
-67,-41,-83,-11042,107,-420,1,-10963
-81,-45,-71,-10353,161,-414,1,-10614
-130,-49,-55,-9734,231,-384,1,-10010
-139,-46,-14,-9305,273,-370,1,-9362
-155,-45,35,-9080,277,-360,1,9107
-167,-39,66,-9112,255,-356,1,8906
-159,-45,68,-9431,253,-374,1,9643
-134,-40,71,-9968,222,-380,1,10156
-94,-45,74,-10680,178,-409,1,10405
-59,-46,82,-11462,100,-435,1,11605
-5,-54,90,-12272,-39,-471,0,-11895
39,-55,82,-12968,-154,-491,1,13204
64,-59,36,-13381,-242,-536,1,14079
68,-67,-11,-13413,-235,-552,1,-13991
52,-59,-32,-13002,-184,-541,1,-12401
15,-47,-53,-12297,-64,-523,0,-12843
-36,-46,-70,-11429,68,-472,1,-11648
-45,-42,-67,-10627,94,-451,1,-10331
-87,-31,-63,-9825,196,-396,1,-10075
-132,-30,-65,-9148,234,-364,1,-8936
-150,-34,-44,-8570,266,-350,1,-8627
-159,-31,-7,-8183,310,-335,1,-7948
-186,-30,20,-7951,311,-320,1,8117
-195,-8,68,-8000,264,-292,1,8086
-144,-6,93,-8448,204,-312,1,8656
-111,-14,84,-9147,195,-344,1,8730
-86,-19,72,-10020,175,-370,1,9969
-56,-26,69,-10961,119,-404,1,11100
-25,-32,74,-11873,31,-435,1,12163
15,-42,82,-12700,-72,-457,0,12386
64,-50,80,-13388,-179,-474,1,13570
87,-56,48,-13760,-228,-506,1,13558
83,-70,-7,-13758,-223,-547,1,-14163
69,-69,-34,-13362,-190,-540,1,-14005
27,-62,-47,-12678,-100,-552,1,-13259
-20,-53,-55,-11747,8,-515,0,-12284
-45,-30,-45,-10760,121,-433,1,-11217
-110,-6,-44,-9777,262,-328,1,-9778
-188,-2,-41,-8995,301,-323,1,-9181
-180,-28,7,-8615,300,-331,1,8556
-160,-30,54,-8561,283,-342,1,8585
-189,-37,60,-8736,278,-337,1,8958
-149,-34,79,-9207,221,-358,1,8887
-125,-32,82,-9927,201,-372,1,10062
-92,-30,77,-10810,163,-388,1,11025
-59,-27,79,-11765,106,-401,1,11362
2,-28,79,-12773,-62,-432,0,12322
73,-41,61,-13687,-234,-463,1,13326
107,-58,23,-14236,-320,-499,1,14096
111,-69,-19,-14193,-267,-500,1,-14260
87,-72,-51,-13752,-184,-496,1,-13519
35,-61,-57,-13014,-90,-521,1,-12449
-2,-60,-72,-12154,-7,-504,0,12023
-36,-43,-79,-11224,88,-433,1,-10876
-95,-22,-67,-10279,231,-363,1,-10658
-125,-21,-58,-9431,280,-339,1,-9423
-167,-18,-16,-8699,324,-323,1,-8520
-180,-10,60,-8250,270,-317,1,8334
-186,-22,77,-8116,258,-343,1,7941
-186,-24,62,-8281,271,-349,1,8344
-155,-25,53,-8761,254,-360,1,8981
-115,-30,58,-9483,217,-388,1,9222
-77,-35,59,-10376,154,-422,1,10734
-35,-42,51,-11320,66,-489,1,11686
10,-52,35,-12231,-92,-581,0,11713
66,-63,23,-13052,-235,-536,1,12398
105,-69,0,-13571,-260,-499,1,13789
103,-74,-30,-13668,-232,-516,1,-14264
82,-73,-50,-13332,-189,-512,1,-13689
51,-59,-46,-12575,-157,-513,1,-13222
4,-35,-41,-11551,-39,-498,0,-11462
-69,-5,-37,-10444,234,-349,1,-10523
-129,-4,-58,-9462,261,-335,1,-9224
-197,-14,-48,-8552,296,-320,1,-8598
-170,-27,2,-8025,296,-330,1,8075
-178,-26,46,-7772,281,-328,1,7808
-198,-30,63,-7857,266,-350,1,7683
-162,-25,77,-8326,232,-357,1,8702
-122,-31,72,-9121,203,-384,1,8760
-64,-32,68,-10115,119,-417,1,9778
-4,-31,66,-11179,-34,-456,0,-10770
47,-38,54,-12166,-189,-484,1,12005
89,-53,19,-12954,-262,-491,1,12811
104,-73,-19,-13355,-242,-520,1,-14062
101,-80,-47,-13273,-196,-513,1,-12573
77,-78,-70,-12762,-138,-505,1,-12527
28,-69,-78,-11868,-57,-499,1,-12168
-42,-27,-63,-10740,125,-408,1,-10264
-111,-10,-51,-9562,245,-340,1,-9386
-184,1,-22,-8540,318,-306,1,8692
-198,-17,22,-8002,291,-323,1,8160
-176,-25,68,-7944,252,-342,1,7774
-162,-32,65,-8268,253,-366,1,8487
-130,-35,51,-8894,242,-384,1,9123
-97,-27,54,-9725,208,-388,1,9440
-55,-25,55,-10727,128,-414,1,10465
9,-33,57,-11792,-77,-473,0,12169
64,-49,55,-12795,-216,-490,1,12416
108,-60,26,-13518,-273,-487,1,13429
117,-76,-25,-13867,-255,-522,1,-13561
105,-82,-62,-13787,-204,-511,1,-13546
79,-69,-78,-13230,-174,-479,1,-12956
25,-51,-85,-12215,-83,-453,1,-11869
-46,-24,-86,-10993,91,-360,1,-11169
-116,-10,-53,-9857,246,-332,1,-10097
-162,-16,-14,-9002,309,-337,1,-9197
-160,-33,24,-8605,280,-344,1,8567
-154,-37,59,-8533,252,-353,1,8269
-156,-39,72,-8721,239,-361,1,9057
-130,-36,79,-9182,207,-375,1,8842
-101,-38,76,-9897,179,-399,1,10139
-62,-38,76,-10741,112,-427,1,10361
-21,-45,76,-11653,21,-466,0,11318
40,-51,78,-12547,-143,-485,1,12351
98,-58,57,-13220,-245,-490,1,13023
105,-72,8,-13447,-252,-521,1,13904
95,-69,-27,-13200,-222,-514,1,-12626
53,-66,-56,-12575,-125,-536,1,-13110
-11,-50,-67,-11719,4,-498,0,-11337
-39,-50,-71,-10802,60,-466,1,-11151
-86,-36,-62,-9879,199,-398,1,-10133
-153,-37,-37,-9023,273,-370,1,-9158
-155,-49,4,-8483,261,-379,1,8688
-141,-48,33,-8252,260,-386,1,8255
-153,-48,26,-8232,283,-375,1,8420
-164,-40,31,-8447,280,-376,1,8201
-144,-39,49,-8949,251,-382,1,9193
-104,-36,71,-9717,182,-389,1,9414
-50,-33,91,-10614,62,-409,1,10394
14,-32,95,-11522,-69,-429,0,11429
51,-43,64,-12298,-172,-492,1,12563
75,-58,19,-12755,-240,-532,1,13132
95,-70,-19,-12785,-238,-522,1,-13088
88,-70,-51,-12397,-193,-511,1,-12671
33,-58,-69,-11648,-98,-511,1,-11456
-14,-27,-83,-10672,18,-422,0,-10336
-107,-13,-106,-9584,178,-354,1,-9393
-176,-17,-96,-8662,228,-344,1,-8326
-179,-42,-42,-8129,264,-365,1,-7958
-190,-38,4,-7924,305,-340,1,7694
-195,-40,22,-8126,288,-342,1,7992
-144,-27,51,-8675,247,-341,1,8420
-98,-17,76,-9518,173,-347,1,9444
-38,-21,79,-10526,58,-386,1,10459
15,-32,81,-11494,-83,-426,0,11613
60,-42,81,-12315,-170,-445,1,12616
85,-60,48,-12812,-238,-504,1,13132
90,-76,9,-12869,-237,-537,1,12459
83,-81,-24,-12521,-194,-540,1,-12838
52,-75,-41,-11852,-134,-542,1,-11399
-7,-59,-47,-10867,6,-551,0,-10307
-68,-51,-67,-9941,129,-455,1,-10148
-96,-47,-72,-9157,180,-407,1,-8916
-149,-36,-52,-8429,272,-360,1,-8221
-165,-41,-11,-8004,294,-355,1,-8067
-171,-36,45,-7878,279,-345,1,7725
-179,-29,75,-8045,256,-343,1,8156
-152,-24,82,-8518,222,-350,1,8215
-107,-22,76,-9237,185,-368,1,9714
-68,-29,64,-10114,145,-412,1,9879
-17,-43,55,-11017,26,-492,0,10998
52,-53,70,-11899,-167,-474,1,12096
98,-60,68,-12527,-228,-475,1,12745
99,-69,21,-12687,-243,-519,1,13131
89,-72,-17,-12458,-213,-529,1,-12897
63,-65,-37,-11902,-161,-542,1,-11417
15,-56,-55,-11068,-61,-534,0,-10527
-35,-39,-76,-9969,48,-449,1,-10061
-103,-12,-75,-8963,196,-351,1,-8893
-172,-17,-74,-8166,246,-325,1,-7847
-170,-22,-7,-7552,309,-313,1,-7628
-178,-19,50,-7243,275,-329,1,7299
-167,-14,88,-7201,222,-320,1,7473
-173,-5,111,-7547,213,-333,1,7207
-129,-5,95,-8261,195,-348,1,8452
-85,-12,70,-9185,180,-371,1,8764
-48,-18,62,-10165,116,-405,1,9815
9,-30,60,-11065,-64,-463,0,10979
66,-54,55,-11843,-197,-502,1,12080
101,-71,25,-12333,-246,-533,1,13044
106,-87,-23,-12365,-220,-533,1,-12971
79,-80,-44,-11984,-178,-525,1,-11355
30,-57,-55,-11300,-105,-525,1,-11861
-20,-42,-83,-10452,34,-449,0,-10588
-87,-8,-93,-9439,185,-339,1,-9532
-167,-13,-91,-8454,254,-328,1,-8272
-158,-26,-31,-7696,291,-314,1,-7821
-192,-19,11,-7208,336,-321,1,7314
-209,-26,30,-7043,306,-343,1,6962
-183,-19,55,-7317,277,-342,1,7236
-138,-21,55,-7980,254,-354,1,7709
-92,-25,52,-8857,206,-384,1,9053
-38,-33,59,-9794,84,-442,1,10129
20,-46,71,-10701,-106,-479,0,10247
62,-52,66,-11344,-193,-490,1,11562
71,-62,17,-11638,-229,-547,1,12251
63,-73,-24,-11627,-204,-563,1,-12273
46,-65,-41,-11220,-182,-553,1,-10508
12,-59,-55,-10474,-66,-537,0,-10931
-61,-35,-60,-9469,141,-433,1,-9704
-120,-17,-70,-8450,235,-361,1,-8356
-183,-18,-79,-7656,258,-336,1,-7489
-174,-25,-42,-7200,281,-329,1,-7378
-192,-21,2,-7019,329,-316,1,7090
-201,-16,45,-7289,279,-319,1,7352
-145,-31,76,-7956,232,-352,1,7781
-128,-26,91,-8847,197,-355,1,8983
-70,-31,81,-9896,133,-401,1,10171
-19,-35,69,-10935,28,-448,0,11106
40,-39,65,-11880,-158,-465,1,12134
85,-43,51,-12578,-268,-465,1,12725
119,-56,-1,-12834,-317,-480,1,-12930
99,-56,-51,-12520,-239,-475,1,-12727
22,-55,-79,-11750,-79,-488,0,-11297
-40,-46,-89,-10800,55,-435,1,-11260
-121,-36,-80,-9897,201,-374,1,-9988
-165,-44,-44,-9263,248,-355,1,-9492
-157,-53,33,-9019,260,-363,1,9182
-146,-57,81,-9060,216,-379,1,8762
-148,-59,99,-9363,206,-384,1,9706
-118,-46,108,-9929,170,-390,1,10192
-79,-45,91,-10716,143,-419,1,10444
-42,-44,75,-11580,83,-453,1,11494
17,-48,75,-12420,-73,-475,0,12646
78,-53,80,-13123,-196,-464,1,12903
99,-59,57,-13437,-238,-483,1,13584
81,-58,25,-13319,-233,-518,1,13977
53,-56,-16,-12871,-192,-572,1,-12493
16,-48,-66,-12211,-76,-512,0,-11899
-19,-49,-117,-11409,19,-441,0,-11632
-85,-45,-123,-10521,132,-400,1,-10259
-103,-47,-93,-9775,170,-391,1,-10006
-136,-46,-46,-9152,257,-373,1,-9039
-162,-47,0,-8735,295,-364,1,8926
-185,-49,31,-8569,290,-357,1,8618
-190,-38,65,-8731,271,-347,1,8853
-169,-39,60,-9270,266,-375,1,9464
-127,-35,44,-10118,252,-387,1,9864
-68,-29,49,-11162,180,-407,1,10966
13,-30,63,-12277,-94,-433,0,11828
100,-44,80,-13212,-248,-426,1,13017
124,-58,52,-13681,-301,-470,1,13819
109,-62,13,-13615,-278,-493,1,13705
81,-56,-17,-13136,-242,-510,1,-12855
35,-45,-38,-12323,-162,-526,1,-12968
-6,-27,-64,-11328,-6,-442,0,11681
-50,-11,-100,-10190,110,-366,1,-9878
-142,13,-132,-9039,222,-321,1,8912
-205,-41,-148,-8239,175,-349,1,-8618
-164,-37,-48,-7896,274,-356,1,-7694
-207,-43,6,-7925,300,-359,1,7775
-179,-44,36,-8335,281,-353,1,8265
-138,-34,48,-8994,250,-357,1,8740
-92,-29,49,-9833,208,-375,1,10171
-52,-29,58,-10726,122,-410,1,10256
7,-34,77,-11663,-81,-430,0,11290
91,-43,80,-12446,-250,-438,1,12787
128,-57,34,-12808,-304,-471,1,12903
87,-67,-20,-12663,-249,-524,1,-13185
67,-70,-61,-12225,-196,-515,1,-11577
51,-57,-72,-11459,-157,-472,1,-11719
-46,-24,-72,-10319,97,-393,1,-10714
-93,-3,-64,-9132,196,-309,1,-8762
-199,-6,-36,-8218,311,-319,1,-8436
-175,-27,48,-7759,275,-323,1,7832
-177,-41,90,-7659,251,-350,1,7309
-179,-41,91,-7843,244,-362,1,8189
-148,-37,84,-8359,228,-375,1,8660
-118,-31,66,-9117,224,-390,1,8915
-89,-31,56,-10052,197,-406,1,9838
-42,-34,55,-11037,104,-448,1,10999
32,-48,59,-12041,-140,-497,1,11844
104,-54,54,-12813,-280,-468,1,12960
123,-68,-4,-13027,-312,-491,1,-12808
109,-63,-50,-12636,-259,-476,1,-12772
47,-49,-73,-11815,-130,-465,1,-12068
-38,-23,-77,-10656,83,-392,1,-10296
-111,-17,-80,-9685,206,-354,1,-9290
-154,-18,-46,-8909,282,-343,1,-8743
-159,-46,-12,-8440,288,-362,1,-8198
-169,-40,46,-8223,280,-343,1,8434
-176,-42,75,-8240,261,-354,1,8325
-181,-42,86,-8529,245,-349,1,8241
-134,-37,92,-9124,204,-374,1,8932
-103,-34,86,-9916,176,-393,1,10129
-68,-34,80,-10828,121,-419,1,11169
-6,-38,70,-11806,-17,-466,0,-12217
53,-36,61,-12676,-202,-464,1,12461
95,-48,19,-13153,-279,-472,1,13249
90,-54,-22,-13129,-252,-496,1,-12838
60,-66,-53,-12699,-175,-520,1,-13178
39,-66,-67,-11929,-140,-505,1,-12237
-48,-53,-77,-10924,65,-445,1,-11011
-111,-36,-67,-9955,191,-365,1,-10046
-172,-29,-30,-9259,301,-329,1,-9447
-151,-27,41,-8909,275,-328,1,8766
-148,-29,92,-8851,210,-320,1,9135
-141,-17,126,-9032,177,-329,1,8799
-137,-11,137,-9450,170,-340,1,9496
-124,-16,118,-10086,180,-367,1,9918
-84,-22,92,-10936,153,-396,1,11196
-33,-26,76,-11851,65,-424,1,12250
46,-31,70,-12723,-159,-452,1,12442
84,-45,40,-13308,-263,-500,1,13149
90,-53,10,-13390,-265,-506,1,13531
67,-59,-25,-13111,-198,-540,1,-12683
25,-60,-54,-12558,-103,-551,1,-13146
-30,-56,-88,-11782,18,-477,1,-12214
-104,-42,-100,-10902,138,-394,1,-11193
-157,-43,-92,-10143,215,-358,1,-9923
-160,-46,-40,-9651,261,-330,1,-9577
-160,-30,37,-9459,295,-327,1,9271
-187,-33,87,-9584,251,-334,1,9239
-157,-31,118,-10051,202,-348,1,9764
-124,-28,109,-10777,183,-367,1,11215
-81,-31,84,-11647,154,-397,1,11377
-35,-32,82,-12529,53,-422,1,12556
34,-35,89,-13344,-115,-433,1,13703
80,-43,68,-13881,-222,-466,1,14089
87,-51,22,-13982,-256,-490,1,14331
78,-58,-23,-13650,-224,-524,1,-14312
28,-46,-48,-12913,-112,-514,1,-12292
-39,-24,-77,-11929,64,-416,1,-12090
-109,-24,-108,-10937,154,-365,1,-11102
-156,-24,-99,-10050,232,-338,1,-9750
-156,-44,-54,-9525,251,-358,1,-9261
-191,-43,20,-9301,298,-359,1,9371
-208,-38,72,-9467,271,-342,1,9217
-185,-32,86,-9991,246,-350,1,9823
-135,-23,83,-10817,217,-359,1,11071
-83,-24,73,-11829,169,-381,1,12270
-23,-27,77,-12831,22,-415,0,13269
58,-33,90,-13725,-164,-419,1,13534
99,-44,64,-14208,-258,-457,1,14269
90,-47,16,-14141,-273,-495,1,14245
66,-45,-26,-13605,-220,-500,1,-13433
-14,-29,-59,-12741,25,-477,0,-12329
-73,-25,-95,-11870,84,-405,1,-12177
-98,-29,-105,-11107,144,-379,1,-10911
-150,-45,-95,-10436,215,-379,1,-10635
-150,-58,-53,-9954,236,-391,1,-10001
-160,-48,1,-9703,293,-376,1,9478
-205,-44,28,-9753,299,-361,1,9891
-182,-34,61,-10171,269,-345,1,10053
-153,-27,72,-10922,251,-341,1,11215
-98,-23,68,-11879,198,-368,1,12287
-45,-25,66,-12936,98,-403,1,13058
47,-28,82,-13924,-161,-410,1,14143
121,-33,74,-14589,-276,-421,1,14427
119,-45,27,-14603,-295,-449,1,14767
87,-40,-15,-14060,-274,-464,1,-13897
12,-28,-66,-13060,-71,-473,0,-13002
-86,-15,-114,-11892,121,-374,1,-12119
-120,-20,-111,-10958,168,-361,1,-11013
-155,-42,-76,-10220,232,-367,1,-9879
-160,-42,-20,-9687,284,-356,1,-9488
-188,-35,23,-9383,299,-343,1,9302
-200,-32,41,-9357,285,-339,1,9265
-176,-23,62,-9705,259,-338,1,9534
-126,-21,63,-10380,231,-357,1,10589
-95,-24,55,-11228,211,-380,1,10766
-53,-20,63,-12157,121,-396,1,11925
11,-25,69,-13139,-85,-439,0,13028
69,-28,59,-13969,-232,-447,1,14255
98,-42,12,-14377,-298,-481,1,14501
93,-52,-32,-14143,-246,-487,1,-13920
35,-49,-77,-13431,-98,-482,1,-13739
-28,-54,-107,-12489,27,-460,1,-12640
-75,-35,-106,-11609,129,-399,1,-11350
-135,-36,-101,-10863,208,-378,1,-11014
-164,-51,-64,-10264,243,-370,1,-10553
-180,-57,2,-9898,289,-357,1,9830
-222,-67,30,-9871,291,-376,1,9816
-211,-52,37,-10296,283,-371,1,10393
-143,-39,33,-11149,264,-382,1,11123
-88,-26,35,-12194,231,-386,1,11945
-36,-22,39,-13246,124,-424,1,12916
34,-28,44,-14264,-189,-447,1,13987
104,-41,35,-15003,-323,-445,1,14852
126,-49,6,-15220,-303,-457,1,15326
103,-55,-33,-14963,-246,-484,1,-15127
57,-64,-52,-14332,-167,-520,1,-13677
30,-32,-52,-13469,-131,-465,1,-13824
-107,-33,-93,-12571,146,-396,1,-12311
-120,-41,-89,-11846,174,-385,1,-12144
-173,-67,-64,-11293,251,-382,1,-11593
-166,-78,-5,-11039,257,-401,1,-11105
-181,-68,42,-11092,271,-389,1,11014
-176,-64,61,-11496,247,-392,1,11577
-126,-50,66,-12230,214,-402,1,11919
-72,-44,53,-13149,165,-433,1,12819
-18,-39,49,-14065,27,-481,0,14095
58,-42,54,-14907,-202,-454,1,15120
113,-49,41,-15429,-293,-451,1,15561
116,-51,3,-15431,-296,-467,1,15605
87,-49,-25,-14958,-243,-487,1,-15110
26,-44,-50,-14159,-102,-512,1,-14040
-24,-45,-70,-13258,27,-488,0,-12874
-62,-37,-76,-12425,120,-436,1,-12563
-127,-43,-99,-11587,192,-400,1,-11321
-178,-55,-107,-10953,217,-388,1,-11133
-164,-69,-56,-10629,236,-403,1,-10282
-164,-68,-9,-10569,270,-390,1,-10537
-183,-58,22,-10745,281,-371,1,10505
-158,-45,49,-11269,249,-380,1,11525
-92,-42,58,-12079,189,-411,1,11842
-62,-41,59,-13016,131,-430,1,13268
2,-40,58,-13943,-56,-476,0,14215
63,-46,47,-14761,-224,-474,1,14480
106,-50,18,-15197,-292,-455,1,15347
108,-53,-18,-15107,-280,-469,1,-15244
63,-44,-45,-14575,-198,-483,1,-14835
3,-46,-80,-13795,-31,-472,0,-13385
-55,-47,-94,-12899,93,-432,1,-13271
-96,-45,-73,-12020,203,-406,1,-12182
-156,-56,-54,-11279,249,-394,1,-11749
-157,-71,-26,-10846,253,-405,1,-11253
-199,-79,7,-10711,272,-392,1,10701
-190,-74,44,-10940,252,-387,1,11038
-131,-58,72,-11561,189,-389,1,11489
-62,-50,76,-12367,115,-438,1,12747
-22,-43,79,-13189,15,-450,0,12856
39,-46,73,-13881,-146,-471,1,14143
66,-48,48,-14313,-223,-490,1,13953
67,-53,1,-14378,-244,-528,1,15008
57,-51,-40,-14083,-190,-503,1,-13927
6,-51,-76,-13484,-43,-494,0,-13586
-34,-51,-90,-12752,40,-452,1,-12398
-71,-49,-79,-12054,139,-431,1,-11788
-123,-65,-64,-11384,211,-416,1,-11582
-158,-81,-12,-10896,253,-412,1,-11053
-188,-88,51,-10720,230,-404,1,10358
-152,-83,85,-10905,187,-426,1,11033
-133,-68,84,-11363,186,-420,1,11755
-92,-51,87,-12050,154,-422,1,11795
-54,-42,90,-12840,93,-433,1,13199
-1,-33,85,-13631,-21,-445,0,-13538
23,-37,54,-14275,-103,-502,0,13910
48,-41,15,-14680,-219,-531,1,15243
41,-53,-40,-14788,-176,-541,1,-15178
76,-63,-70,-14572,-211,-486,1,-14825
45,-67,-82,-14000,-128,-494,1,-14081
-4,-60,-80,-13183,-15,-481,0,13029
-88,-42,-75,-12240,184,-398,1,-11982
-165,-33,-67,-11407,268,-361,1,-11312
-169,-50,-45,-10820,272,-364,1,-10895
-161,-57,0,-10606,297,-374,1,10666
-183,-59,37,-10617,280,-366,1,10663
-175,-51,71,-10948,246,-362,1,11140
-135,-43,81,-11561,206,-376,1,11375
-86,-36,73,-12361,167,-399,1,12637
-55,-42,63,-13230,112,-440,1,12873
2,-37,77,-14097,-46,-444,0,14063
57,-37,76,-14819,-176,-441,1,14503
76,-40,40,-15203,-256,-480,1,14850
63,-35,2,-15154,-270,-501,1,15316
37,-46,-42,-14786,-150,-523,1,-15229
1,-59,-82,-14207,-40,-499,0,-14020
-24,-69,-104,-13522,-1,-477,0,13627
-74,-75,-104,-12812,93,-445,1,-13198
-108,-65,-71,-12180,174,-425,1,-12028
-136,-69,-25,-11741,239,-418,1,-11339
-164,-64,38,-11534,268,-357,1,11740
-153,-69,95,-11651,206,-388,1,11343
-147,-66,112,-12007,192,-395,1,12044
-117,-55,104,-12590,166,-407,1,12340
-86,-50,78,-13320,155,-433,1,13573
-58,-46,62,-14126,117,-457,1,14009
-4,-39,60,-14934,-20,-478,0,-15233
55,-37,52,-15654,-217,-473,1,15361
91,-43,22,-16049,-280,-458,1,15882
92,-46,-6,-15993,-287,-476,1,-16075
63,-45,-35,-15560,-208,-501,1,-15823
1,-57,-71,-14942,-37,-519,0,-14339
-33,-59,-94,-14263,40,-469,1,-13839
-100,-68,-107,-13559,154,-435,1,-13720
-134,-86,-88,-13036,190,-429,1,-13182
-122,-95,-37,-12774,204,-449,1,-12522
-120,-96,23,-12705,206,-454,1,12439
-129,-91,59,-12814,206,-435,1,13203
-118,-81,88,-13109,169,-436,1,12880
-99,-68,106,-13607,139,-424,1,13378
-65,-62,96,-14237,96,-451,1,13856
-33,-53,83,-14942,36,-475,1,15335
10,-43,61,-15597,-73,-500,0,15688
50,-47,24,-16064,-212,-529,1,15483
74,-49,-13,-16226,-249,-495,1,-15875
72,-55,-43,-16054,-215,-500,1,-16328
63,-59,-57,-15652,-176,-494,1,-15456
42,-61,-67,-15009,-124,-503,1,-15227
-23,-51,-70,-14183,36,-483,0,-14020
-78,-48,-66,-13328,147,-433,1,-13581
-139,-53,-71,-12582,227,-396,1,-12471
-181,-68,-57,-12057,252,-390,1,-11950
-163,-77,-13,-11883,256,-401,1,-11804
-182,-70,32,-11972,268,-383,1,11874
-143,-67,63,-12383,216,-411,1,12780
-109,-60,68,-13042,196,-402,1,13236
-74,-49,64,-13785,152,-423,1,13532
-28,-43,74,-14603,44,-436,1,14573
45,-33,90,-15433,-148,-412,1,15636
87,-38,70,-16048,-235,-443,1,16328
90,-40,24,-16306,-294,-477,1,16174
85,-51,-24,-16161,-256,-501,1,-15961
58,-51,-48,-15575,-180,-501,1,-15798
7,-45,-66,-14677,-39,-486,0,-14592
-42,-37,-81,-13675,84,-426,1,-13514
-108,-25,-79,-12703,215,-370,1,-12295
-156,-40,-72,-11999,244,-374,1,-12200
-156,-74,-30,-11632,253,-409,1,-11463
-181,-89,20,-11457,264,-412,1,11432
-200,-101,37,-11576,248,-406,1,11487
-168,-86,54,-12052,217,-412,1,11926
-113,-58,69,-12823,184,-412,1,13114
-65,-48,62,-13734,135,-438,1,13509
-23,-36,62,-14678,33,-447,0,14531
37,-31,68,-15541,-162,-431,1,15815
89,-31,54,-16153,-262,-423,1,16329
95,-40,12,-16316,-314,-471,1,16163
82,-35,-16,-16009,-285,-462,1,-15910
48,-30,-45,-15373,-190,-468,1,-15713
0,-33,-75,-14562,-32,-458,0,-14688
-49,-33,-92,-13669,90,-416,1,-13546
-130,-48,-104,-12758,191,-397,1,-12333
-153,-72,-81,-12064,215,-404,1,-11992
-158,-91,-28,-11660,249,-411,1,-11320
-190,-107,18,-11545,243,-422,1,11400
-183,-93,51,-11804,228,-410,1,12220
-136,-73,61,-12426,205,-418,1,12564
-87,-53,54,-13241,178,-435,1,13039
-35,-44,53,-14152,82,-462,1,14055
10,-37,63,-14979,-62,-448,0,15123
56,-30,66,-15667,-192,-422,1,15436
89,-36,38,-16077,-284,-445,1,15924
100,-45,5,-16074,-304,-465,1,15992
87,-45,-20,-15638,-263,-477,1,-15781
34,-44,-45,-14896,-131,-510,1,-15223
-23,-34,-60,-14003,43,-468,0,-14149
-73,-38,-82,-13135,139,-422,1,-12896
-133,-45,-82,-12255,221,-387,1,-11900
-144,-75,-75,-11576,221,-415,1,-11513
-192,-97,-26,-11110,250,-422,1,-11008
-196,-109,27,-11019,229,-433,1,10984
-178,-89,52,-11317,226,-411,1,11666
-141,-57,53,-11960,226,-400,1,12120
-91,-37,44,-12854,213,-405,1,13093
-45,-31,46,-13879,113,-427,1,14322
35,-26,65,-14835,-154,-413,1,14479
83,-34,64,-15555,-245,-427,1,15789
88,-44,33,-15825,-269,-458,1,15684
80,-46,-4,-15679,-272,-492,1,-15784
58,-47,-39,-15183,-192,-503,1,-14903
12,-44,-66,-14460,-56,-489,0,-14785
-39,-52,-91,-13629,51,-461,1,-13456
-95,-52,-99,-12848,161,-414,1,-13088
-139,-72,-92,-12184,198,-408,1,-11860
-126,-81,-42,-11766,216,-439,1,-11421
-164,-92,16,-11538,248,-415,1,11420
-177,-86,65,-11614,228,-401,1,11406
-144,-72,92,-12052,189,-406,1,11948
-102,-55,82,-12754,169,-420,1,12505
-58,-49,56,-13573,127,-463,1,13447
1,-46,51,-14403,-38,-508,0,14721
62,-47,54,-15132,-220,-472,1,14898
94,-56,33,-15516,-281,-483,1,15402
86,-55,-1,-15460,-263,-506,1,-15616
43,-53,-43,-15069,-160,-522,1,-14461
25,-36,-62,-14420,-130,-471,1,-14593
-19,-38,-80,-13620,24,-441,0,-13546
-86,-31,-83,-12712,177,-383,1,-12403
-148,-47,-78,-11897,238,-379,1,-12064
-148,-73,-44,-11347,237,-400,1,-11716
-166,-72,26,-11071,253,-389,1,10940
-159,-86,61,-11113,223,-413,1,10974
-157,-82,84,-11438,206,-410,1,11616
-117,-70,102,-12038,159,-418,1,11887
-73,-55,98,-12794,112,-434,1,12327
-29,-47,80,-13623,36,-463,1,13501
4,-43,61,-14370,-59,-498,0,14843
44,-41,41,-14932,-199,-504,1,15180
70,-43,15,-15176,-248,-500,1,14883
47,-45,-22,-15075,-196,-550,1,-14354
50,-39,-54,-14717,-183,-483,1,-14347
14,-48,-94,-14132,-61,-469,0,-13990
-30,-47,-105,-13400,41,-436,1,-13718
-79,-49,-108,-12580,136,-408,1,-12331
-133,-57,-88,-11792,204,-400,1,-12197
-156,-73,-33,-11221,248,-397,1,-10833
-164,-82,23,-10948,250,-405,1,11083
-163,-82,58,-10965,229,-408,1,11116
-153,-74,71,-11243,216,-411,1,10813
-125,-65,66,-11746,199,-429,1,11511
-91,-57,55,-12424,177,-448,1,12767
-59,-54,47,-13205,130,-480,1,13034
-14,-52,45,-14003,5,-535,0,13488
43,-47,49,-14762,-187,-501,1,14544
88,-49,27,-15213,-276,-477,1,15315
95,-46,-6,-15216,-290,-474,1,-15332
72,-38,-39,-14771,-239,-468,1,-14536
22,-20,-67,-13998,-94,-427,0,-14112
-51,-10,-85,-12936,115,-376,1,-13296
-118,-21,-92,-12076,190,-374,1,-11994
-140,-54,-89,-11402,221,-393,1,-11578
-164,-79,-58,-10918,237,-405,1,-11020
-179,-96,-16,-10708,243,-416,1,-10335
-185,-94,26,-10802,240,-407,1,11179
-168,-81,58,-11232,218,-404,1,10840
-107,-60,74,-11941,174,-417,1,12210
-72,-45,68,-12795,134,-430,1,12541
-6,-41,62,-13744,-20,-474,0,-13429
50,-35,55,-14578,-189,-458,1,14752
80,-42,21,-15065,-274,-475,1,14972
74,-43,-3,-15089,-273,-485,1,-14950
66,-39,-29,-14733,-243,-481,1,-14566
21,-41,-62,-14076,-88,-481,0,-14159
-11,-39,-77,-13249,-1,-449,0,12898
-73,-28,-82,-12324,162,-389,1,-12549
-141,-47,-80,-11461,218,-386,1,-11634
-165,-63,-31,-10872,261,-393,1,-10878
-177,-84,12,-10589,257,-413,1,10541
-183,-90,35,-10605,247,-417,1,10484
-176,-79,50,-10924,237,-419,1,11060
-142,-66,51,-11546,227,-424,1,11425
-102,-53,40,-12399,216,-426,1,12645
-54,-45,39,-13350,148,-465,1,13660
-5,-42,46,-14307,-8,-504,0,-13844
63,-39,58,-15180,-202,-442,1,14875
102,-47,44,-15767,-278,-450,1,15653
105,-47,16,-15875,-297,-462,1,16051
81,-41,-16,-15520,-269,-477,1,-15419
34,-37,-42,-14860,-154,-506,1,-15176
9,-35,-68,-14113,-63,-467,0,-13991
-64,-33,-85,-13246,120,-412,1,-12823
-123,-41,-91,-12387,198,-390,1,-12587
-143,-69,-78,-11698,218,-410,1,-11383
-160,-90,-45,-11254,231,-435,1,-10826
-169,-107,6,-11085,230,-446,1,10960
-174,-93,47,-11202,241,-407,1,10875
-148,-75,56,-11607,225,-418,1,11508
-116,-59,49,-12223,218,-423,1,11961
-85,-50,43,-12980,191,-438,1,13300
-40,-43,50,-13801,97,-470,1,13408
3,-39,54,-14609,-43,-486,0,14542
52,-34,51,-15295,-210,-454,1,14991
87,-34,25,-15662,-290,-443,1,15834
86,-28,-14,-15587,-304,-438,1,-15420
60,-27,-46,-15152,-221,-456,1,-14909
30,-29,-74,-14492,-119,-452,1,-14695
-24,-30,-91,-13671,21,-431,0,-13456
-73,-31,-98,-12768,117,-400,1,-12306
-118,-36,-99,-11840,179,-383,1,-12230
-148,-51,-94,-11037,206,-373,1,-10842
-179,-70,-65,-10468,241,-386,1,-10536
-188,-83,-24,-10180,259,-398,1,-10161
-195,-86,-11,-10186,262,-397,1,-10206
-162,-59,16,-10492,270,-378,1,10244
-137,-41,30,-11050,269,-374,1,11244
-105,-29,34,-11788,257,-372,1,11820
-76,-24,46,-12666,200,-379,1,12474
-36,-22,59,-13580,84,-402,1,13504
20,-25,64,-14419,-111,-425,0,14810
77,-31,56,-15040,-238,-425,1,15250
96,-35,27,-15211,-296,-449,1,15319
76,-36,-6,-14858,-280,-479,1,-15018
26,-34,-46,-14163,-133,-508,1,-13881
-26,-35,-84,-13335,20,-453,1,-13742
-79,-32,-96,-12475,129,-404,1,-12710
-140,-38,-96,-11618,194,-383,1,-11312
-143,-63,-85,-11025,199,-409,1,-10921
-160,-76,-52,-10643,231,-401,1,-10242
-183,-83,-3,-10495,256,-394,1,-10387
-190,-72,41,-10635,261,-365,1,10547
-161,-56,61,-11120,227,-381,1,10841
-100,-37,60,-11927,180,-395,1,12240
-51,-41,53,-12844,121,-453,1,13242
-18,-38,61,-13743,17,-462,0,13433
