-11,99,5,290,14,-5,0,326
-11,99,5,317,14,-5,0,345
-11,99,4,342,14,-4,0,308
-11,98,4,364,15,-3,0,271
-25,103,3,385,44,-29,0,463
-79,122,5,285,124,-102,1,310
-113,153,18,-155,129,-122,1,-155
-137,166,24,-953,148,-144,1,-919
-186,185,18,-2070,162,-162,1,-2056
-184,206,7,-3276,144,-154,1,-3264
-182,197,-15,-4483,161,-146,1,4559
-119,191,-4,-5665,93,-96,1,5867
-55,159,25,-6896,16,-54,1,-6778
20,119,40,-8102,-115,-77,0,-8147
93,50,22,-9308,-297,-267,1,-9220
111,12,6,-10269,-371,-358,1,-10350
113,-16,-33,-10472,-316,-403,1,-10260
58,-18,-55,-10033,-190,-411,1,-9738
-14,-43,-87,-9335,2,-458,0,-9679
-33,-72,-103,-8603,26,-470,1,-8280
-87,-66,-91,-7835,159,-429,1,-8168
-142,-73,-73,-7238,210,-409,1,-7554
-145,-71,-36,-6890,266,-397,1,-6810
-181,-65,11,-6741,295,-366,1,6882
-172,-51,72,-6884,261,-344,1,6755
-163,-37,130,-7432,195,-328,1,7300
-84,-24,150,-8305,99,-362,1,8619
-34,-26,126,-9305,34,-391,1,9657
30,-23,90,-10205,-113,-414,1,9824
108,-34,28,-10919,-328,-437,1,10759
162,-45,-39,-11080,-319,-428,1,-11130
109,-50,-81,-10604,-198,-442,1,-10265
59,-57,-89,-9834,-153,-466,1,-10105
-26,-67,-112,-9057,8,-453,1,-8860
-52,-59,-73,-8313,83,-434,1,-8665
-144,-61,-29,-7604,258,-384,1,-7523
-164,-61,27,-7147,263,-370,1,6939
-159,-63,92,-7074,224,-373,1,6858
-161,-55,119,-7311,206,-374,1,7639
-122,-45,117,-7898,165,-376,1,7976
-62,-33,108,-8674,96,-394,1,8314
4,-35,91,-9520,-50,-429,0,9421
87,-46,70,-10244,-228,-441,1,10599
134,-54,37,-10585,-301,-448,1,10590
120,-56,-7,-10358,-291,-467,1,-10448
83,-55,-39,-9751,-214,-481,1,-10084
29,-50,-86,-8893,-63,-485,1,-8989
-53,-64,-126,-8030,55,-445,1,-7844
-49,-70,-114,-7333,70,-441,1,-7518
-140,-59,-65,-6516,260,-382,1,-6649
-182,-49,16,-5902,271,-344,1,6083
-148,-52,89,-5737,195,-364,1,5946
-146,-55,107,-5890,181,-377,1,5635
-130,-48,107,-6357,189,-376,1,6616
-88,-38,111,-7063,135,-391,1,6793
-40,-40,103,-7945,60,-421,1,7924
20,-38,88,-8807,-91,-445,0,9195
84,-44,57,-9542,-229,-451,1,9254
103,-50,3,-9954,-302,-485,1,9854
114,-64,-55,-9948,-248,-476,1,-10128
89,-63,-88,-9506,-169,-453,1,-9343
48,-64,-93,-8722,-97,-464,1,-9199
9,-54,-87,-7823,-26,-447,0,-8002
-78,-43,-81,-6848,175,-401,1,-7093
-148,-57,-52,-6012,259,-388,1,-5985
-167,-60,4,-5499,294,-384,1,5561
-176,-67,41,-5306,273,-388,1,5356
-156,-67,64,-5397,245,-381,1,5127
-149,-50,89,-5726,217,-371,1,5897
-105,-45,91,-6335,164,-388,1,6533
-75,-42,88,-7131,119,-408,1,6658
-3,-53,77,-8080,-44,-475,0,-7688
85,-46,77,-8864,-228,-435,1,9208
121,-47,35,-9274,-306,-447,1,9409
114,-48,-11,-9173,-315,-464,1,-9078
78,-55,-49,-8682,-210,-486,1,-8343
56,-56,-73,-7941,-138,-479,1,-7704
4,-60,-98,-7062,-31,-470,0,-6659
-52,-53,-97,-6040,98,-426,1,-5689
-151,-54,-81,-5152,222,-379,1,-5452
-158,-55,-30,-4546,269,-370,1,-4361
-157,-52,22,-4294,284,-368,1,4108
-136,-51,69,-4354,237,-380,1,4196
-151,-66,74,-4664,237,-401,1,5076
-128,-60,101,-5210,189,-398,1,5451
-77,-53,113,-5950,115,-415,1,5850
-25,-54,101,-6749,31,-448,1,7095
26,-52,87,-7489,-94,-469,1,7348
81,-58,57,-8006,-224,-484,1,7723
108,-63,13,-8153,-277,-489,1,8056
94,-59,-25,-7836,-245,-483,1,-8179
46,-52,-60,-7222,-148,-505,1,-7548
9,-46,-90,-6428,-56,-466,0,-6275
-42,-30,-102,-5523,66,-406,1,-5144
-91,-33,-96,-4602,153,-382,1,-4156
-140,-36,-74,-3804,231,-361,1,-4023
-170,-49,-44,-3304,269,-363,1,-3122
-166,-61,-9,-3141,276,-374,1,-3256
-174,-56,28,-3236,282,-361,1,3156
-158,-49,57,-3615,254,-361,1,3871
-119,-42,79,-4247,208,-365,1,4409
-80,-31,81,-5044,144,-377,1,4696
-18,-36,75,-5941,-9,-422,0,-5859
54,-41,80,-6772,-169,-432,1,6969
103,-52,71,-7405,-244,-450,1,7630
118,-61,21,-7554,-279,-471,1,7453
105,-67,-30,-7217,-238,-498,1,-7450
61,-59,-54,-6518,-159,-505,1,-6179
28,-44,-73,-5592,-103,-469,1,-5146
-58,-21,-90,-4447,110,-382,1,-4155
-145,-26,-100,-3528,224,-359,1,-3241
-155,-53,-69,-2850,229,-375,1,-2652
-149,-56,-23,-2346,271,-373,1,-2533
-202,-57,27,-1998,272,-345,1,1900
-173,-38,100,-2072,198,-336,1,2416
-118,-34,126,-2596,148,-357,1,3066
-82,-24,110,-3326,124,-370,1,3547
-35,-24,83,-4159,57,-406,1,4599
29,-29,67,-4968,-119,-444,1,4843
87,-44,43,-5628,-240,-456,1,5255
108,-59,-4,-5847,-268,-493,1,-5736
92,-73,-54,-5540,-196,-509,1,-5311
59,-81,-77,-4925,-115,-520,1,-4462
1,-60,-80,-4098,-12,-494,0,-4497
-69,-46,-87,-3190,122,-426,1,-3483
-116,-39,-72,-2337,212,-380,1,-2207
-164,-39,-45,-1670,272,-361,1,-1624
-141,-55,-8,-1346,264,-402,1,-1383
-147,-59,29,-1258,262,-402,1,1224
-149,-55,42,-1352,253,-399,1,1215
-144,-52,49,-1667,253,-378,1,1928
-126,-39,63,-2193,225,-378,1,2415
-79,-45,69,-2908,154,-417,1,2629
-39,-43,72,-3682,73,-446,1,4050
18,-49,68,-4430,-100,-484,0,4265
66,-56,50,-4960,-222,-491,1,4652
93,-67,6,-5075,-267,-508,1,4921
93,-77,-34,-4698,-219,-520,1,-4280
39,-68,-61,-4041,-100,-524,1,-3580
-28,-69,-88,-3406,40,-496,1,-3202
-40,-72,-101,-2828,53,-475,1,-2788
-85,-64,-95,-2116,173,-429,1,-2421
-148,-66,-83,-1458,221,-396,1,-1125
-129,-66,-41,-1054,231,-404,1,-1412
-153,-64,1,-885,286,-374,1,954
-158,-59,22,-960,275,-383,1,864
-160,-54,44,-1308,268,-371,1,1504
-121,-39,71,-1909,212,-370,1,1739
-67,-39,76,-2695,136,-406,1,2992
-17,-32,85,-3525,8,-405,0,3072
50,-37,90,-4209,-153,-421,1,4355
88,-47,71,-4614,-232,-451,1,4882
96,-59,28,-4581,-259,-493,1,4431
81,-65,-7,-4142,-210,-520,1,-4848
41,-57,-36,-3503,-131,-543,1,-3844
7,-71,-94,-2782,-26,-513,0,-2267
-50,-69,-116,-2002,56,-463,1,-1571
-72,-66,-109,-1220,105,-439,1,-1398
-141,-63,-100,-539,237,-395,1,-944
-150,-76,-73,-78,219,-394,1,-395
-160,-56,-14,173,272,-364,1,112
-151,-52,21,140,271,-366,1,-94
-145,-40,57,-168,238,-353,1,420
-96,-36,79,-741,173,-375,1,783
-62,-35,86,-1439,107,-396,1,1076
-15,-32,92,-2177,-6,-417,0,-2411
32,-40,80,-2827,-128,-459,1,2795
69,-52,44,-3214,-230,-500,1,3522
87,-59,8,-3207,-252,-507,1,3553
65,-54,-23,-2862,-209,-513,1,-2461
41,-55,-58,-2315,-136,-509,1,-2133
0,-59,-105,-1551,-18,-474,0,-1943
-41,-65,-130,-739,53,-435,1,-912
-94,-59,-123,122,146,-408,1,353
-143,-67,-89,820,200,-392,1,748
-148,-69,-30,1257,257,-396,1,1194
-166,-67,6,1422,272,-386,1,-1534
-172,-61,38,1322,266,-375,1,-1509
-153,-48,68,957,231,-369,1,-731
-108,-40,80,332,178,-374,1,-149
-62,-37,81,-410,110,-409,1,36
-8,-38,79,-1168,-24,-442,0,-1359
34,-47,60,-1788,-153,-488,1,1975
78,-53,26,-2127,-274,-490,1,2261
101,-62,-16,-2025,-273,-480,1,-1908
79,-61,-45,-1485,-207,-486,1,-1212
7,-66,-72,-690,-41,-515,0,-153
-44,-73,-92,122,68,-479,1,475
-81,-81,-85,788,138,-466,1,536
-101,-81,-69,1355,182,-455,1,1096
-120,-80,-57,1782,219,-429,1,1922
-131,-72,-30,2074,260,-409,1,2141
-172,-67,16,2181,274,-377,1,-2070
-149,-58,76,2007,230,-377,1,-1708
-153,-49,92,1563,217,-374,1,-1857
-116,-36,90,883,191,-380,1,-703
-75,-31,79,70,145,-397,1,-324
-17,-25,83,-761,2,-407,0,821
47,-33,74,-1457,-171,-439,1,1258
99,-41,34,-1840,-296,-455,1,1956
91,-51,-26,-1710,-294,-496,1,-1557
78,-58,-83,-1208,-215,-477,1,-1436
51,-68,-109,-473,-125,-463,1,-118
-9,-38,-89,451,5,-426,0,24
-120,-38,-87,1427,211,-380,1,1084
-146,-43,-66,2294,271,-367,1,2158
-189,-52,-58,2942,313,-359,1,2964
-168,-55,-22,3283,286,-379,1,3120
-184,-59,13,3278,289,-381,1,-3089
-168,-64,42,2937,256,-394,1,-2882
-126,-57,63,2325,212,-405,1,-2093
-81,-43,68,1554,161,-405,1,-1819
-30,-39,66,745,51,-440,1,-792
20,-43,61,33,-115,-474,0,-396
77,-51,49,-477,-276,-479,1,348
137,-67,-1,-612,-315,-470,1,-581
122,-70,-40,-207,-242,-465,1,-501
37,-58,-58,573,-111,-518,1,112
-24,-68,-87,1341,5,-497,0,1224
-77,-49,-60,2161,147,-441,1,2334
-88,-61,-72,2811,164,-447,1,3022
-133,-70,-80,3346,214,-402,1,3288
-134,-65,-44,3673,239,-412,1,4032
-156,-63,-11,3837,302,-383,1,3585
-180,-47,37,3786,293,-348,1,-3600
-145,-42,73,3376,236,-374,1,-3163
-117,-44,87,2764,203,-378,1,-2934
-79,-44,98,2022,126,-400,1,-1556
-1,-46,99,1221,-41,-434,0,1296
59,-46,85,581,-159,-446,1,-807
86,-47,41,257,-263,-478,1,-393
94,-55,-17,336,-271,-498,1,468
72,-51,-50,833,-213,-489,1,565
19,-46,-84,1603,-78,-475,0,1979
-47,-39,-103,2491,64,-423,1,2096
-104,-41,-112,3360,158,-398,1,3088
-149,-52,-103,4163,203,-379,1,4400
-138,-57,-62,4669,237,-386,1,5086
-152,-66,-29,4966,257,-389,1,4906
-153,-59,9,5027,280,-379,1,-4970
-153,-58,34,4859,262,-378,1,-4613
-140,-50,54,4457,246,-380,1,-4204
-104,-48,53,3793,200,-399,1,-4074
-59,-46,59,3025,123,-443,1,-2624
-1,-42,64,2244,-45,-470,0,2390
61,-54,48,1638,-218,-490,1,-1902
101,-56,15,1347,-275,-473,1,-1496
107,-61,-27,1415,-248,-478,1,1251
73,-57,-57,1856,-180,-493,1,1621
25,-54,-83,2516,-78,-494,1,2057
-33,-69,-108,3263,26,-469,1,3453
-70,-48,-85,4062,119,-416,1,3595
-110,-52,-72,4866,203,-397,1,4703
-170,-45,-40,5516,274,-373,1,5451
-156,-58,-6,5816,280,-386,1,5765
-179,-65,10,5836,294,-387,1,-5780
-173,-63,22,5542,277,-374,1,-5442
-130,-50,46,4957,236,-387,1,-4783
-91,-47,52,4176,191,-412,1,-4408
-46,-43,67,3328,76,-429,1,-3240
54,-27,89,2517,-193,-403,1,-2290
117,-49,38,2026,-291,-441,1,-1809
111,-51,-9,2113,-289,-463,1,2297
63,-58,-50,2656,-165,-509,1,2828
17,-63,-77,3376,-68,-513,0,3858
8,-46,-86,4160,-41,-458,0,4563
-71,-42,-101,5035,133,-413,1,4794
-163,-40,-89,5829,236,-371,1,6021
-173,-64,-69,6318,248,-382,1,6655
-169,-61,-19,6543,273,-386,1,6554
-176,-57,18,6502,288,-365,1,-6573
-189,-45,44,6145,263,-347,1,-6372
-92,-42,73,5430,151,-388,1,-5147
-39,-43,81,4560,63,-422,1,-4117
21,-40,85,3671,-92,-428,0,-4035
98,-45,87,2903,-215,-418,1,-2619
137,-50,56,2535,-295,-439,1,-2549
120,-46,11,2807,-298,-456,1,-2629
66,-46,-35,3518,-201,-498,1,3273
-3,-41,-65,4505,-10,-481,0,-4121
-58,-39,-89,5471,105,-432,1,5341
-130,-44,-90,6368,200,-400,1,6487
-153,-55,-74,7033,216,-398,1,6856
-121,-75,-54,7301,206,-432,1,7648
-109,-67,-36,7438,235,-424,1,7244
-139,-62,-17,7497,282,-389,1,7539
-146,-56,33,7381,269,-370,1,-7214
-147,-53,78,7043,220,-370,1,-6854
-119,-46,91,6416,169,-386,1,-6204
-52,-45,81,5561,89,-433,1,-5150
11,-43,77,4660,-60,-457,0,-5034
101,-48,66,3841,-252,-445,1,-3662
149,-53,31,3570,-319,-443,1,-3532
121,-43,-13,4012,-292,-450,1,3858
45,-36,-47,4890,-164,-471,1,4684
-27,-21,-73,5966,47,-418,1,5765
-93,-27,-109,6888,151,-391,1,7120
-157,-43,-123,7714,205,-378,1,8025
-121,-64,-97,8286,192,-404,1,8489
-177,-80,-79,8693,249,-405,1,8234
-177,-75,-33,8808,257,-398,1,8765
-157,-68,9,8557,265,-399,1,-8512
-141,-44,44,8056,253,-375,1,-7804
-81,-40,60,7296,175,-393,1,-7664
-30,-37,69,6448,39,-416,1,-6392
28,-44,77,5692,-123,-446,1,-6019
87,-46,67,5142,-258,-445,1,-5266
116,-54,16,5061,-306,-472,1,-4978
80,-57,-26,5488,-226,-505,1,5147
36,-49,-50,6243,-135,-515,1,6849
-1,-40,-74,7141,-12,-467,0,-6737
-72,-23,-92,7932,126,-402,1,7962
-94,-47,-125,8660,137,-403,1,8387
-166,-54,-109,9396,218,-375,1,9703
-141,-72,-64,9833,225,-401,1,10223
-177,-70,-38,10064,270,-395,1,9991
-182,-72,-18,10009,280,-376,1,10134
-154,-50,21,9603,286,-358,1,-9543
-109,-33,43,8832,251,-351,1,-9026
-54,-34,51,7913,149,-413,1,-8133
19,-27,87,6972,-91,-381,0,-6727
104,-32,101,6264,-220,-390,1,-6456
111,-45,50,6075,-279,-447,1,-5986
79,-67,-16,6392,-246,-517,1,6664
70,-58,-45,7053,-209,-486,1,6888
5,-65,-67,7955,-50,-521,0,7471
-32,-51,-69,8905,50,-465,1,9025
-108,-58,-78,9801,187,-418,1,10063
-144,-60,-55,10538,247,-400,1,10451
-162,-72,-28,10940,263,-402,1,10964
-168,-69,10,11106,283,-394,1,-11035
-183,-66,29,11008,286,-385,1,-11128
-148,-56,41,10597,265,-378,1,-10652
-111,-46,52,9957,230,-394,1,-10239
-72,-35,64,9199,147,-399,1,-8917
-16,-33,81,8383,-6,-420,0,8549
46,-39,85,7620,-149,-433,1,-7359
92,-44,47,7177,-283,-462,1,-7302
102,-53,-4,7267,-293,-481,1,7413
86,-45,-34,7872,-240,-472,1,8096
13,-42,-69,8783,-57,-490,0,9212
-41,-29,-90,9785,66,-412,1,10126
-100,-26,-116,10723,152,-377,1,10249
-179,-44,-119,11529,221,-365,1,11348
-143,-64,-77,11990,222,-389,1,12146
-174,-71,-45,12244,268,-395,1,12182
-189,-62,-5,12286,288,-361,1,12080
-163,-53,35,11981,267,-375,1,-11783
-125,-35,62,11410,227,-352,1,-11598
-71,-34,72,10675,147,-393,1,-10373
-16,-35,79,9895,-2,-417,0,10086
43,-42,81,9238,-154,-442,1,-9575
76,-52,53,8842,-239,-479,1,-9204
85,-53,18,8847,-273,-509,1,-8724
75,-53,-23,9204,-224,-499,1,8883
31,-49,-69,9832,-117,-503,1,10114
-8,-54,-108,10620,-28,-459,0,-10487
-46,-38,-104,11498,77,-407,1,11613
-122,-34,-101,12416,208,-368,1,12544
-172,-44,-76,13180,256,-359,1,13266
-166,-58,-28,13648,290,-361,1,13726
-189,-61,5,13857,302,-369,1,-14074
-186,-58,21,13786,292,-366,1,-13574
-165,-45,35,13424,286,-359,1,-13473
-124,-35,40,12799,263,-368,1,-12774
-79,-35,40,12007,214,-408,1,-12258
-44,-36,57,11166,101,-423,1,-10864
42,-38,87,10355,-145,-420,1,-10524
100,-46,85,9841,-220,-437,1,-9986
95,-48,38,9767,-244,-466,1,-10065
74,-50,-18,10013,-235,-516,1,9629
37,-38,-65,10537,-150,-485,1,10267
-18,-35,-111,11303,-5,-426,0,-11734
-85,-34,-133,12118,101,-385,1,11841
-108,-51,-114,12873,159,-388,1,13182
-138,-65,-56,13476,227,-407,1,13612
-160,-75,-15,13887,256,-397,1,13931
-176,-65,17,14021,264,-388,1,-14004
-166,-60,44,13817,254,-388,1,-13366
-130,-50,63,13344,214,-384,1,-13574
-91,-48,68,12662,168,-413,1,-12401
-39,-47,68,11885,66,-453,1,-12197
20,-49,68,11189,-97,-485,0,-10836
71,-56,52,10693,-216,-492,1,-10431
82,-62,18,10551,-232,-506,1,-10328
63,-57,-4,10741,-215,-543,1,11066
49,-44,-29,11193,-190,-527,1,10511
-11,-25,-72,11845,0,-452,0,12241
-52,-26,-127,12595,36,-404,1,12499
-115,-32,-138,13386,147,-369,1,13646
-135,-60,-107,14015,179,-395,1,14162
-127,-64,-55,14474,226,-392,1,14747
-162,-61,-11,14795,280,-371,1,14645
-180,-51,33,14861,279,-369,1,-15050
-167,-52,55,14604,257,-377,1,-14805
-143,-44,66,14058,232,-380,1,-14238
-85,-41,60,13299,187,-407,1,-12958
-61,-42,53,12459,149,-436,1,-12719
5,-36,56,11625,-65,-469,0,-11490
92,-48,46,10936,-259,-446,1,-10842
133,-61,17,10712,-304,-458,1,-10646
101,-57,-22,10994,-254,-484,1,11175
67,-57,-58,11592,-184,-482,1,11359
25,-37,-77,12495,-92,-445,1,12634
-78,-29,-93,13529,152,-389,1,13771
-134,-37,-80,14522,215,-369,1,14832
-160,-54,-44,15265,270,-381,1,15185
-173,-65,-3,15721,278,-384,1,15853
-164,-65,30,15879,266,-391,1,-15990
-179,-57,47,15784,276,-379,1,-15713
-165,-46,51,15387,264,-377,1,-15571
-129,-37,52,14726,241,-384,1,-14492
-79,-28,50,13910,186,-400,1,-14088
-11,-33,41,13066,5,-495,0,-13025
64,-45,25,12393,-257,-484,1,-12541
110,-52,-2,12103,-313,-472,1,12279
112,-62,-44,12280,-249,-475,1,11967
62,-67,-71,12841,-147,-500,1,13169
3,-58,-84,13652,-24,-482,0,13513
-54,-49,-93,14553,109,-434,1,14687
-117,-50,-82,15503,203,-394,1,15834
-164,-40,-45,16418,266,-361,1,16619
-187,-52,-19,16983,279,-351,1,17030
-187,-43,23,17202,286,-363,1,-17347
-178,-37,33,17030,295,-357,1,-17011
-161,-30,26,16546,306,-353,1,-16469
-116,-23,27,15793,276,-358,1,-15806
-77,-27,40,14892,211,-386,1,-15108
-26,-32,61,13969,41,-425,1,-14121
42,-44,80,13113,-147,-442,1,-12865
84,-48,73,12525,-223,-452,1,-12738
92,-48,35,12335,-268,-477,1,-12460
84,-45,5,12573,-278,-488,1,-12690
68,-36,-31,13172,-239,-467,1,12850
3,-39,-85,14079,-44,-468,0,14196
-86,-30,-116,15127,126,-391,1,15063
-162,-42,-121,16068,195,-371,1,16262
-156,-60,-80,16712,221,-380,1,16386
-131,-58,-34,17083,244,-391,1,17232
-149,-61,-10,17335,274,-384,1,17272
-174,-50,24,17373,283,-355,1,-17188
-149,-42,57,17065,250,-359,1,-17331
-131,-36,67,16498,230,-366,1,-16665
-82,-33,71,15706,161,-388,1,-15438
-24,-34,74,14869,29,-426,0,-15328
39,-39,79,14096,-131,-437,1,-13932
111,-40,74,13553,-262,-429,1,-13402
111,-38,30,13642,-296,-456,1,-13822
43,-37,-28,14214,-182,-531,1,13622
-26,-36,-82,14915,20,-471,1,15337
-38,-40,-121,15596,8,-435,1,15663
-98,-37,-116,16479,145,-386,1,16762
-151,-42,-77,17273,218,-367,1,16957
-146,-61,-39,17796,247,-388,1,17528
-171,-65,2,18107,271,-393,1,-18136
-168,-68,20,18152,276,-389,1,-18060
-181,-62,20,17952,298,-365,1,-18169
-146,-45,29,17455,273,-369,1,-17646
-103,-37,43,16712,236,-378,1,-16568
-65,-29,59,15833,153,-388,1,-15528
-6,-25,71,14901,-29,-404,0,15330
54,-19,64,13999,-214,-401,1,-14222
144,-51,-4,13417,-362,-438,1,13335
127,-45,-26,13628,-300,-428,1,13813
54,-45,-51,14430,-152,-478,1,14655
-5,-43,-60,15412,3,-484,0,15811
-66,-39,-69,16436,163,-429,1,16667
-134,-55,-81,17379,209,-406,1,16967
-124,-63,-62,18118,229,-411,1,18370
-185,-75,-52,18651,256,-383,1,18535
-156,-73,9,18851,249,-377,1,-18684
-162,-65,54,18770,244,-380,1,-18442
-145,-51,72,18426,229,-378,1,-18064
-121,-41,70,17849,227,-385,1,-17616
-93,-34,64,17089,199,-394,1,-17330
-42,-30,70,16250,88,-413,1,-16080
14,-38,74,15457,-73,-450,0,-15756
60,-49,52,14880,-239,-483,1,-15128
94,-58,6,14745,-280,-478,1,-14642
84,-67,-30,15042,-228,-504,1,15326
49,-65,-46,15682,-146,-524,1,16263
8,-49,-51,16511,-44,-517,0,16984
-48,-43,-48,17471,124,-467,1,17848
-101,-35,-42,18375,240,-407,1,18125
-169,-54,-50,19163,279,-386,1,19170
-164,-67,-34,19634,265,-403,1,19690
-168,-74,-23,19832,271,-414,1,19729
-176,-71,-8,19808,274,-401,1,19727
-154,-65,11,19508,274,-401,1,-19560
-132,-53,27,18995,258,-394,1,-18968
-89,-43,46,18327,216,-392,1,-18072
-55,-33,62,17586,119,-395,1,-17765
13,-33,89,16907,-75,-403,0,-17318
52,-38,95,16381,-154,-422,1,-16013
62,-48,65,16179,-202,-476,1,-15987
71,-58,25,16304,-236,-525,1,-15668
62,-60,-9,16752,-204,-549,1,17297
12,-53,-50,17456,-50,-541,0,17942
-51,-49,-88,18331,104,-470,1,18032
-81,-55,-101,19103,135,-435,1,19371
-102,-61,-94,19800,168,-423,1,19537
-118,-71,-74,20366,198,-423,1,20119
-128,-77,-47,20766,222,-435,1,20588
-157,-74,-23,21004,252,-415,1,21422
-168,-69,-3,21015,277,-391,1,21094
-169,-55,14,20761,272,-385,1,-20763
-126,-48,26,20224,256,-398,1,-20423
-95,-44,33,19487,219,-412,1,-19721
-37,-40,51,18667,76,-444,1,-18736
27,-37,81,17896,-119,-419,1,-17490
95,-36,92,17341,-208,-408,1,-17095
87,-42,57,17195,-221,-445,1,-16912
67,-41,14,17445,-245,-498,1,-17735
35,-48,-34,17942,-131,-554,1,17555
-3,-57,-75,18574,-18,-516,0,-19183
-19,-58,-105,19253,23,-471,0,19125
-62,-65,-116,19961,92,-444,1,19475
-76,-71,-100,20622,124,-442,1,20774
-109,-78,-79,21203,186,-434,1,21428
-132,-79,-48,21673,228,-411,1,21814
-146,-71,-26,21936,252,-405,1,21525
-164,-65,-10,21990,269,-386,1,21891
-163,-61,5,21792,276,-383,1,-21971
-138,-50,18,21328,258,-383,1,-21382
-93,-42,35,20648,213,-401,1,-20921
-47,-36,55,19881,104,-431,1,-19543
30,-33,72,19119,-147,-431,1,-19431
90,-41,47,18602,-273,-449,1,-18469
106,-53,2,18445,-281,-475,1,-18577
98,-58,-26,18634,-248,-488,1,18843
64,-53,-46,19111,-186,-502,1,19377
18,-47,-67,19803,-76,-497,0,19612
-47,-49,-93,20634,89,-450,1,20803
-100,-58,-97,21492,155,-424,1,21233
-118,-73,-76,22212,190,-427,1,22437
-142,-82,-38,22744,226,-423,1,22886
-190,-83,-1,23034,260,-399,1,22940
-191,-75,26,22948,253,-392,1,-22580
-162,-71,26,22445,252,-404,1,-22077
-102,-48,33,21704,220,-408,1,-21996
-49,-40,44,20847,133,-441,1,-20587
2,-33,52,20043,-44,-459,0,-20415
57,-41,52,19362,-214,-452,1,-19091
108,-47,38,18981,-275,-439,1,-19175
123,-53,9,18992,-278,-461,1,-19117
93,-51,-22,19377,-235,-487,1,19140
53,-51,-61,20038,-162,-500,1,20268
24,-44,-80,20867,-95,-469,0,20599
-46,-34,-84,21886,102,-423,1,21730
-117,-37,-71,22906,204,-393,1,22571
-151,-40,-61,23731,252,-381,1,23997
-191,-64,-42,24271,265,-385,1,24301
-191,-64,-5,24462,277,-383,1,24419
-185,-69,3,24283,278,-392,1,-24247
-165,-57,12,23758,272,-388,1,-23759
-108,-45,22,22954,245,-402,1,-22685
-59,-34,35,22015,169,-422,1,-21705
10,-38,37,21100,-82,-508,0,-21455
88,-52,42,20348,-273,-453,1,-20459
126,-62,25,20008,-276,-454,1,-20136
101,-56,2,20089,-249,-474,1,-20236
69,-48,-26,20467,-202,-494,1,20135
37,-39,-55,21039,-128,-482,1,21383
22,-27,-91,21842,-65,-427,0,21740
-48,-20,-126,22810,87,-382,1,22642
-91,-27,-134,23812,135,-372,1,23606
-125,-53,-117,24658,174,-383,1,25021
-147,-70,-74,25318,217,-398,1,25391
-182,-76,-49,25735,257,-386,1,25802
-198,-64,-25,25841,288,-364,1,25691
-181,-48,6,25594,298,-357,1,-25387
-137,-36,19,24982,289,-361,1,-24933
-77,-25,26,24143,228,-380,1,-24478
-1,-29,38,23237,-42,-474,0,23309
65,-40,45,22459,-263,-448,1,-22347
120,-49,18,22030,-315,-447,1,-22228
121,-57,-16,22052,-267,-463,1,22189
86,-51,-33,22520,-211,-480,1,22194
26,-44,-63,23258,-54,-497,1,23315
-45,-34,-96,24089,85,-425,1,24501
-55,-38,-127,24895,80,-413,1,24733
-92,-61,-127,25623,135,-411,1,25872
-105,-64,-88,26236,166,-425,1,26481
-131,-70,-68,26695,216,-415,1,27014
-164,-71,-62,26942,237,-394,1,26753
-158,-64,-39,26947,250,-385,1,26814
-135,-53,-14,26706,259,-383,1,26771
-98,-46,10,26268,237,-404,1,-26536
-71,-45,27,25681,174,-424,1,-25899
-36,-44,53,25032,68,-465,1,-24675
34,-38,71,24378,-143,-445,1,-24140
69,-43,29,23846,-283,-494,1,-23969
94,-60,-28,23658,-291,-497,1,23749
81,-53,-54,23973,-214,-470,1,23798
4,-49,-77,24659,-36,-477,0,25046
-39,-44,-87,25587,54,-436,1,25134
-94,-45,-96,26426,154,-403,1,26143
-120,-61,-97,27112,174,-407,1,26872
-168,-70,-43,27678,249,-396,1,28071
-179,-73,14,27991,272,-381,1,-28109
-193,-68,47,27983,264,-373,1,-28061
-156,-55,57,27609,239,-391,1,-27176
-111,-42,55,26941,211,-393,1,-26646
-65,-36,58,26127,142,-417,1,-26492
-8,-37,64,25313,-9,-457,0,25408
56,-39,59,24605,-204,-460,1,-24892
75,-50,18,24225,-280,-502,1,-24105
99,-58,-26,24282,-280,-487,1,24171
63,-52,-57,24807,-174,-485,1,24985
9,-34,-67,25642,-44,-461,0,26021
-44,-36,-88,26524,97,-424,1,26118
-99,-37,-92,27479,172,-391,1,27235
-138,-44,-73,28357,223,-378,1,28554
-158,-59,-44,28951,253,-393,1,28909
-169,-62,-3,29285,281,-383,1,29334
-178,-69,19,29289,276,-389,1,-29213
-176,-65,34,28995,271,-377,1,-29179
-141,-57,36,28412,251,-397,1,-28441
-86,-52,37,27642,199,-430,1,-27345
-43,-46,51,26841,91,-455,1,-26996
29,-40,72,26070,-113,-440,1,-25697
63,-45,65,25500,-202,-455,1,-25283
74,-49,40,25278,-240,-484,1,-25572
77,-58,-6,25411,-255,-521,1,25031
61,-44,-36,26003,-207,-488,1,25740
1,-53,-83,26808,-17,-489,0,26917
-38,-42,-101,27700,83,-426,1,28069
-109,-39,-96,28591,190,-393,1,28303
-137,-52,-73,29380,222,-395,1,29536
-176,-56,-37,29973,273,-384,1,30148
-172,-70,-5,30233,264,-404,1,30315
-168,-69,19,30166,263,-403,1,-30129
-167,-60,32,29823,261,-384,1,-29884
-127,-49,41,29216,234,-401,1,-29503
-93,-40,53,28389,195,-407,1,-28670
-30,-37,57,27439,50,-447,1,-27297
33,-34,68,26542,-134,-437,1,-26329
75,-38,51,25852,-234,-453,1,-26000
106,-55,8,25556,-273,-467,1,-25410
107,-59,-28,25702,-256,-478,1,25869
73,-65,-52,26227,-186,-502,1,26374
30,-59,-58,27032,-108,-514,1,27628
-39,-48,-64,28004,93,-471,1,27866
-112,-47,-67,28969,197,-407,1,28794
-130,-49,-61,29747,241,-397,1,30144
-178,-65,-54,30292,268,-387,1,30237
-175,-70,-12,30488,280,-391,1,30565
-162,-74,17,30356,263,-401,1,-30458
-138,-67,28,29958,249,-407,1,-29886
-94,-54,33,29370,214,-424,1,-29570
-61,-52,38,28690,154,-463,1,-29037
-17,-48,60,27982,19,-475,0,-27783
39,-51,84,27323,-137,-446,1,-27597
84,-55,77,26906,-221,-456,1,-26670
85,-58,45,26859,-228,-483,1,-27049
81,-57,7,27129,-238,-518,1,-27517
40,-52,-47,27689,-142,-532,1,28289
19,-47,-94,28487,-64,-466,0,28363
-43,-39,-138,29398,74,-406,1,29583
-109,-48,-139,30296,154,-388,1,30603
-127,-66,-89,31016,204,-400,1,30735
-134,-71,-42,31522,242,-413,1,31397
-149,-74,-28,31796,253,-409,1,32148
-167,-62,2,31852,274,-381,1,-31897
-158,-55,24,31623,264,-383,1,-31554
-123,-49,34,31117,235,-396,1,-30855
-78,-47,33,30448,186,-435,1,-30650
-38,-49,38,29722,95,-498,1,-30085
21,-53,50,29022,-117,-511,0,-28870
93,-60,48,28467,-246,-472,1,-28229
116,-68,19,28256,-255,-475,1,-28516
104,-69,-15,28367,-228,-505,1,28661
68,-68,-57,28765,-163,-520,1,29380
29,-57,-85,29402,-79,-491,1,29452
-44,-60,-112,30180,71,-449,1,29727
-86,-56,-95,31001,138,-418,1,30733
-116,-63,-71,31657,200,-415,1,31479
-144,-68,-34,32114,243,-407,1,31993
-139,-71,2,32286,248,-416,1,-32693
-145,-70,15,32206,259,-414,1,-32138
-137,-65,16,31885,248,-415,1,-32049
-94,-63,21,31342,207,-448,1,-31596
-60,-64,32,30686,134,-491,1,-30358
-2,-64,52,30013,-25,-531,0,30527
67,-62,67,29421,-191,-473,1,-29622
94,-67,39,29096,-233,-492,1,-28820
90,-65,10,29091,-235,-510,1,-28840
83,-62,-14,29366,-218,-518,1,28682
41,-41,-35,29891,-162,-508,1,30137
0,-36,-93,30575,-17,-456,0,30405
-48,-36,-134,31355,76,-410,1,31524
-82,-47,-136,32134,117,-399,1,31878
-95,-64,-100,32790,155,-415,1,33042
-122,-71,-65,33353,217,-418,1,33613
-163,-84,-49,33694,231,-422,1,33310
-157,-76,-31,33783,244,-401,1,33369
-136,-63,-9,33587,245,-398,1,33529
-91,-54,12,33167,214,-424,1,-32927
-65,-48,33,32661,170,-441,1,-32459
-41,-48,46,32111,95,-478,1,-31944
-1,-49,54,31490,-43,-505,0,31444
54,-54,48,30951,-193,-502,1,-31203
104,-69,10,30580,-248,-492,1,-30286
117,-74,-20,30556,-241,-498,1,30321
90,-67,-52,30888,-198,-502,1,31152
41,-62,-89,31497,-99,-490,1,31437
-21,-47,-109,32273,25,-445,0,32736
-79,-59,-119,33009,118,-429,1,33066
-126,-72,-102,33662,170,-411,1,33298
-136,-80,-57,34118,207,-413,1,34022
-141,-76,-11,34353,242,-410,1,34708
-156,-69,10,34345,258,-396,1,-34423
-131,-53,17,34063,269,-396,1,-34094
-110,-57,5,33548,255,-418,1,-33282
-69,-43,35,32881,182,-418,1,-33065
4,-32,84,32180,-50,-407,0,-31839
80,-37,98,31614,-203,-413,1,-31294
102,-45,54,31395,-250,-447,1,-31644
95,-43,0,31478,-274,-488,1,-31351
55,-53,-49,31792,-158,-532,1,32398
26,-58,-78,32298,-77,-517,1,31759
-5,-53,-96,32965,0,-471,0,33150
-41,-56,-128,33680,56,-445,1,33399
-73,-63,-147,34352,86,-421,1,34597
-94,-76,-137,34920,116,-415,1,35103
-101,-70,-99,35353,158,-408,1,35664
-124,-69,-72,35652,201,-411,1,35436
-139,-57,-37,35760,248,-392,1,35418
-133,-48,-14,35554,271,-388,1,35531
-121,-45,-3,35015,268,-379,1,35044
-80,-37,30,34269,206,-388,1,-34023
-14,-38,81,33448,-18,-404,0,33617
72,-45,102,32724,-184,-414,1,-32512
96,-52,67,32355,-243,-458,1,-32588
86,-56,15,32352,-258,-505,1,-32501
88,-57,-26,32632,-243,-502,1,32261
56,-57,-72,33143,-148,-498,1,32849
32,-57,-111,33760,-81,-467,1,33303
-5,-49,-119,34508,-2,-431,0,-34596
-58,-52,-131,35324,86,-412,1,35002
-101,-62,-116,36066,149,-399,1,36304
-109,-59,-70,36680,211,-399,1,36357
-161,-61,-39,37143,269,-393,1,37163
-165,-58,-22,37348,284,-388,1,37360
-148,-49,-4,37257,299,-372,1,37234
-106,-45,-1,36903,287,-396,1,37109
-97,-47,11,36454,245,-413,1,-36682
-40,-48,71,35886,50,-422,1,-36342
26,-55,114,35295,-89,-435,1,-34921
56,-69,75,34858,-163,-506,1,-35142
57,-77,27,34671,-191,-570,1,-34182
68,-71,-2,34693,-229,-555,1,34123
64,-66,-21,34945,-208,-550,1,35453
24,-57,-54,35381,-104,-548,0,34918
4,-45,-106,35972,-32,-449,0,36120
-61,-49,-151,36669,57,-414,1,36352
-72,-55,-145,37328,98,-398,1,37085
-112,-63,-94,37880,175,-398,1,37589
-131,-60,-39,38270,246,-409,1,38028
-162,-70,-13,38438,258,-394,1,38470
-156,-64,23,38364,254,-389,1,-37911
-122,-58,42,38053,217,-414,1,-38281
-90,-55,44,37573,173,-433,1,-37785
-50,-57,42,36981,89,-492,1,-37352
0,-61,34,36426,-59,-588,0,-35880
43,-69,5,35947,-178,-587,1,-36602
92,-76,-29,35612,-239,-513,1,35322
121,-78,-54,35605,-230,-478,1,35375
85,-69,-62,36002,-183,-482,1,36314
42,-53,-64,36740,-112,-479,1,36375
-37,-33,-72,37698,112,-430,1,37599
-107,-40,-85,38616,195,-393,1,38793
-151,-47,-67,39390,254,-378,1,39072
-155,-65,-32,39899,265,-398,1,39833
-177,-69,-14,40157,292,-395,1,40073
-190,-75,-9,40125,267,-390,1,40143
-141,-61,18,39756,236,-382,1,-39549
-86,-53,36,39138,174,-428,1,-39330
-32,-47,51,38453,44,-469,1,-38861
6,-48,60,37836,-70,-487,0,-37497
42,-55,46,37328,-170,-518,1,-37710
84,-63,17,36991,-236,-500,1,-37152
97,-70,-5,36982,-239,-508,1,37184
87,-71,-27,37359,-214,-525,1,37694
41,-64,-55,38041,-118,-520,1,38600
-38,-53,-87,38882,68,-464,1,38445
-76,-48,-96,39735,137,-418,1,39463
-146,-49,-86,40493,233,-387,1,40881
-139,-67,-54,40992,235,-410,1,41388
-156,-74,-13,41274,265,-408,1,41337
-164,-72,12,41329,262,-402,1,-41230
-156,-69,18,41134,255,-412,1,-41221
-131,-58,18,40712,246,-403,1,-40647
-85,-54,27,40117,198,-433,1,-40379
-52,-45,46,39469,117,-444,1,-39890
5,-42,66,38826,-69,-453,0,-38471
50,-47,72,38282,-161,-456,1,-38075
74,-46,53,37979,-244,-486,1,-38173
82,-54,10,37899,-249,-501,1,-38250
91,-54,-30,38146,-250,-494,1,37990
50,-39,-71,38833,-130,-469,1,38581
-34,-41,-112,39720,51,-437,1,39626
-60,-44,-127,40600,87,-407,1,40756
-89,-48,-116,41417,152,-396,1,41181
-108,-64,-94,42161,186,-407,1,42391
-153,-62,-54,42872,263,-380,1,42903
-187,-70,-22,43287,281,-380,1,43420
-186,-66,1,43352,285,-375,1,-43466
-171,-50,20,43060,277,-366,1,-43201
-112,-47,31,42480,229,-395,1,-42179
-77,-42,47,41779,154,-411,1,-41595
-8,-39,60,41035,-27,-460,0,41349
41,-40,55,40380,-176,-471,1,-40192
81,-39,25,39944,-278,-467,1,-40099
93,-49,-13,39825,-274,-482,1,39683
86,-48,-48,40101,-229,-478,1,40393
45,-61,-96,40665,-97,-486,1,40721
-12,-61,-112,41460,7,-461,0,41061
-50,-59,-116,42368,90,-430,1,41996
-120,-54,-97,43225,193,-396,1,43442
-155,-64,-61,43900,241,-392,1,43664
-168,-65,-35,44285,271,-385,1,44212
-159,-64,-20,44417,271,-384,1,44352
-144,-49,5,44326,275,-367,1,-44515
-110,-49,17,43998,259,-394,1,-43804
-100,-51,23,43530,240,-393,1,-43832
-88,-45,58,42961,173,-398,1,-42676
-28,-39,92,42286,31,-417,1,-42228
30,-39,91,41619,-121,-437,1,-41792
77,-51,51,41206,-244,-479,1,-41365
93,-62,18,41184,-268,-500,1,-41066
76,-61,-13,41533,-230,-512,1,41816
27,-62,-54,42146,-101,-563,1,42724
-15,-61,-89,42884,11,-496,0,42504
-53,-56,-108,43659,91,-448,1,43780
-97,-58,-110,44379,159,-419,1,44113
-106,-61,-93,44971,187,-412,1,44673
-125,-63,-67,45453,222,-403,1,45250
-143,-66,-35,45786,259,-397,1,45755
-168,-59,0,45901,289,-368,1,-45982
-154,-64,9,45675,264,-398,1,-45635
-121,-63,17,45213,237,-415,1,-45499
-90,-56,34,44600,190,-432,1,-44903
-34,-55,50,43920,66,-486,1,-43538
-4,-54,62,43269,-22,-496,0,43253
45,-55,56,42711,-175,-497,1,-42922
72,-51,38,42392,-246,-505,1,-42187
87,-57,-8,42295,-260,-509,1,42403
98,-59,-51,42490,-231,-473,1,42157
77,-48,-71,43117,-185,-457,1,43322
-14,-27,-98,44060,47,-424,0,44512
-81,-42,-129,45079,106,-404,1,45332
-118,-49,-115,45943,173,-388,1,45677
-129,-57,-74,46623,216,-386,1,47028
-132,-59,-50,47065,244,-398,1,46635
-162,-63,-45,47339,272,-385,1,47307
-160,-57,-19,47379,276,-377,1,47561
-126,-56,-1,47114,255,-398,1,47409
-99,-54,17,46629,226,-417,1,-46883
-59,-51,40,45997,135,-455,1,-45776
-14,-55,60,45301,-22,-489,0,45325
45,-57,64,44683,-159,-488,1,-44965
111,-68,28,44331,-267,-494,1,-44544
92,-82,-21,44407,-200,-524,1,44961
53,-69,-41,44815,-166,-547,1,44498
34,-56,-67,45431,-104,-499,1,45238
-52,-41,-88,46289,101,-436,1,46408
-89,-29,-89,47092,168,-395,1,46793
-130,-56,-98,47686,200,-403,1,48072
-147,-65,-58,48133,240,-395,1,48535
-151,-62,-13,48392,265,-395,1,48431
-147,-62,-3,48412,266,-402,1,48425
-130,-55,-1,48200,262,-405,1,48238
-104,-56,1,47796,231,-428,1,-48043
-73,-59,14,47264,182,-469,1,-47550
-46,-62,30,46693,102,-513,1,-46095
-7,-67,43,46089,-24,-561,0,46659
35,-74,41,45533,-144,-564,1,-45858
69,-65,26,45159,-221,-522,1,-45743
96,-62,-17,44975,-267,-512,1,44820
82,-62,-67,45167,-201,-491,1,45411
41,-42,-96,45827,-102,-443,1,45696
-35,-33,-119,46761,59,-398,1,46952
-94,-29,-108,47758,157,-365,1,47958
-138,-43,-59,48620,231,-373,1,48357
-151,-69,-20,49140,242,-408,1,48723
-158,-72,9,49362,250,-409,1,-49505
-169,-71,21,49293,263,-403,1,-49377
-137,-59,26,48957,256,-408,1,-48898
-105,-56,28,48395,231,-428,1,-48136
-59,-53,36,47730,151,-472,1,-47900
-25,-52,43,47067,54,-519,1,-46569
10,-58,36,46453,-82,-577,0,-46962
62,-63,10,45993,-219,-544,1,-45414
84,-76,-30,45775,-211,-514,1,45085
99,-67,-52,45953,-224,-482,1,45742
58,-64,-81,46481,-135,-485,1,46245
5,-48,-102,47316,-21,-443,0,47415
-70,-40,-121,48229,124,-394,1,48521
-122,-40,-113,49119,185,-375,1,48701
-153,-51,-76,49802,243,-367,1,50165
-165,-57,-37,50225,284,-371,1,50404
-176,-56,-20,50395,289,-380,1,50185
-168,-52,-6,50277,284,-377,1,50323
-135,-40,18,49874,281,-360,1,-49693
-94,-37,35,49260,223,-385,1,-49515
-57,-32,59,48557,132,-406,1,-48292
-10,-25,83,47831,-30,-400,0,47877
54,-35,73,47205,-203,-452,1,-47411
87,-56,32,46888,-255,-501,1,-46690
98,-67,-16,46935,-244,-501,1,46716
67,-68,-62,47327,-175,-520,1,47688
24,-65,-97,47959,-83,-493,0,47827
-22,-58,-109,48744,26,-452,0,49139
-81,-55,-111,49568,123,-417,1,49264
-116,-57,-89,50288,189,-398,1,50512
-145,-67,-51,50836,239,-400,1,50967
-154,-70,-18,51128,271,-399,1,51191
-169,-67,-9,51172,275,-389,1,51090
-153,-61,6,50923,270,-388,1,-50888
-111,-50,23,50419,233,-400,1,-50655
-63,-46,46,49751,147,-434,1,-49996
-30,-42,65,49082,46,-446,1,-48736
17,-42,69,48470,-93,-466,0,-48293
59,-45,54,48063,-201,-479,1,-47756
78,-52,19,47951,-250,-506,1,-47651
88,-63,-29,48157,-227,-499,1,48500
61,-61,-72,48702,-154,-500,1,48913
0,-50,-109,49516,-15,-454,0,49400
-48,-50,-126,50436,62,-419,1,50424
-88,-53,-114,51300,142,-404,1,51560
-130,-61,-76,52015,207,-408,1,51842
-152,-67,-35,52497,260,-402,1,52592
-166,-67,-15,52734,265,-405,1,52617
-182,-57,-9,52718,285,-386,1,52724
-158,-47,-4,52408,284,-382,1,52330
-109,-42,8,51825,264,-377,1,-51792
-67,-39,32,51169,196,-416,1,-50942
-37,-37,55,50504,84,-432,1,-50312
16,-41,72,49884,-78,-452,0,-49953
56,-46,64,49408,-179,-473,1,-49213
69,-54,29,49191,-223,-518,1,-49811
78,-64,-4,49264,-233,-533,1,49917
59,-54,-33,49684,-203,-529,1,49379
-3,-50,-93,50349,-26,-483,0,-50492
-46,-50,-134,51102,57,-432,1,50834
-104,-64,-144,51829,126,-414,1,52034
-101,-78,-111,52430,141,-423,1,52641
-120,-80,-85,52869,185,-416,1,53196
-142,-68,-54,53190,234,-389,1,52816
-166,-56,-18,53272,283,-348,1,53464
-157,-50,6,53035,286,-362,1,-53237
-116,-36,36,52523,252,-361,1,-52425
-77,-29,64,51859,169,-370,1,-52057
-27,-22,89,51154,34,-381,1,-50906
28,-24,92,50512,-107,-404,1,-50430
61,-33,58,50104,-205,-457,1,-49817
76,-44,6,49965,-279,-517,1,-49246
84,-48,-46,50150,-247,-488,1,49826
60,-51,-91,50671,-159,-474,1,50431
-7,-52,-117,51477,-10,-446,0,-51427
-81,-63,-122,52401,111,-429,1,52582
-140,-76,-112,53200,184,-412,1,52831
-148,-87,-86,53761,205,-413,1,54211
-161,-75,-50,54084,264,-379,1,54254
-167,-68,-31,54115,272,-380,1,54256
-138,-50,-11,53862,280,-370,1,53950
-117,-44,11,53393,274,-372,1,-53416
-84,-32,52,52805,185,-368,1,-53225
-23,-27,97,52148,20,-384,0,-51889
20,-31,109,51552,-86,-405,0,-51397
49,-33,81,51196,-159,-457,1,-50922
48,-40,27,51047,-206,-531,1,-50616
68,-51,-26,51106,-228,-526,1,50464
59,-54,-85,51416,-147,-494,1,51710
47,-61,-130,51938,-92,-461,1,52196
-11,-54,-141,52640,5,-428,0,52415
-33,-58,-139,53411,48,-423,1,53669
-96,-66,-123,54185,141,-407,1,53973
-145,-69,-72,54859,220,-391,1,55169
-164,-67,-34,55255,261,-388,1,55186
-150,-66,-26,55377,254,-400,1,55790
-132,-54,-14,55263,262,-386,1,55264
-103,-47,1,54934,247,-398,1,-55207
-88,-47,24,54456,214,-412,1,-54680
-56,-43,55,53859,117,-425,1,-54168
-14,-41,69,53225,-4,-454,0,52813
24,-47,62,52641,-120,-494,0,-52274
64,-47,37,52224,-235,-502,1,-52568
83,-63,-15,52092,-239,-513,1,51698
83,-65,-42,52324,-225,-511,1,52547
57,-60,-70,52894,-149,-503,1,53176
0,-55,-102,53670,-18,-472,0,53297
-33,-44,-140,54487,44,-416,1,54759
-92,-56,-161,55291,109,-398,1,54996
-105,-62,-118,55976,149,-389,1,56218
-139,-61,-63,56476,240,-380,1,56732
-168,-58,-31,56783,270,-381,1,56638
-158,-53,-3,56773,279,-379,1,56576
-130,-43,24,56473,265,-367,1,-56399
-98,-37,38,55960,225,-383,1,-56168
-70,-38,50,55370,163,-416,1,-55592
-22,-43,70,54732,7,-452,0,-54388
56,-50,73,54153,-184,-469,1,-53930
83,-60,35,53827,-245,-508,1,-54021
83,-60,-2,53849,-245,-507,1,54077
70,-56,-45,54163,-207,-527,1,53517
39,-47,-81,54734,-113,-480,1,54331
-9,-40,-120,55556,13,-431,0,55549
-60,-42,-135,56469,83,-401,1,56769
-88,-47,-134,57347,129,-389,1,57849
-132,-57,-100,58099,203,-383,1,58269
-158,-58,-52,58622,257,-381,1,58391
-163,-57,-39,58862,285,-366,1,58657
-168,-53,-28,58816,277,-367,1,58672
-139,-48,-3,58513,276,-372,1,58450
-106,-44,12,58000,249,-393,1,-58285
-75,-46,31,57353,185,-425,1,-57700
-24,-45,66,56649,14,-448,0,-56452
58,-42,88,56046,-176,-432,1,-56231
72,-46,52,55709,-231,-492,1,-55491
77,-48,3,55652,-263,-507,1,-55803
72,-43,-42,55911,-208,-492,1,56075
44,-42,-92,56409,-87,-467,1,56704
-23,-44,-138,57063,36,-427,0,57311
-45,-62,-164,57726,51,-427,1,57430
-69,-73,-140,58344,86,-429,1,58006
-82,-65,-100,58925,131,-410,1,59206
-113,-68,-91,59368,184,-402,1,59051
-151,-65,-63,59677,233,-377,1,59495
-146,-61,-13,59729,257,-378,1,59787
-131,-53,22,59503,250,-378,1,-59728
-84,-47,42,59054,185,-408,1,-59349
-51,-48,60,58522,102,-447,1,-58721
-5,-50,75,57982,-44,-468,0,58362
33,-51,66,57558,-143,-497,1,-57851
55,-63,25,57292,-212,-556,1,-56616
72,-64,-9,57280,-253,-538,1,56665
73,-64,-43,57618,-218,-519,1,58258
21,-48,-83,58336,-73,-480,0,57885
-65,-26,-114,59282,90,-396,1,58984
-99,-33,-129,60218,156,-388,1,60132
-122,-54,-99,60962,193,-386,1,61263
-126,-47,-47,61539,255,-377,1,61850
-159,-62,-25,61871,277,-383,1,61820
-174,-62,2,61948,284,-375,1,-61704
-156,-55,22,61722,274,-380,1,-61900
-122,-52,29,61233,247,-401,1,-60931
-78,-55,35,60541,180,-446,1,-60720
-36,-54,53,59813,70,-489,1,-59436
26,-52,59,59098,-120,-506,1,-59206
64,-55,33,58582,-225,-521,1,-58987
77,-52,-10,58385,-261,-512,1,58526
79,-54,-57,58467,-215,-477,1,58664
57,-50,-98,58947,-132,-457,1,59234
-24,-42,-126,59731,17,-420,0,59552
-72,-41,-126,60600,100,-391,1,60747
-135,-54,-103,61424,192,-375,1,61072
-139,-57,-46,62033,248,-382,1,62280
-182,-61,-11,62368,295,-371,1,62325
-171,-56,8,62380,300,-373,1,-62307
-164,-45,14,62099,306,-368,1,-62029
-123,-42,14,61504,285,-385,1,-61572
-84,-37,32,60726,221,-399,1,-60466
0,-39,61,59860,-40,-454,0,-59440
61,-47,71,59140,-194,-452,1,-58962
112,-53,37,58798,-278,-465,1,-58634
94,-60,-12,58880,-243,-491,1,59253
69,-57,-39,59328,-221,-511,1,59066
42,-49,-60,60065,-136,-497,1,60404
-49,-39,-88,60961,88,-436,1,61320
-87,-39,-100,61852,129,-408,1,61594
-139,-39,-110,62605,198,-387,1,62731
-171,-68,-95,63128,209,-387,1,63359
-154,-61,-49,63401,256,-386,1,63422
-177,-58,-39,63445,273,-383,1,63254
-147,-45,-21,63213,279,-361,1,63035
-102,-38,0,62736,279,-377,1,-62781
-81,-38,21,62143,245,-396,1,-62371
-41,-37,54,61489,115,-430,1,-61911
-18,-39,80,60814,30,-426,0,-60509
34,-47,79,60227,-127,-465,1,-60078
74,-57,56,59845,-201,-485,1,-59553
79,-64,13,59756,-246,-535,1,-60402
88,-60,-51,60070,-239,-502,1,60399
10,-60,-121,60730,-18,-475,0,60602
-67,-62,-161,61464,58,-424,1,61785
-82,-68,-149,62113,95,-412,1,62432
-97,-65,-101,62621,135,-406,1,62920
-93,-60,-53,62990,187,-415,1,63355
-142,-58,-21,63216,258,-382,1,63020
-144,-57,14,63188,255,-381,1,-63470
-143,-53,48,62866,243,-380,1,-62612
-98,-46,56,62294,195,-403,1,-62065
-60,-43,57,61604,141,-440,1,-61878
-15,-40,62,60901,12,-465,0,-60461
37,-41,62,60320,-141,-472,1,-60108
82,-51,34,59935,-236,-479,1,-60268
106,-67,-2,59923,-252,-489,1,60202
90,-71,-33,60334,-224,-516,1,59725
44,-59,-60,61086,-127,-508,1,61237
-32,-49,-85,62033,65,-473,1,62384
-88,-46,-105,62926,138,-427,1,62719
-130,-50,-122,63635,175,-402,1,63847
-135,-57,-112,64157,175,-394,1,64361
-125,-58,-70,64483,211,-401,1,64163
-130,-57,-34,64697,239,-401,1,64861
-131,-50,-7,64802,275,-390,1,64770
-143,-42,12,64709,274,-368,1,-64529
-111,-42,28,64346,245,-391,1,-64114
-88,-38,45,63768,177,-405,1,-63586
-31,-42,52,63144,57,-479,1,-63312
6,-46,45,62564,-62,-538,0,-63045
49,-58,21,62139,-198,-555,1,-61515
73,-68,-2,62065,-235,-543,1,61581
67,-69,-46,62359,-187,-536,1,61715
0,-70,-99,62884,-20,-507,0,62568
-33,-66,-122,63526,40,-459,1,63967
-77,-62,-115,64192,124,-429,1,64272
-96,-65,-91,64768,158,-425,1,64624
-123,-60,-71,65210,209,-408,1,65528
-146,-73,-64,65370,193,-403,1,65260
-143,-64,-22,65350,255,-405,1,65162
-147,-54,-6,65108,275,-378,1,65183
-115,-42,7,64659,288,-362,1,-64646
-93,-35,32,64073,240,-379,1,-64415
-48,-35,63,63446,113,-411,1,-62989
-1,-37,98,62853,-39,-406,0,62578
56,-43,102,62423,-151,-432,1,-62106
83,-49,59,62266,-225,-475,1,-62044
84,-58,8,62460,-242,-503,1,-62110
54,-57,-30,63002,-182,-563,1,62605
14,-60,-88,63737,-42,-511,0,63822
-56,-60,-137,64549,91,-453,1,64829
-106,-51,-142,65317,137,-402,1,65256
-114,-53,-105,65947,180,-394,1,65672
-120,-59,-62,66432,225,-403,1,66176
-138,-60,-28,66742,263,-400,1,66708
-158,-64,-11,66838,275,-397,1,66850
-153,-63,-13,66674,271,-401,1,66628
-129,-57,-13,66273,259,-406,1,66240
-96,-51,0,65713,240,-420,1,-65933
-80,-45,21,65050,204,-426,1,-65291
-31,-34,49,64291,60,-444,1,-64170
65,-25,60,63561,-247,-408,1,-63823
141,-35,17,63152,-351,-437,1,-63208
137,-51,-37,63309,-284,-440,1,63357
80,-49,-69,63987,-188,-469,1,63675
0,-57,-105,64932,-20,-473,0,64573
-62,-52,-128,65920,81,-424,1,65540
-137,-57,-128,66862,165,-393,1,66767
-180,-63,-84,67549,228,-375,1,67218
-165,-60,-32,67821,273,-368,1,67600
-167,-55,-14,67732,279,-387,1,67743
-133,-47,-8,67347,286,-382,1,67550
-112,-41,-1,66782,275,-386,1,66568
-72,-37,17,66117,230,-411,1,-66377
-36,-36,41,65449,106,-454,1,-65069
14,-38,69,64831,-87,-442,0,-64701
67,-43,77,64400,-199,-444,1,-64203
89,-53,40,64292,-247,-473,1,-64077
100,-63,-13,64523,-260,-507,1,64679
64,-61,-61,65105,-164,-512,1,65358
8,-63,-108,65869,-34,-484,0,65744
-50,-54,-118,66760,85,-438,1,66906
-111,-57,-122,67602,161,-411,1,67845
-154,-63,-102,68261,205,-401,1,68409
-153,-72,-64,68636,226,-402,1,69004
-152,-66,-45,68753,252,-394,1,68893
-151,-62,-41,68647,259,-385,1,68644
-120,-47,-25,68344,259,-375,1,68303
-86,-39,-3,67924,237,-386,1,67658
-49,-24,38,67535,148,-373,1,-67118
-16,-24,68,67117,1,-390,0,-67576
44,-36,84,66746,-168,-422,1,-67041
97,-49,68,66551,-240,-457,1,-66247
104,-74,6,66706,-252,-512,1,-66995
84,-72,-32,67337,-188,-521,1,66997
-20,-79,-62,68178,40,-559,0,67638
-59,-63,-66,69043,142,-493,1,68759
-117,-70,-87,69750,185,-447,1,69909
-122,-64,-75,70323,210,-431,1,70592
-154,-67,-70,70699,229,-414,1,71118
-158,-66,-53,70862,236,-400,1,70982
-156,-59,-32,70786,264,-390,1,70834
-155,-52,-12,70498,274,-377,1,70569
-107,-41,6,69979,266,-389,1,-70035
-74,-38,19,69343,224,-413,1,-69600
-31,-32,44,68759,83,-433,1,-68955
9,-36,72,68284,-61,-435,0,-68435
51,-49,77,67976,-167,-460,1,-67753
71,-62,52,67938,-204,-509,1,-67609
74,-82,2,68126,-196,-567,1,-67826
67,-88,-36,68605,-162,-566,1,67933
13,-75,-79,69322,-38,-527,0,68842
-35,-57,-83,70176,71,-476,1,70647
-101,-46,-87,71018,198,-418,1,70673
-145,-51,-91,71709,213,-395,1,72121
-166,-57,-72,72140,244,-388,1,71778
-159,-59,-43,72284,257,-390,1,72277
