-12,100,2,594,-29,31,0,574
-12,99,2,654,-29,30,0,740
-12,99,3,713,-30,30,0,675
-12,99,2,773,-28,29,0,875
-14,98,2,830,-24,26,0,860
-57,111,5,849,49,-48,1,798
-115,150,12,578,95,-91,1,684
-182,179,9,-192,140,-126,1,-67
-215,195,-8,-1325,111,-129,1,1490
-174,200,-14,-2491,85,-99,1,2534
-173,191,-32,-3658,102,-98,1,3649
-123,193,-17,-4825,52,-52,1,4727
-56,168,31,-5991,-28,-9,1,6134
41,120,59,-7158,-197,-80,1,-6936
113,47,41,-8300,-346,-259,1,-8261
113,1,-2,-8985,-434,-339,1,9097
87,-7,-42,-8910,-310,-354,1,-8931
39,-25,-96,-8356,-160,-382,1,-8483
-23,-40,-131,-7565,-16,-374,0,7239
-99,-57,-129,-6787,88,-365,1,-7024
-101,-64,-74,-6133,134,-369,1,-5652
-142,-64,-10,-5677,211,-365,1,-5932
-172,-71,38,-5439,214,-341,1,5236
-163,-63,77,-5497,183,-336,1,5202
-150,-53,95,-5843,169,-333,1,6090
-116,-34,113,-6450,117,-325,1,6176
-56,-30,116,-7228,28,-343,1,7468
15,-21,115,-8027,-114,-348,0,7706
77,-25,89,-8655,-248,-376,1,8257
117,-31,34,-8919,-359,-398,1,8823
106,-38,-16,-8607,-352,-417,1,-8483
59,-48,-68,-7886,-215,-453,1,-8076
-14,-70,-112,-7006,-62,-453,0,6785
-49,-68,-105,-6163,14,-418,1,-6566
-124,-66,-95,-5264,137,-367,1,-5392
-155,-57,-52,-4410,185,-333,1,-4191
-145,-54,6,-4029,223,-328,1,3716
-160,-46,71,-3926,205,-309,1,3674
-168,-36,103,-4099,176,-303,1,4476
-126,-26,115,-4542,128,-307,1,4123
-85,-22,109,-5173,81,-324,1,5385
-31,-25,95,-5924,-4,-358,1,-5664
21,-34,78,-6621,-137,-406,0,6329
60,-47,54,-7182,-240,-446,1,7544
86,-56,19,-7482,-306,-463,1,7607
89,-71,-23,-7384,-273,-470,1,-7193
62,-72,-40,-6916,-225,-502,1,-6732
30,-77,-54,-6257,-148,-525,1,-6796
-14,-65,-84,-5325,8,-455,0,-5407
-134,-70,-101,-4355,175,-384,1,-4214
-132,-76,-65,-3666,165,-387,1,-4094
-138,-79,-15,-3221,191,-385,1,-3426
-143,-70,27,-2983,196,-378,1,2760
-147,-59,59,-2987,182,-348,1,2775
-124,-46,79,-3252,150,-345,1,3431
-95,-37,80,-3731,118,-355,1,4015
-51,-38,73,-4361,57,-391,1,4330
-10,-45,66,-5044,-50,-441,0,-4704
44,-51,58,-5666,-197,-454,1,5895
79,-61,34,-6121,-265,-462,1,6015
96,-65,6,-6200,-294,-469,1,6371
84,-80,-31,-5890,-240,-489,1,-5633
51,-83,-43,-5295,-186,-528,1,-5713
21,-79,-62,-4436,-115,-514,0,-4933
-72,-61,-85,-3435,116,-411,1,-3241
-166,-63,-98,-2596,167,-356,1,-2847
-140,-83,-53,-2094,166,-394,1,-2541
-166,-77,-2,-1878,211,-362,1,-1541
-140,-68,30,-1961,184,-369,1,1717
-112,-56,49,-2352,162,-367,1,2185
-68,-45,56,-2943,106,-394,1,2761
-20,-44,66,-3662,-20,-415,0,-4025
35,-43,85,-4388,-167,-397,1,4182
70,-42,84,-4992,-247,-413,1,4653
99,-52,31,-5259,-330,-444,1,5172
115,-67,-18,-5099,-313,-451,1,-4916
90,-68,-59,-4497,-233,-457,1,-4241
12,-73,-82,-3567,-84,-474,0,-3188
-64,-71,-99,-2654,55,-426,1,-3036
-98,-76,-79,-1932,99,-411,1,-1558
-108,-78,-35,-1356,151,-414,1,-1095
-139,-86,10,-1026,196,-395,1,1433
-144,-83,52,-919,183,-385,1,587
-152,-74,69,-1087,179,-374,1,1376
-108,-60,71,-1517,135,-390,1,1274
-65,-53,61,-2160,88,-420,1,2526
-23,-54,43,-2874,-16,-495,0,-2771
52,-57,29,-3627,-283,-493,1,3790
125,-60,-2,-4178,-355,-417,1,-4312
149,-67,-42,-4159,-337,-416,1,-4109
103,-59,-60,-3552,-257,-421,1,-3359
43,-47,-59,-2599,-175,-439,1,-2819
-68,-30,-71,-1443,105,-377,1,-1193
-134,-51,-93,-610,119,-366,1,-916
-112,-67,-51,-85,148,-366,1,-434
-153,-70,-1,267,218,-354,1,110
-136,-79,48,379,182,-368,1,-89
-151,-74,85,280,170,-349,1,-104
-121,-56,106,-97,121,-356,1,348
-68,-49,98,-706,70,-376,1,994
-22,-49,84,-1417,-17,-414,0,-1143
47,-49,85,-2155,-184,-414,1,2313
90,-51,70,-2679,-262,-414,1,2755
102,-53,22,-2754,-321,-452,1,2565
86,-67,-39,-2387,-262,-482,1,-2440
61,-59,-70,-1664,-200,-453,1,-1854
3,-43,-86,-721,-73,-421,0,-835
-58,-40,-94,226,63,-378,1,484
-118,-34,-76,1123,178,-339,1,1439
-168,-44,-51,1870,233,-333,1,1622
-179,-70,-4,2247,218,-354,1,2443
-172,-76,40,2287,204,-359,1,-2447
-161,-71,66,2056,181,-358,1,-2432
-119,-56,66,1556,159,-366,1,-2023
-91,-49,62,828,132,-378,1,-663
-40,-43,63,-36,24,-411,1,400
16,-43,60,-902,-140,-444,0,689
79,-50,44,-1671,-285,-428,1,1632
125,-51,4,-2147,-372,-420,1,2298
136,-53,-37,-2093,-339,-413,1,-2170
123,-48,-79,-1549,-275,-394,1,-1679
65,-67,-138,-759,-151,-397,1,-870
-17,-56,-136,209,-17,-360,0,-261
-99,-44,-84,1219,144,-339,1,1304
-154,-47,-25,2008,245,-328,1,1734
-156,-58,30,2465,226,-346,1,-2214
-170,-68,69,2618,202,-354,1,-2878
-152,-65,91,2463,172,-360,1,-2268
-120,-57,88,2046,140,-377,1,-1567
-73,-56,73,1417,82,-410,1,-1144
-8,-54,66,734,-67,-461,0,802
57,-58,46,104,-245,-472,1,-359
102,-64,-6,-290,-333,-458,1,-508
129,-77,-59,-241,-284,-426,1,-183
93,-76,-80,227,-208,-439,1,448
34,-77,-79,897,-127,-468,1,527
-4,-66,-70,1672,-53,-467,0,-1900
-62,-61,-69,2566,91,-419,1,3001
-127,-55,-36,3409,198,-358,1,3226
-152,-61,-3,3955,222,-354,1,3686
-168,-65,38,4195,201,-350,1,-4406
-146,-63,76,4110,163,-359,1,-4396
-146,-57,87,3771,158,-356,1,-4028
-102,-44,102,3171,91,-356,1,-3441
-44,-40,91,2432,15,-392,1,-2141
10,-44,67,1708,-126,-445,0,-1806
70,-50,44,1130,-296,-449,1,-1238
112,-63,3,884,-352,-448,1,-987
106,-61,-28,1150,-305,-444,1,1211
56,-64,-57,1733,-194,-467,1,2026
34,-65,-71,2473,-148,-463,1,2259
-5,-62,-85,3359,-43,-441,0,-3299
-74,-55,-82,4305,105,-387,1,4375
-121,-59,-60,5094,178,-377,1,4694
-150,-66,-33,5673,207,-372,1,5986
-158,-74,1,5961,221,-365,1,-5679
-169,-63,49,5991,211,-342,1,-5702
-161,-63,70,5708,190,-346,1,-6001
-118,-45,91,5154,129,-338,1,-5620
-68,-38,95,4466,62,-353,1,-4119
-19,-30,92,3719,-41,-366,0,3987
48,-34,80,2997,-204,-392,1,-2748
97,-49,48,2484,-305,-412,1,-2430
119,-57,7,2455,-345,-430,1,-2346
98,-63,-22,2899,-289,-459,1,3059
64,-70,-44,3633,-208,-481,1,3891
7,-61,-55,4573,-81,-504,0,4213
-56,-62,-77,5461,62,-435,1,5276
-98,-60,-75,6266,130,-390,1,6510
-121,-60,-58,6912,181,-382,1,6833
-135,-67,-38,7397,207,-372,1,7611
-146,-67,3,7702,224,-360,1,-8003
-168,-67,48,7778,213,-347,1,-7996
-155,-65,74,7557,182,-353,1,-7361
-124,-55,75,7079,154,-368,1,-6744
-72,-47,71,6433,94,-384,1,-6190
-39,-38,75,5799,24,-389,1,-6001
7,-39,72,5212,-100,-419,0,-5623
59,-55,53,4750,-252,-460,1,-4998
100,-68,19,4603,-310,-469,1,-4398
93,-80,-16,4832,-264,-495,1,4631
68,-72,-28,5334,-225,-507,1,5591
50,-49,-46,6046,-196,-471,1,5799
-49,-38,-100,6867,51,-402,1,6916
-70,-46,-127,7631,40,-374,1,7303
-113,-54,-112,8332,129,-358,1,8513
-130,-72,-65,8927,170,-362,1,9113
-148,-74,-26,9287,203,-379,1,9526
-159,-77,0,9447,207,-358,1,-9629
-172,-66,44,9362,205,-334,1,-9688
-127,-51,81,8980,140,-340,1,-8918
-81,-43,89,8389,86,-366,1,-8671
-35,-39,83,7708,-7,-391,1,8136
6,-41,68,7072,-136,-446,0,-6899
53,-48,39,6612,-269,-473,1,-6463
99,-56,-9,6411,-329,-456,1,6619
105,-63,-46,6599,-289,-447,1,6432
80,-59,-72,7124,-233,-441,1,6826
15,-59,-97,7868,-94,-435,0,7940
-26,-56,-98,8697,-7,-420,1,-8209
-96,-60,-105,9555,128,-384,1,9379
-137,-66,-87,10281,154,-371,1,10589
-144,-70,-37,10783,203,-363,1,11091
-162,-73,10,11047,223,-356,1,-10876
-171,-71,56,10999,200,-351,1,-11191
-135,-65,71,10610,168,-371,1,-10283
-103,-56,57,10018,152,-393,1,-9818
-61,-53,46,9272,99,-424,1,-9690
-6,-50,54,8534,-67,-462,0,8409
64,-53,62,7910,-240,-426,1,-8170
108,-61,35,7620,-321,-435,1,-7495
101,-61,-10,7759,-308,-455,1,7913
89,-58,-49,8227,-268,-434,1,8394
52,-51,-73,8963,-192,-440,1,8774
5,-38,-88,9864,-72,-416,0,10021
-76,-29,-107,10826,100,-370,1,11105
-136,-53,-130,11729,130,-353,1,11266
-147,-63,-94,12352,155,-357,1,12621
-143,-73,-36,12766,207,-364,1,12444
-170,-67,-4,12972,230,-344,1,13302
-149,-60,26,12873,216,-345,1,-13184
-128,-45,51,12516,189,-327,1,-12669
-84,-46,59,11951,123,-373,1,-12263
-45,-46,66,11298,31,-408,1,-11755
2,-50,62,10659,-92,-459,0,-10302
48,-59,37,10139,-251,-496,1,-9891
101,-62,-1,9920,-344,-455,1,9738
110,-68,-37,10152,-302,-449,1,10063
64,-60,-63,10768,-211,-453,1,11072
11,-60,-103,11565,-86,-439,0,11418
-37,-55,-119,12409,8,-396,1,12701
-95,-54,-104,13299,118,-370,1,13051
-147,-67,-90,14061,167,-358,1,14245
-155,-73,-41,14547,203,-358,1,14724
-167,-74,12,14749,216,-369,1,-14550
-186,-67,40,14668,217,-353,1,-14374
-142,-50,57,14233,188,-354,1,-14019
-90,-41,57,13573,141,-366,1,-13487
-36,-38,57,12866,38,-410,1,-13250
18,-41,56,12206,-151,-439,0,-11919
68,-53,40,11739,-282,-451,1,-11612
98,-66,5,11632,-305,-452,1,-11687
94,-83,-38,11923,-249,-483,1,12195
53,-75,-54,12513,-177,-498,1,12777
2,-64,-75,13196,-80,-480,0,12905
-25,-59,-91,13904,-23,-429,1,-14226
-78,-49,-87,14672,102,-379,1,14436
-120,-53,-72,15413,173,-358,1,15866
-166,-67,-39,15939,211,-349,1,16142
-164,-67,7,16176,220,-363,1,-15972
-171,-69,25,16136,216,-361,1,-15949
-148,-53,56,15802,193,-348,1,-15549
-97,-44,75,15201,130,-359,1,-14983
-42,-41,79,14480,32,-380,1,-14727
-9,-34,83,13784,-62,-381,0,13537
56,-42,72,13226,-241,-411,1,-12955
93,-54,44,13018,-295,-428,1,-12817
94,-72,-11,13225,-297,-483,1,13171
80,-72,-40,13770,-253,-482,1,13540
30,-75,-64,14553,-137,-504,1,14798
-26,-67,-79,15424,-7,-456,1,-15768
-88,-61,-83,16323,120,-400,1,15886
-135,-61,-75,17044,174,-368,1,17318
-148,-68,-40,17529,208,-364,1,17718
-159,-68,2,17771,227,-359,1,-17459
-136,-66,21,17738,216,-376,1,-17462
-156,-66,25,17493,225,-359,1,-17683
-139,-50,62,17038,191,-342,1,-17379
-97,-41,76,16401,133,-359,1,-16886
-54,-39,71,15670,66,-381,1,-15456
-10,-40,77,14996,-65,-403,0,15143
68,-44,80,14467,-273,-407,1,-14394
118,-49,44,14324,-349,-416,1,-14175
117,-54,-17,14667,-336,-436,1,14820
85,-52,-58,15368,-259,-426,1,15615
19,-38,-90,16345,-110,-415,0,15943
-54,-41,-116,17399,33,-377,1,17091
-144,-31,-103,18520,169,-322,1,18756
-189,-54,-65,19316,205,-340,1,18976
-208,-74,-13,19716,247,-342,1,19503
-207,-68,19,19692,223,-346,1,-19960
-142,-58,57,19269,183,-357,1,-18969
-118,-35,77,18595,147,-337,1,-18810
-55,-33,74,17732,56,-365,1,-17488
-20,-20,77,16819,-31,-358,0,16519
53,-33,46,15917,-299,-425,1,-16024
126,-50,0,15376,-371,-407,1,-15545
135,-59,-42,15410,-330,-417,1,15436
95,-56,-61,15971,-257,-423,1,16018
51,-45,-66,16819,-195,-419,1,16526
-53,-44,-85,17812,56,-402,1,17525
-67,-57,-86,18653,52,-400,1,18762
-113,-47,-59,19447,193,-347,1,18955
-149,-54,-30,20089,233,-342,1,20346
-159,-69,6,20441,236,-353,1,-20107
-173,-75,56,20523,204,-348,1,-20834
-147,-82,84,20256,166,-373,1,-20071
-120,-72,76,19756,144,-393,1,-19532
-72,-63,65,19040,97,-418,1,-19356
-19,-57,62,18229,-26,-454,0,18175
29,-48,63,17472,-173,-441,1,-17755
104,-49,42,16865,-352,-415,1,-16722
111,-56,-1,16707,-353,-434,1,16841
94,-54,-35,17005,-300,-427,1,17062
73,-48,-62,17664,-235,-427,1,17432
17,-47,-78,18622,-94,-427,0,18745
-48,-34,-80,19771,61,-377,1,19516
-117,-40,-88,20887,159,-352,1,20560
-145,-54,-71,21726,188,-341,1,21974
-143,-59,-14,22292,225,-349,1,22035
-151,-70,19,22648,226,-356,1,-22843
-183,-68,35,22793,230,-339,1,-22633
-152,-64,64,22625,180,-358,1,-22876
-126,-52,76,22181,157,-351,1,-22376
-79,-50,69,21532,103,-388,1,-21954
-36,-43,74,20791,8,-404,1,-20717
23,-38,80,20055,-142,-407,0,-20269
63,-49,51,19500,-268,-449,1,-19673
84,-48,20,19350,-326,-451,1,-19326
78,-54,-25,19563,-283,-477,1,19661
65,-64,-72,20089,-203,-457,1,20289
3,-54,-83,20883,-75,-442,0,20486
-28,-42,-84,21805,-4,-405,1,-21721
-113,-37,-90,22750,151,-348,1,22812
-130,-53,-76,23504,166,-351,1,23253
-138,-55,-38,24054,221,-348,1,23785
-186,-74,-4,24373,234,-351,1,24177
-191,-75,32,24349,220,-347,1,-24141
-161,-68,55,23962,187,-355,1,-23701
-95,-56,58,23308,138,-381,1,-23211
-55,-50,53,22595,81,-412,1,-22969
-15,-46,61,21890,-41,-427,0,21532
40,-46,68,21296,-196,-419,1,-21012
85,-55,40,20946,-325,-439,1,-20841
107,-65,-1,21019,-332,-450,1,21177
85,-59,-27,21532,-275,-459,1,21682
26,-50,-41,22302,-150,-504,1,22140
0,-40,-63,23156,-68,-443,0,23446
-66,-37,-82,24123,103,-377,1,24339
-130,-41,-70,25118,195,-347,1,25448
-144,-59,-44,25879,206,-364,1,25647
-150,-75,-14,26331,213,-376,1,26536
-168,-93,12,26489,192,-396,1,-26311
-179,-89,34,26415,197,-384,1,-26207
-151,-78,38,26049,187,-378,1,-25854
-113,-59,42,25428,170,-378,1,-25317
-69,-51,49,24643,106,-402,1,-25085
-15,-43,74,23827,-44,-405,0,23744
42,-44,83,23068,-182,-404,1,-23404
85,-45,61,22581,-280,-409,1,-22782
82,-45,24,22502,-320,-448,1,-22276
79,-47,-17,22872,-304,-453,1,22977
47,-30,-46,23640,-213,-431,1,23870
-10,-40,-91,24554,-59,-414,0,-24124
-38,-30,-113,25533,9,-356,1,25244
-117,-36,-117,26527,149,-332,1,26209
-138,-59,-79,27288,164,-361,1,27562
-149,-72,-16,27799,209,-365,1,28149
-168,-75,16,28067,214,-361,1,-27876
-169,-72,35,28089,212,-354,1,-27844
-169,-55,60,27865,200,-336,1,-28160
-110,-49,62,27354,161,-366,1,-27511
-94,-45,65,26677,134,-374,1,-27126
-44,-38,80,25929,21,-389,1,-25734
23,-39,68,25234,-144,-424,0,-25550
75,-36,29,24781,-305,-432,1,-24613
91,-51,-30,24593,-299,-454,1,24713
98,-59,-69,24738,-277,-436,1,24602
84,-66,-89,25316,-225,-424,1,25581
-3,-46,-82,26358,-42,-409,0,-26428
-64,-46,-88,27415,59,-382,1,27159
-120,-45,-100,28398,146,-342,1,28434
-179,-47,-67,29145,199,-329,1,28811
-180,-46,7,29563,237,-327,1,-29259
-176,-46,53,29592,193,-311,1,-29404
-165,-34,104,29290,163,-304,1,-29449
-132,-32,99,28734,140,-332,1,-28934
-90,-35,72,27975,125,-364,1,-27746
-47,-33,60,27120,51,-396,1,-26746
8,-30,58,26299,-116,-424,0,-26435
56,-38,51,25551,-245,-424,1,-25266
121,-43,26,25073,-360,-412,1,-24904
137,-53,-21,25037,-331,-423,1,24971
108,-49,-45,25475,-282,-421,1,25421
59,-41,-57,26258,-220,-429,1,26573
-6,-43,-94,27212,-55,-413,0,-27543
-93,-52,-126,28225,82,-369,1,28530
-129,-65,-103,29102,129,-359,1,28908
-149,-63,-37,29728,194,-360,1,29960
-131,-58,23,30090,203,-366,1,-29828
-154,-56,48,30224,204,-342,1,-30485
-141,-61,56,30121,194,-357,1,-29829
-152,-61,74,29813,177,-350,1,-30076
-93,-58,91,29270,96,-379,1,-29554
-57,-52,92,28599,38,-398,1,-28233
3,-40,88,27915,-91,-404,0,-27837
45,-36,69,27346,-223,-424,1,-27620
69,-25,37,27049,-342,-434,1,-26935
86,-45,-24,27071,-325,-456,1,26962
85,-45,-61,27578,-274,-425,1,27461
30,-46,-105,28435,-129,-416,1,28244
-41,-52,-128,29465,-6,-384,1,-29189
-87,-44,-113,30519,81,-345,1,30256
-144,-44,-83,31432,184,-321,1,31685
-169,-55,-31,32085,232,-307,1,31756
-180,-60,30,32405,244,-326,1,-32690
-190,-61,50,32387,224,-331,1,-32666
-160,-52,66,32048,195,-332,1,-31830
-130,-42,65,31453,174,-342,1,-31693
-85,-35,67,30692,108,-354,1,-30432
-23,-34,77,29887,-29,-387,0,30041
51,-34,73,29145,-247,-397,1,-28924
90,-49,36,28750,-325,-435,1,-28918
81,-47,2,28779,-323,-453,1,-28820
73,-52,-35,29144,-269,-462,1,28994
53,-58,-61,29800,-190,-466,1,30007
8,-52,-72,30663,-82,-451,0,30250
-39,-47,-76,31609,42,-418,1,31410
-104,-47,-71,32572,162,-370,1,32483
-129,-50,-53,33379,195,-366,1,33611
-167,-70,-49,33942,211,-364,1,34302
-157,-71,-17,34255,206,-373,1,33980
-168,-69,11,34333,220,-363,1,-34625
-158,-53,36,34150,222,-340,1,-33894
-131,-58,30,33671,197,-378,1,-33438
-104,-51,45,32995,175,-371,1,-33094
-91,-44,66,32176,125,-363,1,-31896
-22,-30,84,31260,-22,-369,0,31527
54,-28,82,30355,-216,-373,1,-30541
110,-33,54,29746,-326,-377,1,-29813
135,-38,6,29588,-366,-389,1,-29659
109,-46,-33,29908,-308,-413,1,29720
80,-49,-51,30624,-259,-439,1,30533
23,-42,-62,31595,-131,-445,0,31316
-61,-39,-70,32641,60,-410,1,32376
-88,-37,-67,33562,121,-378,1,33320
-128,-47,-86,34390,153,-364,1,34723
-144,-58,-76,35063,171,-355,1,35264
-158,-75,-33,35503,195,-362,1,35825
-193,-74,25,35652,204,-344,1,-35405
-152,-76,44,35397,185,-376,1,-35705
-151,-62,41,34912,201,-361,1,-35137
-95,-47,47,34184,154,-383,1,-33841
-45,-40,51,33297,60,-409,1,-33679
19,-36,57,32438,-163,-422,0,-32699
91,-36,50,31734,-336,-400,1,-31616
112,-46,13,31467,-347,-408,1,-31350
102,-47,-24,31678,-312,-419,1,31607
58,-47,-58,32260,-211,-452,1,32571
-1,-53,-91,32992,-82,-434,0,-33133
-35,-60,-109,33702,-30,-410,1,-33365
-100,-58,-93,34518,119,-369,1,34772
-130,-70,-66,35225,167,-369,1,35016
-137,-76,-28,35708,194,-385,1,35557
-177,-72,24,35955,224,-341,1,-36140
-162,-69,68,35817,189,-347,1,-35501
-144,-65,84,35350,161,-356,1,-35661
-104,-52,84,34652,126,-367,1,-34384
-52,-47,78,33828,49,-398,1,-34249
41,-43,86,33009,-168,-394,1,-33162
112,-39,98,32379,-262,-377,1,-32306
114,-37,54,32235,-317,-403,1,-32039
83,-37,-8,32506,-324,-441,1,32370
46,-31,-55,33040,-224,-434,1,32891
28,-29,-87,33742,-140,-392,1,33431
-30,-35,-111,34626,-7,-383,1,-34409
-76,-33,-110,35559,69,-351,1,35833
-114,-48,-94,36462,135,-348,1,36786
-133,-63,-57,37182,178,-358,1,36968
-160,-81,-11,37672,199,-379,1,37459
-185,-86,42,37867,194,-357,1,-37514
-151,-80,77,37685,158,-376,1,-37452
-149,-70,66,37271,175,-377,1,-37073
-116,-57,51,36630,161,-383,1,-36531
-56,-46,53,35876,81,-419,1,-36348
8,-39,56,35120,-115,-443,0,-35053
62,-37,41,34521,-284,-428,1,-34394
92,-48,-1,34237,-334,-441,1,34104
89,-46,-37,34373,-295,-421,1,34452
61,-51,-77,34850,-206,-435,1,35101
33,-44,-98,35590,-138,-403,1,35445
-20,-33,-115,36569,-3,-365,0,-36853
-114,-50,-118,37600,131,-354,1,37684
-158,-69,-84,38452,177,-352,1,38739
-176,-80,-22,39001,209,-369,1,39182
-195,-78,27,39229,209,-358,1,-38943
-169,-62,51,39088,203,-344,1,-39306
-152,-47,46,38656,207,-335,1,-38422
-81,-41,44,37952,150,-375,1,-38392
-41,-36,61,37154,39,-386,1,-37042
32,-34,77,36386,-179,-389,1,-36700
85,-41,70,35805,-284,-404,1,-35694
121,-41,33,35651,-352,-413,1,-35828
113,-54,-26,36038,-288,-446,1,35898
29,-43,-41,36783,-156,-500,1,36571
27,-37,-72,37568,-152,-442,1,37781
-32,-28,-110,38448,-8,-372,1,-38703
-93,-16,-139,39459,69,-322,1,39933
-134,-30,-147,40380,124,-322,1,40072
-173,-59,-76,41027,196,-335,1,41239
-193,-72,-11,41366,231,-348,1,41124
-214,-65,2,41400,234,-343,1,-41105
-167,-45,13,41064,231,-334,1,-41287
-113,-32,21,40445,218,-329,1,-39959
-67,-32,35,39689,138,-364,1,-39574
-28,-27,64,38877,3,-370,1,-38638
45,-30,69,38029,-217,-382,1,-38239
124,-32,40,37414,-384,-387,1,-37524
144,-52,-30,37411,-351,-419,1,37474
101,-49,-71,37971,-249,-419,1,38169
44,-45,-102,38938,-143,-401,1,39266
-32,-30,-114,40194,18,-359,1,39942
-89,-28,-106,41301,94,-342,1,41079
-99,-37,-88,42281,131,-341,1,42220
-167,-39,-55,43113,220,-319,1,43326
-175,-49,-9,43667,241,-317,1,43979
-192,-52,17,43875,238,-331,1,-43610
-175,-48,19,43759,225,-333,1,-43988
-147,-37,19,43352,230,-330,1,-43090
-117,-37,22,42709,215,-355,1,-42790
-80,-38,27,41908,173,-384,1,-41493
-45,-34,44,41023,71,-399,1,-41429
20,-37,63,40136,-157,-414,0,-40389
90,-39,71,39369,-295,-395,1,-39262
126,-55,27,39028,-345,-415,1,-39139
120,-60,-13,39237,-333,-438,1,39408
73,-56,-46,39933,-254,-454,1,39573
14,-47,-78,40885,-141,-430,0,40699
-16,-26,-81,41946,-35,-356,0,-41696
-152,-13,-62,43082,218,-292,1,43286
-172,-43,-22,43903,244,-323,1,43614
-169,-63,18,44366,228,-351,1,-44148
-160,-67,41,44534,209,-361,1,-44217
-172,-62,54,44442,203,-350,1,-44208
-153,-52,67,44078,192,-348,1,-44383
-132,-49,66,43467,174,-358,1,-43251
-75,-43,69,42646,100,-383,1,-42923
-28,-35,72,41757,-7,-401,1,41721
47,-34,56,40895,-241,-419,1,-40665
106,-42,22,40331,-363,-411,1,-40238
124,-55,-34,40288,-344,-416,1,40384
108,-60,-73,40761,-256,-410,1,40515
35,-64,-87,41592,-115,-443,1,41977
-25,-55,-69,42562,6,-440,1,42906
-69,-53,-40,43457,108,-415,1,43111
-83,-50,-5,44340,166,-390,1,44147
-147,-46,28,45138,234,-336,1,-45400
-199,-55,57,45667,222,-335,1,-45882
-187,-65,75,45746,195,-357,1,-45992
-165,-63,70,45476,186,-368,1,-45231
-130,-53,58,44925,182,-374,1,-44595
-105,-43,51,44186,176,-374,1,-44334
-67,-39,52,43290,112,-393,1,-43186
2,-35,56,42366,-112,-428,0,-42145
85,-41,49,41591,-310,-402,1,-41629
100,-49,20,41199,-339,-421,1,-41051
96,-50,-9,41244,-333,-439,1,41404
86,-54,-35,41651,-269,-443,1,41543
62,-58,-59,42346,-181,-455,1,42022
10,-65,-76,43240,-62,-473,0,43278
-26,-58,-83,44231,12,-432,1,44309
-114,-39,-102,45268,180,-350,1,45324
-153,-53,-88,46128,183,-341,1,46379
-167,-67,-18,46690,230,-336,1,46909
-168,-71,60,46953,187,-360,1,-46700
-155,-68,85,46946,164,-359,1,-46640
-139,-65,75,46736,155,-372,1,-47099
-117,-59,58,46323,147,-389,1,-46484
-105,-56,60,45765,124,-394,1,-45905
-52,-38,60,45106,56,-416,1,-45501
0,-41,29,44369,-89,-551,0,-44825
51,-45,1,43768,-278,-493,1,-43549
101,-53,-26,43435,-327,-432,1,43273
111,-53,-44,43553,-307,-419,1,43714
81,-60,-62,44085,-236,-439,1,44348
27,-57,-73,44901,-129,-453,1,44617
-36,-52,-89,45856,20,-409,1,45799
-103,-47,-90,46810,138,-359,1,46884
-139,-59,-68,47636,182,-355,1,47920
-156,-63,-22,48202,223,-350,1,48507
-183,-74,26,48509,218,-347,1,-48156
-192,-67,67,48499,190,-335,1,-48191
-153,-54,88,48119,149,-342,1,-47810
-101,-43,80,47457,119,-363,1,-47202
-62,-36,65,46656,80,-386,1,-47054
11,-35,59,45855,-120,-428,0,-45780
43,-41,58,45234,-187,-438,1,-45448
63,-48,32,44837,-267,-470,1,-45002
101,-59,-8,44696,-307,-461,1,44605
96,-70,-39,44919,-267,-463,1,44979
89,-63,-51,45528,-235,-446,1,45273
33,-63,-78,46402,-123,-455,1,46255
-34,-60,-93,47400,25,-429,1,47320
-61,-55,-97,48328,61,-400,1,48403
-116,-49,-90,49162,138,-362,1,49648
-144,-46,-61,49829,194,-336,1,50101
-165,-50,-13,50237,243,-331,1,50462
-182,-50,10,50382,253,-340,1,-50670
-183,-45,16,50229,254,-310,1,-50552
-141,-40,25,49766,226,-331,1,-50048
-91,-40,34,49101,175,-364,1,-48726
-48,-46,59,48390,53,-409,1,-48274
25,-44,93,47699,-152,-390,1,-47918
53,-44,88,47221,-221,-413,1,-47473
73,-54,35,47015,-304,-476,1,-46864
92,-73,-23,47150,-287,-504,1,47302
48,-72,-52,47650,-185,-511,1,47907
41,-73,-77,48302,-161,-473,1,48632
-9,-53,-90,49147,-58,-427,0,-48656
-76,-35,-104,50029,78,-356,1,49741
-134,-37,-104,50824,147,-324,1,51101
-154,-50,-66,51370,205,-328,1,51658
-152,-56,4,51705,238,-324,1,-51444
-165,-54,56,51790,216,-333,1,-52081
-165,-56,68,51599,194,-353,1,-51450
-140,-58,62,51136,176,-370,1,-50831
-99,-54,64,50476,131,-388,1,-50233
-49,-49,66,49733,37,-416,1,-50111
11,-50,56,49035,-124,-470,0,-48678
56,-59,39,48477,-257,-481,1,-48540
99,-56,15,48206,-329,-442,1,-48360
110,-66,-28,48326,-308,-438,1,48247
99,-57,-43,48864,-295,-428,1,48671
42,-37,-51,49828,-193,-431,1,50165
-54,-28,-74,50996,91,-373,1,50815
-136,-28,-89,52053,165,-334,1,51834
-184,-44,-83,52928,206,-323,1,53121
-202,-63,-37,53398,221,-335,1,53717
-164,-68,10,53423,223,-351,1,-53704
-166,-61,33,53163,227,-337,1,-52900
-125,-47,60,52622,172,-337,1,-52256
-74,-41,79,51878,93,-352,1,-52106
-38,-36,86,51101,13,-367,1,-50862
0,-38,90,50314,-87,-389,0,-50470
50,-41,84,49637,-197,-401,1,-49405
90,-49,54,49212,-300,-433,1,-49401
105,-57,17,49215,-335,-452,1,-49394
91,-58,-35,49685,-291,-463,1,49850
47,-60,-81,50504,-176,-457,1,50280
-8,-47,-96,51537,-61,-413,0,-51334
-54,-35,-100,52615,41,-363,1,52403
-131,-26,-91,53720,165,-310,1,53386
-159,-32,-45,54502,228,-304,1,54659
-162,-47,17,54951,245,-320,1,-55281
-174,-53,63,55093,205,-337,1,-54798
-165,-53,78,54945,185,-345,1,-55198
-143,-46,79,54523,172,-342,1,-54766
-100,-42,65,53872,146,-371,1,-54169
-65,-51,47,53114,113,-427,1,-52992
-35,-51,48,52358,27,-462,1,-52596
24,-56,50,51606,-153,-490,0,-51449
77,-67,23,50941,-289,-487,1,-50721
112,-69,-15,50629,-312,-443,1,50545
106,-60,-38,50796,-295,-437,1,50825
76,-48,-51,51394,-251,-438,1,51679
32,-38,-64,52307,-160,-425,1,52573
-54,-31,-88,53397,63,-368,1,53690
-111,-35,-91,54375,133,-337,1,54695
-138,-47,-71,55181,186,-335,1,54939
-139,-55,-26,55778,210,-343,1,55488
-143,-64,18,56137,211,-352,1,-55910
-178,-56,73,56275,193,-329,1,-55959
-157,-60,90,56063,156,-352,1,-56259
-120,-53,87,55581,135,-369,1,-55550
-84,-47,72,54902,105,-395,1,-55204
-33,-44,56,54146,17,-450,1,-53859
20,-51,36,53433,-152,-516,0,-53806
78,-53,18,52907,-313,-460,1,-52788
109,-58,-11,52817,-328,-442,1,52978
89,-61,-40,53257,-259,-457,1,53378
35,-49,-58,54033,-152,-466,1,53886
-28,-39,-82,54954,7,-408,1,55125
-80,-38,-95,55800,88,-361,1,55551
-116,-32,-79,56611,181,-332,1,56572
-186,-55,-57,57371,221,-330,1,57659
-175,-72,8,57790,216,-352,1,-57564
-181,-78,51,57873,196,-359,1,-58235
-156,-67,70,57644,161,-360,1,-57463
-104,-50,76,57163,121,-371,1,-56922
-81,-45,66,56591,112,-390,1,-56520
-56,-47,52,56021,83,-431,1,-56071
-29,-56,35,55444,25,-510,1,-55676
39,-61,8,54908,-195,-547,1,-54413
66,-64,-18,54546,-221,-501,1,54357
85,-70,-42,54363,-271,-471,1,54457
107,-74,-46,54525,-283,-443,1,54353
68,-65,-42,55130,-256,-454,1,54862
21,-29,-39,56167,-160,-422,0,55920
-103,-12,-49,57425,177,-310,1,57739
-177,-27,-51,58425,239,-310,1,58744
-219,-48,-20,59072,263,-314,1,58907
-191,-61,25,59290,241,-331,1,-59066
-183,-58,43,59190,225,-344,1,-58920
-162,-46,54,58768,207,-338,1,-58552
-105,-38,69,58079,152,-350,1,-58130
-67,-33,75,57241,79,-354,1,-56990
-19,-35,90,56432,-35,-381,0,56646
24,-33,98,55772,-158,-386,0,-55449
67,-25,70,55461,-261,-382,1,-55491
73,-35,-2,55539,-350,-453,1,55299
69,-53,-70,56053,-243,-444,1,56203
4,-44,-104,57003,-84,-401,0,57122
-65,-39,-113,58024,49,-363,1,58342
-113,-39,-112,58999,135,-332,1,59265
-163,-42,-74,59833,210,-312,1,59549
-176,-54,2,60344,256,-315,1,-60186
-188,-55,59,60549,233,-318,1,-60901
-190,-52,80,60429,207,-318,1,-60707
-153,-43,95,60002,163,-325,1,-60268
-101,-39,94,59340,117,-345,1,-59135
-73,-38,90,58603,72,-369,1,-58856
-21,-31,90,57869,-28,-382,0,58169
21,-24,72,57243,-163,-402,0,-57057
68,-26,20,56875,-354,-429,1,-57005
84,-45,-38,56914,-304,-447,1,56989
55,-34,-66,57470,-221,-417,1,57686
0,-31,-101,58368,-75,-399,0,58812
-63,-31,-131,59341,47,-356,1,58912
-107,-40,-138,60253,106,-335,1,60094
-134,-52,-93,61063,170,-335,1,61322
-155,-61,-28,61649,222,-357,1,61909
-176,-71,4,61969,222,-361,1,-62282
-187,-73,28,62016,223,-355,1,-62225
-175,-63,50,61746,212,-322,1,-61447
-139,-50,64,61218,181,-349,1,-60980
-95,-38,73,60461,127,-354,1,-60675
-28,-33,84,59600,-12,-373,1,59843
18,-30,91,58839,-143,-385,0,-58512
69,-16,66,58304,-301,-380,1,-58269
100,-22,-10,58200,-390,-408,1,58161
59,-33,-83,58678,-218,-421,1,58369
15,-21,-115,59572,-108,-357,0,59856
-28,-31,-129,60604,-16,-349,1,-60778
-93,-20,-126,61754,108,-307,1,61525
-139,-42,-93,62699,168,-322,1,62974
-144,-53,-51,63442,214,-336,1,63169
-176,-58,0,63967,241,-327,1,-63742
-182,-60,54,64209,222,-315,1,-64399
-166,-55,76,64126,185,-339,1,-64330
-140,-51,57,63804,186,-360,1,-63587
-144,-41,35,63323,213,-352,1,-63063
-131,-32,36,62626,200,-346,1,-62858
-59,-16,51,61732,106,-350,1,-61463
-1,-18,42,60796,-95,-414,0,60550
58,-19,19,60001,-361,-408,1,-60071
112,-38,-39,59527,-353,-410,1,59406
135,-41,-79,59627,-307,-386,1,59578
90,-44,-101,60280,-229,-389,1,59918
37,-34,-98,61303,-145,-370,1,61168
-62,-24,-90,62542,82,-336,1,62755
-116,-30,-68,63704,171,-332,1,63766
-153,-34,-46,64724,238,-321,1,65005
-194,-57,-17,65424,232,-326,1,65239
-175,-58,34,65790,213,-329,1,-66006
-179,-55,70,65890,198,-333,1,-65578
-183,-45,78,65694,194,-333,1,-65992
-165,-36,68,65158,199,-340,1,-65491
-126,-23,58,64309,181,-342,1,-64136
-66,-11,47,63284,134,-345,1,-63118
8,-8,21,62259,-168,-401,0,-61981
74,-21,-16,61422,-369,-391,1,61258
124,-48,-50,61044,-336,-402,1,61131
131,-59,-71,61241,-285,-403,1,61259
79,-57,-71,61923,-227,-420,1,61584
37,-49,-77,62924,-151,-419,1,62626
-48,-41,-94,64055,56,-367,1,64312
-120,-30,-82,65183,200,-321,1,65327
-220,-52,-54,66129,246,-321,1,66361
-205,-61,3,66633,230,-332,1,-66837
-190,-59,55,66691,200,-338,1,-66986
-164,-44,69,66415,182,-342,1,-66115
-143,-38,48,65882,209,-354,1,-65651
-111,-33,33,65117,205,-361,1,-65429
-54,-30,32,64184,136,-402,1,-64427
5,-36,25,63260,-83,-521,0,-62844
45,-45,19,62490,-240,-476,1,-62784
99,-53,8,61961,-345,-426,1,-62117
137,-59,-12,61891,-353,-413,1,61828
111,-62,-29,62315,-305,-434,1,62375
80,-58,-34,63095,-272,-450,1,63218
18,-49,-49,64084,-126,-486,0,64476
-56,-41,-72,65186,42,-393,1,65371
-154,-30,-74,66219,184,-324,1,66462
-209,-42,-61,67051,232,-315,1,66815
-178,-63,-24,67454,216,-323,1,67199
-167,-54,14,67545,248,-330,1,-67319
-183,-51,35,67353,240,-321,1,-67086
-160,-41,65,66826,208,-319,1,-66578
-116,-28,81,66015,148,-328,1,-65591
-50,-20,88,65051,36,-332,1,-65294
24,-16,86,64134,-146,-344,0,-64260
96,-18,67,63428,-342,-372,1,-63444
132,-33,15,63268,-399,-395,1,-63369
102,-39,-27,63726,-322,-419,1,63572
25,-44,-64,64619,-145,-459,1,64831
-27,-53,-93,65638,-26,-428,1,-65958
-75,-48,-97,66675,73,-381,1,66880
-123,-39,-91,67638,165,-345,1,68046
-156,-49,-80,68404,177,-315,1,68184
-159,-48,-13,68889,239,-316,1,68723
-172,-57,66,69095,192,-323,1,-68792
-176,-59,103,68993,170,-337,1,-68747
-167,-48,95,68601,163,-344,1,-68313
-119,-38,71,67925,159,-360,1,-67771
-78,-36,54,67072,126,-385,1,-67494
-19,-33,52,66166,-16,-431,0,66515
60,-39,41,65358,-275,-425,1,-65477
112,-44,13,64985,-369,-414,1,-64866
105,-40,-20,65151,-332,-406,1,65279
72,-37,-50,65772,-252,-424,1,66030
8,-29,-74,66639,-84,-399,0,67021
-72,-30,-101,67556,68,-362,1,67316
-98,-41,-100,68410,111,-356,1,68127
-132,-50,-87,69201,169,-346,1,69446
-144,-67,-54,69835,188,-354,1,70125
-155,-74,-1,70261,222,-360,1,70428
-181,-77,19,70459,224,-352,1,-70253
-169,-65,35,70380,221,-345,1,-70562
-162,-51,56,70027,206,-321,1,-69806
-118,-35,73,69378,157,-334,1,-69328
-69,-30,75,68529,77,-357,1,-68234
0,-29,71,67670,-95,-396,0,-68059
45,-32,56,66968,-240,-420,1,-66782
80,-32,22,66538,-345,-431,1,-66375
82,-50,-30,66530,-294,-458,1,66419
67,-40,-52,66959,-250,-430,1,66703
38,-50,-97,67683,-147,-424,1,67874
-25,-57,-122,68594,-31,-398,1,-68156
-76,-52,-114,69509,72,-373,1,69299
-130,-64,-86,70316,147,-361,1,70591
-151,-74,-20,70877,200,-366,1,71095
-157,-86,28,71164,190,-378,1,-70894
-153,-85,50,71186,183,-376,1,-71472
-149,-75,50,70974,181,-387,1,-70887
-131,-57,48,70525,191,-374,1,-70207
-100,-50,40,69870,178,-389,1,-70050
-64,-38,41,69090,133,-398,1,-68827
-12,-29,45,68258,-24,-426,0,68388
53,-32,38,67480,-282,-416,1,-67346
94,-40,22,66997,-382,-416,1,-66876
125,-47,-12,66995,-375,-407,1,66824
97,-50,-42,67538,-295,-414,1,67347
38,-53,-57,68469,-186,-463,1,68139
-22,-49,-70,69543,-16,-439,0,-69245
-104,-48,-91,70666,118,-367,1,70915
-165,-47,-77,71652,186,-342,1,71374
-164,-65,-48,72288,199,-347,1,72498
-151,-71,-10,72604,201,-355,1,72429
-155,-63,34,72680,185,-351,1,-72331
-116,-43,88,72502,127,-321,1,-72204
-118,-34,107,72125,122,-324,1,-71865
-89,-29,105,71552,98,-342,1,-71322
-56,-29,98,70840,46,-368,1,-71092
16,-30,88,70094,-117,-397,0,-69730
65,-34,65,69522,-245,-418,1,-69350
83,-44,26,69389,-311,-448,1,-69606
72,-41,-2,69757,-305,-443,1,69781
21,-42,-50,70451,-143,-487,0,70228
-32,-49,-101,71285,-16,-422,1,-71576
-75,-48,-109,72126,62,-386,1,71691
-121,-63,-107,72884,132,-377,1,73063
-129,-71,-79,73499,155,-375,1,73341
-135,-74,-50,73920,178,-384,1,74224
-163,-65,-12,74202,230,-341,1,73858
-177,-59,28,74239,227,-342,1,-73949
-170,-51,66,73966,195,-324,1,-74165
-126,-45,77,73351,153,-346,1,-73561
-85,-39,71,72543,117,-369,1,-72301
-49,-34,74,71664,43,-378,1,-71419
22,-33,72,70838,-160,-401,0,-71110
74,-36,53,70243,-277,-400,1,-70312
87,-43,16,70054,-335,-432,1,-69930
84,-45,-12,70305,-318,-442,1,70229
51,-41,-37,70905,-231,-465,1,71155
-6,-47,-68,71699,-84,-470,0,-72192
-29,-49,-87,72561,-11,-415,1,-72349
-102,-51,-83,73525,132,-374,1,73410
-132,-67,-62,74364,168,-374,1,74590
-144,-73,-41,74979,190,-381,1,75213
-158,-79,2,75374,203,-363,1,-75550
-144,-76,53,75491,182,-368,1,-75721
-161,-71,68,75378,192,-361,1,-75644
-145,-59,61,75014,193,-363,1,-74810
-128,-47,48,74439,201,-360,1,-74508
-87,-34,44,73676,156,-364,1,-73316
-34,-37,52,72834,39,-415,1,-72970
27,-34,63,72046,-163,-404,1,-71770
88,-38,53,71445,-306,-401,1,-71680
112,-46,15,71274,-356,-419,1,-71419
99,-45,-20,71634,-323,-431,1,71521
49,-57,-50,72346,-198,-474,1,72637
-11,-51,-66,73319,-48,-463,0,-73726
-58,-58,-86,74282,45,-418,1,74736
-130,-51,-76,75253,163,-362,1,74948
-153,-58,-58,75966,203,-356,1,76173
-152,-73,-33,76406,199,-364,1,76582
-143,-68,13,76580,210,-365,1,-76378
-148,-69,22,76548,210,-366,1,-76410
-151,-61,36,76311,222,-353,1,-76581
-133,-49,60,75797,185,-346,1,-76159
-103,-43,79,75050,136,-354,1,-74948
-54,-31,83,74216,43,-362,1,-73938
13,-26,78,73351,-117,-378,0,-73683
70,-26,62,72637,-288,-386,1,-72514
122,-26,14,72309,-396,-392,1,-72216
107,-44,-49,72494,-313,-421,1,72641
90,-40,-76,73188,-264,-399,1,73048
2,-41,-95,74205,-70,-410,0,73847
-52,-48,-109,75311,34,-382,1,75523
-165,-44,-109,76426,193,-342,1,76798
-153,-85,-87,77144,143,-372,1,76861
-154,-78,-12,77518,198,-361,1,77756
-143,-78,17,77625,190,-376,1,-77346
-137,-70,35,77517,190,-379,1,-77797
-130,-56,48,77213,188,-368,1,-77004
-122,-46,63,76684,180,-347,1,-76299
-103,-35,71,75917,146,-355,1,-76158
-29,-20,72,74979,-2,-359,1,75200
72,-19,62,74090,-278,-353,1,-74105
141,-24,33,73617,-410,-365,1,-73693
142,-27,-23,73926,-388,-380,1,73919
71,-33,-77,74766,-231,-393,1,75080
1,-41,-96,75915,-83,-414,0,76080
-27,-46,-95,77112,3,-397,1,77021
-164,-28,-108,78346,187,-321,1,78625
-180,-43,-103,79257,167,-314,1,79099
-174,-52,-42,79774,215,-333,1,79537
-159,-56,16,79986,226,-333,1,-80231
-165,-56,36,79918,232,-336,1,-80190
-167,-47,52,79569,217,-329,1,-79872
-119,-38,63,78916,179,-343,1,-79311
-106,-32,62,78097,168,-347,1,-77993
-48,-23,61,77162,60,-364,1,-76859
40,-21,67,76268,-221,-372,1,-75840
130,-29,40,75705,-389,-380,1,-75764
151,-35,-11,75819,-379,-394,1,75876
62,-40,-58,76531,-224,-439,1,76729
-1,-47,-80,77441,-87,-446,0,-77578
-55,-45,-79,78381,35,-402,1,78792
-80,-46,-63,79262,115,-389,1,78902
-158,-52,-56,80105,199,-351,1,80362
-168,-68,-33,80653,204,-362,1,80495
-164,-75,-5,80903,210,-378,1,81218
-163,-71,22,80909,212,-365,1,-81221
-155,-61,36,80665,222,-360,1,-80418
-155,-50,31,80179,229,-350,1,-79933
-103,-40,33,79462,197,-360,1,-79784
-71,-35,46,78631,136,-373,1,-78483
-17,-33,58,77781,-24,-407,0,77404
62,-34,66,76995,-278,-390,1,-76814
115,-41,38,76588,-342,-392,1,-76673
112,-49,-5,76727,-341,-413,1,76600
82,-49,-52,77356,-266,-424,1,77520
27,-49,-83,78301,-132,-426,1,77965
-47,-45,-92,79376,46,-396,1,79855
-103,-39,-85,80347,138,-362,1,79919
-124,-52,-71,81168,186,-364,1,81100
-165,-65,-35,81811,213,-358,1,81638
-172,-74,11,82165,218,-365,1,-82346
-179,-78,25,82231,215,-369,1,-82038
-174,-67,30,82025,219,-358,1,-82214
-141,-55,33,81525,208,-361,1,-81750
-95,-48,32,80817,179,-382,1,-80430
-59,-42,33,79999,126,-403,1,-80291
-18,-44,36,79189,-3,-474,0,78994
37,-47,43,78425,-208,-452,1,-78711
102,-47,42,77882,-327,-402,1,-77965
126,-51,16,77774,-352,-408,1,-77658
106,-52,-7,78164,-318,-431,1,78235
62,-48,-27,78932,-249,-469,1,79216
-1,-40,-58,79951,-66,-468,0,-80322
-79,-40,-98,81009,79,-374,1,81216
-127,-51,-106,81989,142,-352,1,82354
-162,-61,-78,82787,197,-342,1,82464
-136,-66,-31,83293,206,-360,1,82991
-155,-67,-2,83609,239,-353,1,83916
-171,-62,17,83712,242,-338,1,-83495
-171,-54,47,83476,219,-336,1,-83764
-120,-47,59,82849,157,-361,1,-82486
-75,-51,64,82084,100,-398,1,-82295
-32,-41,71,81334,5,-410,1,-80986
27,-39,63,80666,-176,-434,1,-80390
71,-40,34,80271,-305,-438,1,-80204
83,-47,-6,80270,-322,-454,1,80241
64,-48,-32,80672,-276,-468,1,80787
22,-49,-65,81316,-149,-471,0,81026
-42,-42,-93,82084,14,-400,1,82298
-99,-48,-115,82848,86,-369,1,82618
-144,-58,-103,83565,148,-356,1,83785
-147,-73,-61,84097,183,-360,1,84404
-159,-82,-13,84410,212,-364,1,84165
-171,-74,28,84462,214,-346,1,-84126
-159,-67,61,84172,179,-345,1,-84422
-104,-51,80,83548,129,-359,1,-83902
-59,-46,76,82749,60,-390,1,-82653
5,-40,81,81952,-92,-405,0,-82335
53,-37,73,81327,-227,-407,1,-81025
74,-41,31,81056,-313,-438,1,-80980
66,-45,-15,81215,-299,-464,1,81337
47,-53,-54,81717,-212,-469,1,81439
21,-60,-70,82486,-128,-468,0,82931
-36,-45,-77,83421,43,-416,1,82985
-96,-55,-99,84356,119,-381,1,84103
-127,-63,-87,85159,166,-370,1,85349
-137,-83,-55,85728,170,-396,1,85806
-158,-84,-7,86099,207,-374,1,86306
-173,-84,22,86177,206,-379,1,-86528
-178,-73,39,85940,205,-354,1,-85702
-120,-54,48,85380,179,-368,1,-85034
-86,-48,40,84637,158,-388,1,-84946
-34,-39,49,83839,29,-418,1,-83703
36,-36,66,83113,-201,-400,1,-83369
86,-43,55,82638,-290,-402,1,-82487
95,-49,25,82602,-327,-432,1,-82487
96,-45,-6,82997,-321,-435,1,83085
38,-42,-43,83770,-168,-480,1,83556
-21,-43,-71,84665,-28,-446,0,-84838
-51,-34,-90,85596,52,-385,1,85921
-128,-40,-107,86562,141,-351,1,86976
-131,-48,-93,87345,160,-349,1,87103
-153,-66,-66,87923,189,-365,1,87609
-154,-76,-21,88294,207,-378,1,88469
-174,-76,12,88436,224,-356,1,-88095
-167,-69,29,88278,215,-354,1,-88477
-135,-54,33,87849,204,-357,1,-87569
-97,-42,29,87210,185,-370,1,-87350
-60,-38,35,86437,116,-399,1,-86114
-1,-40,51,85667,-80,-447,0,85828
69,-46,58,85016,-277,-420,1,-85247
96,-55,23,84753,-312,-436,1,-84952
85,-55,-17,84952,-301,-456,1,84803
55,-47,-42,85564,-237,-458,1,85802
-4,-40,-68,86467,-54,-442,0,-86059
-58,-45,-88,87466,48,-394,1,87122
-98,-54,-84,88373,110,-380,1,88100
-145,-59,-55,89130,183,-365,1,89454
-167,-69,-5,89595,206,-368,1,89279
-156,-73,33,89735,198,-379,1,-90059
-162,-70,44,89642,203,-364,1,-89922
-137,-61,52,89289,184,-366,1,-89504
-112,-51,53,88717,163,-371,1,-88888
-72,-50,57,88007,106,-401,1,-87666
-36,-47,67,87274,12,-421,1,-87312
19,-49,71,86591,-134,-440,0,-86892
54,-53,57,86102,-236,-458,1,-86349
71,-56,23,85952,-286,-481,1,-85850
74,-57,-11,86140,-275,-482,1,86260
47,-47,-39,86706,-211,-476,1,86943
0,-37,-72,87564,-69,-418,0,87944
-63,-30,-100,88576,65,-359,1,88932
-114,-29,-98,89526,137,-336,1,89215
-95,-58,-60,90259,155,-389,1,90579
-137,-82,-25,90880,206,-398,1,90753
-170,-97,-3,91289,200,-393,1,91409
-175,-95,13,91436,192,-381,1,-91247
-165,-75,28,91307,197,-362,1,-91639
-145,-57,28,90875,206,-355,1,-91105
-129,-43,24,90196,209,-345,1,-90477
-65,-26,41,89283,130,-352,1,-89454
10,-27,60,88308,-127,-388,0,-88360
83,-31,67,87485,-300,-375,1,-87534
121,-46,31,87114,-351,-398,1,-87250
100,-51,6,87353,-327,-425,1,-87429
59,-41,-11,88021,-292,-467,1,87870
11,-37,-61,88948,-110,-450,0,88777
-62,-28,-96,90074,68,-355,1,89734
-98,-33,-103,91082,134,-346,1,90673
-127,-45,-84,92105,186,-347,1,91691
-158,-55,-49,93012,225,-343,1,92795
-154,-63,-8,93574,227,-353,1,93350
-179,-61,21,93911,231,-338,1,-94202
-186,-51,40,93952,222,-333,1,-93747
-176,-46,40,93645,216,-334,1,-93426
-132,-35,42,92999,193,-342,1,-92764
-77,-35,48,92128,120,-375,1,-91828
-16,-33,56,91232,-33,-420,0,91638
56,-40,41,90391,-284,-444,1,-90499
96,-49,-1,89883,-338,-430,1,90036
96,-52,-36,89944,-300,-424,1,90023
64,-41,-51,90521,-251,-423,1,90268
15,-30,-68,91453,-119,-399,0,91286
-75,-31,-85,92584,108,-356,1,92324
-134,-38,-80,93564,168,-332,1,93299
-161,-51,-49,94341,225,-334,1,94600
-173,-62,-6,94836,236,-340,1,95068
-169,-68,26,95028,225,-349,1,-94844
-180,-61,53,94937,216,-336,1,-95224
-153,-53,75,94521,173,-342,1,-94246
-116,-45,81,93834,138,-354,1,-94061
-71,-36,78,93035,74,-370,1,-92793
-3,-36,71,92201,-77,-410,0,92568
59,-37,58,91502,-266,-420,1,-91619
93,-47,8,91164,-336,-430,1,-91271
93,-50,-30,91348,-310,-432,1,91196
62,-35,-46,92054,-245,-415,1,91854
-17,-36,-66,93044,-16,-422,0,-92847
-60,-31,-71,94036,76,-371,1,93706
-115,-39,-74,94930,169,-361,1,94989
-200,-66,-69,95735,225,-346,1,95374
-172,-82,-12,96161,211,-367,1,95982
-171,-88,30,96284,213,-374,1,-96605
-185,-77,49,96148,207,-355,1,-96000
-148,-57,65,95674,182,-351,1,-95420
-110,-42,61,94943,156,-358,1,-95069
-55,-38,57,94056,83,-396,1,-93850
-9,-35,56,93185,-52,-427,0,93576
50,-36,51,92427,-252,-417,1,-92274
103,-37,27,91967,-359,-403,1,-92049
102,-39,-6,92032,-355,-417,1,91908
81,-42,-41,92599,-287,-429,1,92502
32,-40,-69,93541,-157,-428,1,93202
-27,-31,-76,94726,14,-386,1,95173
-107,-39,-91,95872,146,-361,1,96111
-125,-41,-90,96894,169,-343,1,97167
-149,-47,-69,97728,204,-337,1,97441
-176,-55,-34,98332,227,-334,1,98569
-184,-64,9,98564,232,-340,1,-98366
-197,-63,24,98482,238,-342,1,-98793
-177,-49,25,98058,231,-333,1,-97852
-120,-39,29,97314,210,-344,1,-97769
-73,-28,35,96421,154,-354,1,-96558
-14,-22,47,95507,-24,-388,0,95410
41,-26,55,94682,-248,-387,1,-94380
89,-32,38,94187,-342,-395,1,-94040
103,-43,-8,94146,-349,-410,1,94030
97,-48,-55,94643,-294,-419,1,94543
50,-51,-86,95574,-167,-418,1,95239
-13,-47,-91,96805,-18,-405,0,-97243
-86,-33,-72,98052,150,-352,1,98044
-146,-33,-58,99234,218,-316,1,99016
-197,-42,-26,100158,264,-315,1,100347
-208,-55,8,100713,243,-324,1,-100396
-194,-52,42,100825,226,-330,1,-100522
-177,-41,43,100587,229,-334,1,-100852
-150,-32,26,100048,247,-335,1,-100347
-123,-22,26,99276,233,-329,1,-98844
-70,-20,40,98325,159,-351,1,-98730
-22,-20,51,97376,0,-382,0,-97579
52,-20,59,96579,-270,-375,1,-96552
133,-29,24,96196,-406,-383,1,-96174
114,-32,-39,96568,-332,-386,1,96698
20,-42,-116,97451,-109,-410,0,97554
-43,-46,-136,98481,-2,-375,1,-98630
-89,-43,-123,99474,98,-350,1,99750
-149,-50,-94,100353,165,-341,1,100619
-167,-55,-32,100974,230,-329,1,101196
-186,-62,29,101289,229,-331,1,-101021
-197,-61,60,101266,224,-335,1,-101116
-174,-50,52,100885,212,-346,1,-101172
-125,-38,37,100174,211,-345,1,-100027
-78,-35,30,99345,175,-381,1,-99761
-42,-32,36,98460,78,-408,1,-98645
35,-27,48,97598,-228,-398,1,-97371
92,-35,35,96957,-333,-389,1,-96812
113,-38,6,96840,-380,-401,1,-97011
101,-41,-30,97269,-332,-411,1,97143
56,-39,-62,98185,-216,-430,1,98003
-38,-52,-106,99283,15,-415,1,98878
-88,-71,-111,100282,71,-398,1,99852
-127,-64,-83,101169,158,-367,1,101073
-172,-71,-37,101863,210,-351,1,101537
-171,-70,17,102219,220,-350,1,-101944
-162,-68,40,102267,209,-357,1,-101896
-155,-56,46,102067,216,-350,1,-102327
-151,-45,45,101630,218,-343,1,-101863
-96,-36,46,100958,175,-363,1,-101323
-47,-36,49,100171,82,-401,1,-100023
3,-38,57,99439,-90,-434,0,-99739
68,-49,60,98865,-265,-424,1,-99030
97,-56,42,98714,-304,-426,1,-98660
91,-53,14,99078,-312,-468,1,-99201
34,-52,-27,99788,-174,-540,1,100210
19,-42,-57,100667,-134,-469,0,100458
-70,-24,-94,101620,75,-380,1,101832
-70,-30,-120,102483,46,-362,1,102712
-159,-30,-123,103295,150,-321,1,102995
-168,-44,-79,103896,193,-321,1,103576
-166,-58,-22,104226,226,-334,1,103943
-185,-63,17,104297,235,-336,1,-104026
-192,-65,46,104053,219,-338,1,-104238
-150,-50,58,103488,199,-343,1,-103757
-102,-34,53,102717,177,-346,1,-102568
-53,-26,45,101851,112,-369,1,-101593
4,-23,46,101038,-104,-401,0,-101224
61,-32,44,100402,-276,-395,1,-100519
107,-46,16,100156,-351,-414,1,-100267
98,-55,-17,100445,-305,-444,1,100497
50,-60,-51,101134,-185,-492,1,100965
13,-60,-71,101947,-101,-480,0,102386
-7,-37,-89,102890,-16,-405,0,-102410
-124,-26,-114,103923,151,-344,1,103459
-115,-41,-125,104769,131,-348,1,104636
-203,-60,-110,105534,193,-331,1,105770
-182,-64,-45,105931,208,-330,1,105719
-183,-60,-5,105966,239,-333,1,105671
-171,-45,8,105663,243,-321,1,-105858
-120,-31,20,105055,236,-335,1,-105348
-97,-29,18,104259,231,-334,1,-104069
-52,-23,39,103400,132,-358,1,-102921
30,-22,83,102557,-177,-338,1,-102696
