-8,99,1,0,13,-1,0,106
-8,99,2,-7,11,0,0,105
-7,100,3,-14,11,0,0,101
-8,99,3,-16,13,-3,0,-102
-9,99,3,-14,13,-3,0,-105
-9,99,2,-12,13,-2,0,-109
-9,99,2,-9,14,-3,0,-112
-14,101,1,-7,26,-14,0,-123
-50,113,8,-62,82,-77,1,-105
-85,136,12,-380,140,-116,1,-344
-189,165,-2,-1105,176,-183,1,1101
-167,193,11,-2245,136,-155,1,-2234
-176,185,10,-3470,161,-162,1,-3475
-135,174,5,-4671,129,-133,1,-4630
-118,155,12,-5897,145,-127,1,-5895
-107,139,22,-7123,112,-128,1,-6954
-35,114,54,-8373,-1,-115,1,8355
16,64,39,-9599,-106,-147,0,-9713
63,25,16,-10766,-308,-291,1,-10794
102,-7,-22,-11485,-344,-393,1,-11382
98,-33,-55,-11519,-235,-425,1,-11724
53,-54,-69,-11123,-131,-486,1,-10835
24,-63,-74,-10497,-74,-504,0,-10452
-64,-49,-91,-9700,120,-429,1,-9314
-120,-61,-97,-9141,174,-398,1,-8896
-155,-59,-34,-8741,277,-373,1,-8904
-160,-56,73,-8574,245,-363,1,8192
-172,-50,126,-8726,219,-360,1,9038
-145,-41,135,-9173,179,-373,1,8751
-101,-28,120,-9898,151,-372,1,10057
-30,-32,92,-10755,45,-417,1,11218
39,-46,76,-11536,-128,-463,1,11515
98,-60,59,-12082,-234,-472,1,11886
104,-70,20,-12243,-260,-506,1,12050
93,-70,-17,-12043,-228,-510,1,-11808
69,-72,-50,-11586,-168,-528,1,-12250
41,-65,-79,-10887,-100,-500,1,-11059
-42,-64,-104,-10050,64,-462,1,-9919
-101,-61,-96,-9270,159,-421,1,-9483
-170,-46,-47,-8622,281,-354,1,-8573
-175,-49,15,-8318,295,-371,1,8378
-162,-42,98,-8369,232,-360,1,8662
-152,-46,134,-8722,198,-366,1,9093
-106,-42,137,-9313,140,-381,1,9562
-45,-39,116,-10043,66,-413,1,9881
-3,-46,89,-10771,-18,-462,0,-11195
36,-54,68,-11356,-131,-500,1,11644
73,-62,37,-11736,-231,-518,1,12134
97,-69,-6,-11746,-265,-510,1,-11576
79,-69,-43,-11327,-191,-505,1,-11611
30,-64,-69,-10634,-82,-514,1,-11200
-13,-70,-85,-9821,4,-500,0,-10165
-62,-55,-72,-8973,143,-453,1,-8713
-151,-50,-57,-8233,259,-393,1,-8256
-166,-43,-21,-7709,294,-368,1,-7886
-192,-43,33,-7516,281,-355,1,7575
-134,-52,70,-7660,229,-390,1,7288
-141,-65,74,-8048,224,-398,1,7815
-105,-46,121,-8674,145,-384,1,8240
-47,-43,131,-9559,52,-407,1,9328
9,-45,102,-10434,-39,-447,0,10520
54,-45,75,-11234,-158,-470,1,11003
96,-48,35,-11752,-270,-476,1,11614
110,-57,-11,-11738,-278,-477,1,-11600
72,-57,-52,-11244,-186,-495,1,-11005
27,-61,-80,-10505,-80,-500,1,-10464
-29,-60,-85,-9687,43,-477,1,-9298
-92,-54,-63,-8851,181,-438,1,-9154
-133,-59,-47,-8129,241,-419,1,-7681
-175,-69,-25,-7646,271,-388,1,-7585
-141,-64,36,-7531,253,-390,1,7302
-152,-62,86,-7664,230,-377,1,7310
-126,-50,112,-8030,182,-363,1,7870
-79,-42,117,-8590,116,-394,1,8289
-28,-41,102,-9227,43,-421,1,9683
-7,-49,81,-9781,-1,-472,0,-10119
21,-57,70,-10226,-75,-503,0,9764
45,-62,61,-10518,-128,-515,1,11078
60,-72,27,-10582,-173,-563,1,11176
58,-73,-6,-10366,-166,-580,1,-10992
45,-72,-36,-9872,-131,-567,1,-9330
5,-65,-67,-9206,-25,-540,0,-8692
-68,-51,-87,-8445,115,-446,1,-8471
-140,-48,-83,-7731,228,-397,1,-8112
-173,-60,-58,-7269,256,-385,1,-7242
-135,-68,-2,-7097,255,-407,1,-6679
-157,-64,41,-7113,266,-387,1,7113
-158,-61,75,-7414,223,-381,1,7615
-115,-50,107,-8008,168,-395,1,7758
-78,-39,104,-8790,119,-398,1,9135
-19,-38,86,-9609,18,-436,0,9290
23,-41,64,-10351,-102,-474,0,10671
66,-48,50,-10907,-204,-473,1,11221
106,-53,22,-11194,-285,-470,1,11067
107,-58,-16,-11001,-257,-480,1,-10874
66,-58,-42,-10415,-174,-513,1,-10835
10,-65,-64,-9690,-45,-540,0,-10138
-39,-72,-70,-8879,54,-511,1,-9026
-79,-60,-47,-8026,180,-467,1,-7784
-181,-66,-51,-7270,273,-400,1,-7232
-189,-74,-14,-6873,274,-386,1,-6833
-176,-71,50,-6903,266,-379,1,6750
-171,-59,83,-7302,244,-375,1,7623
-104,-54,85,-8019,191,-400,1,7782
-61,-37,88,-8793,128,-402,1,8970
-3,-30,88,-9635,-19,-407,0,-9316
67,-40,92,-10350,-174,-422,1,10590
96,-50,76,-10726,-222,-451,1,10468
89,-51,43,-10641,-241,-485,1,10439
67,-59,0,-10210,-214,-543,1,9552
36,-57,-34,-9557,-131,-568,1,-10208
-31,-61,-83,-8844,31,-501,1,-8980
-59,-54,-105,-8055,106,-440,1,-7888
-152,-59,-105,-7322,217,-397,1,-7435
-127,-66,-50,-6877,221,-411,1,-7063
-138,-70,15,-6656,252,-407,1,6229
-141,-71,61,-6643,225,-404,1,6260
-139,-66,79,-6835,212,-410,1,7032
-126,-56,104,-7247,178,-400,1,7506
-90,-49,111,-7877,134,-409,1,8159
-55,-45,93,-8604,88,-439,1,8241
-2,-41,70,-9356,-24,-475,0,-9516
57,-46,37,-10032,-229,-504,1,9742
107,-52,-12,-10360,-309,-479,1,-10446
112,-59,-53,-10166,-243,-470,1,-9968
66,-59,-74,-9568,-144,-484,1,-9218
14,-60,-77,-8760,-44,-500,0,-9109
-38,-54,-79,-7882,76,-465,1,-7945
-125,-42,-72,-6964,237,-392,1,-6729
-199,-61,-74,-6309,266,-379,1,-6245
-175,-65,-12,-6021,280,-378,1,-5892
-171,-68,51,-6045,262,-382,1,5950
-136,-66,89,-6351,206,-392,1,6427
-111,-58,108,-6908,158,-405,1,7113
-47,-49,109,-7633,72,-421,1,7244
-20,-49,92,-8377,21,-457,0,8472
30,-47,73,-9073,-102,-477,1,8883
72,-46,45,-9577,-232,-487,1,9250
92,-44,5,-9662,-283,-466,1,9479
77,-44,-32,-9299,-236,-487,1,-9510
30,-47,-66,-8609,-99,-497,1,-8257
-32,-49,-89,-7797,36,-464,1,-8172
-63,-53,-101,-6986,111,-433,1,-6908
-138,-52,-107,-6124,220,-387,1,-5735
-152,-65,-84,-5516,235,-388,1,-5221
-164,-65,-26,-5159,272,-394,1,-5191
-192,-64,32,-5109,283,-371,1,4926
-174,-63,72,-5429,242,-375,1,5224
-141,-45,90,-6051,214,-375,1,5883
-77,-38,80,-6912,151,-408,1,7109
-24,-33,76,-7882,39,-428,0,7996
18,-40,73,-8758,-91,-460,0,9178
74,-45,58,-9461,-219,-457,1,9657
116,-44,16,-9793,-326,-452,1,9866
119,-50,-37,-9551,-282,-455,1,-9713
63,-39,-63,-8859,-180,-459,1,-9160
7,-47,-83,-7969,-47,-470,0,-7843
-54,-44,-87,-6982,113,-435,1,-6862
-140,-55,-97,-6075,204,-399,1,-5671
-155,-63,-77,-5464,231,-391,1,-5342
-163,-72,-34,-5139,267,-391,1,-5209
-180,-60,31,-5091,279,-368,1,4878
-162,-64,75,-5391,242,-380,1,5201
-136,-48,101,-5961,190,-372,1,5707
-70,-41,102,-6783,113,-406,1,7058
-28,-36,91,-7659,32,-423,1,7180
17,-38,72,-8487,-97,-463,0,8438
78,-42,49,-9175,-245,-455,1,8881
129,-50,5,-9499,-312,-447,1,9509
99,-53,-56,-9226,-231,-467,1,-9567
61,-65,-105,-8624,-133,-462,1,-8433
28,-67,-105,-7851,-82,-453,1,-7947
-52,-53,-70,-6998,112,-442,1,-6878
-114,-54,-41,-6175,246,-404,1,-6421
-159,-54,-14,-5569,298,-377,1,-5432
-158,-65,40,-5304,266,-386,1,5322
-161,-62,94,-5345,230,-381,1,5562
-149,-66,112,-5726,208,-390,1,6062
-112,-53,107,-6357,170,-404,1,6622
-71,-45,89,-7193,138,-424,1,7429
-27,-40,69,-8111,59,-455,1,7720
32,-38,65,-9039,-127,-453,1,8883
111,-40,63,-9840,-275,-424,1,9902
149,-51,28,-10158,-324,-439,1,10208
131,-51,-10,-9883,-293,-453,1,-9922
89,-58,-42,-9172,-213,-475,1,-8856
40,-50,-47,-8195,-126,-505,1,-8628
-36,-52,-62,-7172,65,-490,1,-7558
-68,-52,-67,-6153,132,-446,1,-6401
-157,-39,-55,-5231,276,-366,1,-5273
-181,-57,-39,-4640,269,-363,1,-4818
-178,-38,35,-4408,309,-326,1,4595
-184,-26,98,-4534,238,-335,1,4314
-151,-21,133,-5010,188,-339,1,4731
-104,-11,145,-5756,124,-340,1,6059
-39,-15,123,-6680,54,-375,1,6919
3,-21,97,-7621,-35,-413,0,7182
58,-27,82,-8427,-161,-424,1,8604
109,-32,53,-8985,-289,-464,1,9139
114,-42,-1,-9044,-304,-475,1,-9215
91,-45,-51,-8669,-236,-479,1,-8368
50,-37,-81,-7940,-139,-446,1,-7794
-23,-31,-104,-6921,30,-414,0,-6887
-132,-30,-117,-5881,188,-372,1,-6111
-163,-55,-86,-5075,227,-385,1,-4724
-157,-76,-23,-4603,257,-398,1,-4533
-177,-80,25,-4418,273,-390,1,4400
-184,-74,58,-4552,248,-374,1,4237
-133,-55,94,-5032,190,-374,1,4739
-92,-34,105,-5760,140,-372,1,6032
-40,-33,96,-6628,56,-404,1,6188
22,-29,98,-7524,-93,-410,0,7372
89,-26,91,-8241,-232,-423,1,8553
107,-33,45,-8505,-285,-447,1,8703
90,-42,2,-8249,-290,-484,1,8328
57,-41,-33,-7548,-208,-504,1,-7282
-9,-44,-86,-6733,-19,-478,0,7159
-49,-51,-127,-5945,60,-427,1,-5842
-120,-51,-122,-5125,181,-383,1,-5617
-125,-70,-73,-4492,207,-401,1,-4263
-136,-69,-7,-4037,267,-412,1,-3987
-196,-64,47,-3780,271,-378,1,3685
-169,-49,95,-3915,225,-369,1,3615
-146,-35,104,-4408,203,-366,1,4169
-88,-28,97,-5168,151,-375,1,5600
-46,-27,92,-6077,75,-395,1,5653
25,-25,92,-6972,-111,-418,1,6826
80,-31,73,-7690,-229,-438,1,8028
114,-40,24,-7968,-301,-447,1,8131
112,-44,-25,-7742,-274,-453,1,-7849
74,-48,-53,-7114,-191,-488,1,-6851
45,-34,-68,-6185,-139,-459,1,-6437
-58,-27,-104,-5018,99,-403,1,-4656
-146,-29,-124,-3941,183,-360,1,-3650
-154,-48,-92,-3163,231,-364,1,-3385
-183,-57,-42,-2612,287,-356,1,-2796
-210,-51,17,-2360,305,-340,1,2468
-215,-38,72,-2574,255,-333,1,2822
-148,-28,101,-3252,198,-345,1,3523
-93,-20,96,-4187,146,-359,1,4482
-27,-19,85,-5204,34,-388,1,5548
46,-21,78,-6129,-169,-409,1,5815
73,-28,55,-6764,-261,-443,1,6835
103,-23,22,-7018,-346,-439,1,7138
98,-35,-37,-6856,-269,-450,1,-6766
66,-37,-65,-6254,-197,-463,1,-6467
28,-30,-88,-5366,-84,-436,1,-5441
-72,-31,-115,-4225,117,-394,1,-4437
-113,-41,-102,-3232,171,-382,1,-3448
-139,-63,-76,-2390,233,-395,1,-2251
-170,-78,-47,-1775,257,-391,1,-1697
-171,-69,-10,-1438,277,-379,1,-1303
-188,-59,28,-1385,284,-356,1,1417
-175,-36,65,-1698,254,-325,1,2004
-114,-24,76,-2385,199,-352,1,2273
-65,-24,72,-3245,133,-382,1,3400
-20,-24,72,-4109,32,-409,0,4602
32,-29,72,-4945,-137,-430,1,4610
81,-35,62,-5583,-246,-441,1,5325
108,-45,32,-5828,-290,-463,1,5711
103,-49,2,-5579,-281,-489,1,5484
80,-47,-16,-4921,-240,-494,1,-4681
32,-29,-36,-3969,-149,-489,1,-3809
-45,-23,-83,-2882,109,-431,1,-2794
-79,-29,-123,-1851,145,-404,1,-1556
-138,-30,-139,-811,226,-376,1,-675
-146,-65,-125,-112,184,-404,1,-491
-133,-68,-85,397,224,-390,1,120
-173,-67,-68,711,257,-381,1,532
-161,-52,-42,794,269,-363,1,964
-148,-40,-17,604,289,-368,1,693
-126,-28,11,188,292,-342,1,-164
-101,-24,44,-431,227,-349,1,77
-58,-20,71,-1243,103,-363,1,1465
5,-26,86,-2129,-76,-403,0,2497
54,-29,69,-2869,-221,-437,1,2608
98,-51,12,-3242,-317,-486,1,3119
104,-61,-26,-3116,-274,-488,1,-3220
69,-57,-55,-2536,-187,-499,1,-2280
7,-69,-84,-1752,-45,-510,0,-1813
-17,-60,-92,-876,23,-468,0,-734
-54,-50,-84,130,149,-436,1,496
-164,-55,-83,1007,257,-397,1,934
-167,-66,-51,1597,259,-395,1,1634
-194,-68,-25,1856,297,-386,1,1905
-170,-63,-3,1816,292,-384,1,2005
-131,-47,20,1528,281,-392,1,-1502
-118,-41,39,1099,262,-390,1,-1202
-84,-44,62,512,179,-412,1,-878
-58,-46,85,-164,91,-419,1,280
-8,-44,87,-901,-27,-454,0,-547
36,-42,61,-1590,-147,-483,1,1910
82,-46,8,-2061,-307,-499,1,2232
106,-57,-35,-2073,-281,-486,1,-2199
74,-61,-70,-1634,-180,-484,1,-1794
12,-60,-95,-887,-59,-485,0,-708
-54,-52,-106,-156,58,-435,1,-384
-85,-51,-106,523,132,-408,1,788
-185,-59,-75,1152,246,-365,1,1489
-153,-75,5,1439,262,-395,1,-1480
-166,-80,57,1455,249,-393,1,-1039
-145,-70,98,1162,203,-392,1,-1395
-114,-58,109,538,168,-403,1,-775
-73,-51,92,-276,132,-433,1,2
-36,-40,77,-1187,73,-446,1,1308
21,-38,54,-2099,-107,-489,0,2484
71,-37,29,-2805,-272,-465,1,2646
110,-41,-15,-3161,-325,-450,1,-3223
126,-57,-64,-3045,-257,-448,1,-2850
102,-57,-73,-2424,-211,-445,1,-2061
28,-51,-68,-1542,-91,-482,1,-2001
-47,-61,-79,-674,86,-471,1,-895
-118,-60,-69,125,200,-422,1,281
-152,-74,-48,662,226,-424,1,801
-144,-86,-2,915,237,-439,1,528
-139,-88,74,895,210,-433,1,-650
-146,-85,116,604,199,-417,1,-906
-115,-70,107,31,172,-432,1,-324
-73,-58,72,-774,154,-460,1,622
-19,-50,47,-1655,43,-517,0,1111
40,-44,46,-2509,-155,-485,1,2204
109,-45,38,-3182,-287,-437,1,3235
133,-47,1,-3363,-320,-438,1,3329
108,-50,-29,-2966,-275,-455,1,-2820
63,-51,-45,-2229,-197,-488,1,-2486
-4,-60,-63,-1355,-16,-526,0,1868
-45,-63,-75,-488,75,-482,1,-23
-117,-65,-84,390,198,-425,1,140
-154,-67,-67,1046,231,-408,1,1532
-150,-82,-32,1399,254,-416,1,1230
-154,-83,29,1475,252,-410,1,-1140
-138,-79,78,1245,210,-415,1,-1308
-126,-69,96,803,193,-412,1,-548
-96,-52,95,177,160,-417,1,-386
-50,-42,84,-581,95,-428,1,1023
-10,-32,80,-1334,0,-433,0,1217
17,-40,59,-2007,-83,-486,0,1646
47,-46,31,-2524,-210,-521,1,2844
95,-59,-20,-2769,-260,-485,1,-2627
107,-63,-61,-2593,-228,-473,1,-2930
65,-65,-81,-2090,-146,-489,1,-2307
36,-67,-80,-1463,-106,-498,1,-1029
-17,-60,-71,-674,30,-497,0,-801
-121,-65,-79,175,197,-428,1,436
-159,-71,-61,824,232,-410,1,686
-143,-81,-26,1101,241,-416,1,1511
-154,-78,24,1092,255,-403,1,-1511
-129,-74,70,741,218,-410,1,-811
-115,-66,95,117,188,-410,1,-320
-68,-50,101,-709,126,-416,1,817
-23,-43,92,-1638,41,-435,0,1948
46,-34,92,-2579,-135,-418,1,2917
102,-37,74,-3268,-235,-420,1,3457
117,-40,33,-3532,-311,-446,1,3376
99,-39,-10,-3311,-298,-463,1,-3143
67,-52,-55,-2752,-193,-494,1,-3032
33,-57,-85,-2019,-102,-485,1,-1582
-20,-63,-105,-1159,16,-462,0,-1309
-63,-65,-100,-238,101,-436,1,-294
-100,-60,-73,601,195,-410,1,784
-169,-71,-38,1236,267,-389,1,1171
-165,-76,39,1509,263,-396,1,-1443
-166,-82,75,1432,236,-408,1,-1120
-143,-68,88,1061,216,-407,1,-1534
-99,-52,86,465,175,-410,1,-228
-55,-39,82,-237,119,-416,1,325
-30,-38,77,-948,59,-441,1,582
20,-39,68,-1638,-95,-471,0,1945
64,-46,41,-2176,-217,-498,1,2321
100,-50,-5,-2480,-276,-490,1,-2312
106,-60,-50,-2402,-226,-482,1,-2051
76,-51,-69,-1934,-186,-466,1,-1757
35,-66,-112,-1309,-90,-480,1,-1173
-31,-71,-122,-609,24,-456,1,-926
-53,-74,-105,88,79,-457,1,457
-126,-74,-77,819,211,-408,1,524
-151,-76,-16,1282,253,-399,1,1184
-154,-84,35,1446,252,-423,1,-1047
-173,-75,76,1341,233,-402,1,-1261
-130,-65,94,860,195,-407,1,-662
-93,-55,77,151,170,-428,1,-435
-45,-47,61,-655,101,-464,1,792
12,-41,59,-1449,-77,-478,0,1060
62,-43,51,-2047,-220,-464,1,1742
90,-52,21,-2345,-280,-480,1,2463
98,-58,-9,-2253,-263,-480,1,-2118
80,-54,-28,-1760,-222,-487,1,-1946
23,-48,-45,-1004,-99,-537,0,-392
-14,-50,-71,-245,7,-501,0,-384
-62,-61,-108,528,93,-448,1,923
-138,-64,-107,1331,199,-400,1,1188
-141,-85,-63,1874,213,-414,1,1791
-137,-88,-2,2168,241,-441,1,2540
-168,-90,42,2198,239,-422,1,-2316
-142,-77,74,1859,215,-411,1,-1671
-117,-62,76,1248,196,-415,1,-1469
-70,-51,63,454,152,-440,1,-163
-34,-42,61,-390,75,-458,1,49
17,-37,64,-1215,-89,-458,0,1368
63,-40,59,-1912,-209,-452,1,1604
94,-44,35,-2305,-297,-469,1,2473
101,-45,0,-2295,-293,-473,1,2112
70,-51,-43,-1949,-218,-505,1,-1761
57,-64,-80,-1403,-163,-487,1,-1141
24,-50,-84,-562,-76,-456,0,-966
-67,-35,-88,483,146,-402,1,212
-131,-53,-92,1417,208,-385,1,1079
-173,-67,-46,2145,291,-370,1,2291
-183,-88,18,2454,268,-399,1,-2533
-172,-90,71,2275,233,-407,1,-2347
-130,-79,81,1751,202,-424,1,-1832
-88,-61,67,1010,179,-438,1,-736
-48,-51,56,136,115,-469,1,-266
2,-47,57,-842,-41,-492,0,669
68,-44,67,-1792,-222,-448,1,1970
113,-46,48,-2436,-288,-447,1,2381
113,-41,16,-2610,-304,-455,1,2706
104,-36,-14,-2345,-296,-453,1,-2447
77,-29,-51,-1670,-222,-443,1,-1923
23,-27,-86,-704,-83,-427,0,-798
-30,-27,-115,295,33,-397,1,252
-90,-38,-116,1294,135,-383,1,1275
-120,-55,-98,2068,168,-384,1,2528
-158,-69,-42,2639,245,-379,1,2867
-177,-79,53,2906,239,-380,1,-2567
-165,-79,100,2804,209,-393,1,-2849
-150,-64,104,2390,203,-393,1,-2261
-103,-49,95,1692,166,-405,1,-1957
-57,-45,84,838,102,-431,1,-718
-17,-36,84,-23,10,-436,0,458
38,-24,78,-842,-155,-429,1,515
92,-19,31,-1450,-309,-435,1,1405
104,-28,-47,-1700,-250,-451,1,-1991
79,-40,-99,-1529,-184,-438,1,-1268
105,-42,-104,-1021,-202,-410,1,-649
48,-33,-95,-94,-125,-406,1,-506
-9,-37,-105,961,6,-404,0,530
-111,-42,-113,2065,172,-370,1,2552
-184,-60,-62,2943,258,-377,1,2999
-211,-68,27,3435,292,-363,1,-3501
-197,-85,71,3423,248,-392,1,-3317
-167,-70,78,3041,229,-406,1,-2624
-109,-51,73,2364,196,-412,1,-2168
-84,-36,69,1549,173,-402,1,-1800
-40,-34,70,649,72,-428,1,-810
15,-29,80,-202,-85,-425,0,372
72,-29,68,-879,-212,-424,1,521
96,-39,27,-1183,-296,-460,1,1068
99,-36,-10,-1011,-299,-446,1,-816
82,-30,-44,-420,-250,-445,1,-130
35,-28,-90,438,-109,-436,1,11
-24,-32,-124,1428,24,-411,0,1127
-98,-39,-140,2435,141,-388,1,2114
-140,-66,-128,3278,183,-391,1,3401
-140,-82,-78,3878,218,-405,1,3836
-167,-84,-27,4256,267,-398,1,4298
-192,-74,25,4351,280,-375,1,-4222
-168,-65,60,4064,255,-383,1,-3770
-133,-49,75,3489,223,-383,1,-3325
-90,-42,77,2723,173,-402,1,-2978
-48,-33,78,1914,92,-413,1,-1785
-10,-26,77,1150,3,-419,0,-1409
22,-24,65,512,-118,-438,0,-899
63,-28,30,136,-272,-465,1,-111
90,-28,-16,118,-316,-455,1,198
78,-39,-68,442,-206,-468,1,140
59,-41,-99,992,-141,-443,1,676
7,-41,-125,1786,-35,-434,0,1848
-80,-47,-153,2675,95,-402,1,2887
-129,-57,-152,3508,147,-380,1,3184
-158,-59,-118,4098,199,-381,1,4456
-157,-67,-62,4424,254,-366,1,4155
-177,-52,20,4525,293,-364,1,-4472
-150,-67,57,4304,245,-397,1,-4421
-137,-53,86,3827,215,-372,1,-4031
-73,-44,101,3090,125,-395,1,-3553
-43,-36,102,2273,68,-407,1,-2400
-3,-28,91,1468,-24,-424,0,1100
42,-25,74,823,-157,-437,1,-613
80,-19,30,497,-306,-437,1,-300
90,-27,-27,618,-310,-450,1,711
68,-18,-57,1198,-230,-424,1,1410
2,-28,-99,2035,-35,-425,0,1536
-82,-30,-149,3021,83,-399,1,2763
-138,-48,-175,3910,146,-378,1,3750
-129,-62,-135,4564,164,-375,1,4158
-141,-61,-78,5044,225,-392,1,4652
-181,-73,-36,5304,269,-390,1,5356
-178,-62,26,5214,291,-360,1,-5264
-167,-54,69,4784,253,-360,1,-5120
-107,-34,88,4052,189,-366,1,-3605
-58,-32,84,3171,114,-397,1,-3565
-9,-25,86,2310,-6,-408,0,2256
48,-32,74,1607,-163,-440,1,-1845
83,-35,43,1255,-250,-445,1,-1532
90,-45,-10,1343,-281,-477,1,1415
84,-33,-37,1852,-259,-449,1,1965
24,-30,-80,2644,-92,-459,0,2957
-17,-40,-118,3522,9,-435,0,3129
-82,-44,-135,4446,119,-408,1,4161
-115,-63,-134,5230,150,-406,1,5543
-131,-69,-97,5861,197,-412,1,5918
-166,-73,-53,6310,251,-409,1,6431
-188,-73,-19,6515,287,-386,1,6415
-186,-57,11,6420,296,-371,1,-6600
-151,-49,32,6015,270,-389,1,-6001
-111,-39,43,5403,240,-396,1,-5121
-76,-34,51,4653,180,-409,1,-4956
-39,-35,55,3904,89,-447,1,-3736
-2,-37,54,3218,-26,-487,0,3452
43,-45,34,2692,-196,-523,1,-2156
70,-56,-4,2448,-256,-538,1,2823
76,-51,-28,2571,-252,-500,1,2917
58,-41,-60,3035,-196,-475,1,2792
-1,-37,-100,3712,-33,-445,0,-3930
-50,-43,-133,4449,57,-418,1,4197
-113,-61,-139,5167,142,-407,1,5618
-131,-78,-96,5682,172,-413,1,6033
-136,-84,-34,5973,209,-418,1,5843
-149,-91,2,6009,231,-429,1,-5886
-152,-78,40,5788,228,-414,1,-5909
-119,-77,68,5290,186,-432,1,-5571
-78,-64,80,4633,135,-444,1,-4869
-40,-61,73,3899,75,-483,1,-3780
-10,-60,62,3223,3,-520,0,-3742
31,-53,55,2655,-130,-514,1,-2241
58,-55,36,2337,-200,-514,1,-3021
63,-43,17,2341,-246,-497,1,-2088
58,-38,-13,2662,-246,-498,1,2930
18,-33,-51,3255,-90,-494,0,3329
-38,-35,-91,4028,62,-435,1,3694
-110,-40,-120,4861,164,-398,1,5098
-120,-69,-110,5467,183,-411,1,5163
-101,-86,-69,5886,182,-462,1,6131
-151,-99,-33,6240,239,-434,1,6633
-170,-102,7,6372,251,-421,1,-6516
-165,-86,42,6202,241,-407,1,-6534
-138,-67,61,5735,222,-404,1,-6112
-95,-53,66,5031,181,-424,1,-4767
-52,-46,72,4181,100,-427,1,-4559
0,-42,77,3362,-38,-449,0,-3234
63,-43,72,2657,-180,-444,1,-2872
92,-38,43,2295,-265,-451,1,-2157
87,-36,2,2385,-293,-464,1,-2512
77,-31,-32,2831,-255,-459,1,2676
38,-28,-59,3552,-138,-458,1,3236
-17,-27,-89,4402,19,-441,0,4297
-52,-39,-117,5283,85,-418,1,5429
-105,-41,-112,6172,174,-391,1,6424
-119,-60,-88,6943,208,-408,1,6721
-155,-71,-39,7550,258,-418,1,7460
-160,-91,-21,7890,249,-436,1,8010
-176,-90,-26,8003,258,-420,1,7950
-185,-73,-7,7838,271,-382,1,7705
-154,-57,13,7344,266,-389,1,-7314
-120,-39,25,6552,255,-385,1,-6317
-52,-33,32,5541,150,-430,1,-5295
29,-18,66,4474,-141,-387,1,-4154
93,-25,66,3595,-252,-399,1,-3963
120,-28,27,3202,-349,-423,1,-3076
112,-34,-18,3485,-330,-441,1,3375
68,-24,-49,4364,-221,-426,1,4121
-21,-19,-88,5515,37,-405,0,5225
-94,-34,-131,6540,137,-391,1,6270
-122,-51,-128,7405,178,-388,1,7659
-139,-67,-90,8120,209,-397,1,7799
-140,-67,-32,8662,238,-400,1,8290
-150,-62,16,9010,257,-386,1,-8970
-171,-55,52,9079,259,-366,1,-9139
-167,-42,84,8860,229,-359,1,-9160
-120,-41,90,8304,183,-386,1,-8513
-82,-44,74,7570,158,-425,1,-7320
-39,-42,66,6730,73,-462,1,-7041
27,-42,66,5925,-114,-480,1,-5881
73,-42,45,5316,-235,-478,1,-5566
90,-48,5,5159,-275,-492,1,-5294
83,-41,-26,5494,-251,-481,1,5133
31,-34,-56,6163,-112,-477,1,6570
-42,-22,-97,7073,61,-415,1,6749
-93,-16,-113,7957,150,-372,1,7888
-151,-44,-115,8702,201,-376,1,8332
-134,-51,-63,9279,224,-379,1,9519
-168,-58,4,9695,257,-378,1,-9535
-164,-77,47,9840,216,-403,1,-10234
-163,-70,83,9621,210,-389,1,-9333
-139,-52,98,9116,188,-389,1,-8829
-92,-47,76,8363,174,-425,1,-8600
-56,-44,60,7473,130,-456,1,-7256
8,-36,62,6555,-54,-472,0,-6255
64,-33,52,5790,-207,-456,1,-6081
75,-35,19,5419,-269,-479,1,-5505
68,-44,-17,5518,-237,-507,1,5348
54,-42,-37,5965,-187,-492,1,5668
2,-47,-66,6692,-23,-497,0,7085
-49,-34,-72,7469,96,-436,1,7339
-88,-49,-96,8077,145,-420,1,7812
-151,-64,-102,8749,208,-397,1,9150
-153,-79,-66,9202,218,-406,1,8745
-152,-83,-5,9414,243,-427,1,9565
-168,-82,33,9411,256,-404,1,-9349
-158,-68,61,9165,234,-404,1,-8789
-132,-53,77,8649,218,-380,1,-8338
-96,-45,74,7927,181,-408,1,-8176
-45,-44,70,7092,92,-444,1,-6674
8,-37,71,6283,-62,-453,0,-6428
61,-41,58,5623,-200,-464,1,-5332
66,-39,29,5256,-242,-486,1,-5607
61,-49,-10,5193,-235,-525,1,5800
63,-38,-21,5477,-252,-485,1,5239
34,-47,-60,6078,-118,-500,1,5644
-15,-52,-81,6876,12,-480,0,7008
-60,-50,-89,7796,119,-439,1,8164
-117,-59,-92,8629,203,-417,1,8392
-145,-76,-81,9298,216,-413,1,9630
-150,-83,-31,9745,246,-418,1,10140
-176,-90,17,9972,264,-396,1,-9876
-172,-83,41,9908,246,-419,1,-10036
-156,-65,51,9562,243,-409,1,-9435
-120,-54,53,8966,228,-411,1,-8717
-80,-51,51,8207,172,-438,1,-8540
-29,-40,58,7395,57,-461,1,-7445
21,-38,54,6659,-108,-481,0,-7053
50,-38,38,6125,-224,-487,1,-5863
71,-39,20,5899,-272,-478,1,-6064
76,-41,1,6030,-278,-485,1,-5914
62,-39,-21,6524,-235,-498,1,6248
19,-36,-54,7285,-88,-499,0,7639
-37,-31,-99,8215,84,-425,1,8624
-118,-41,-134,9185,161,-393,1,8723
-154,-52,-117,10017,197,-378,1,9792
-150,-71,-60,10558,227,-399,1,10424
-166,-77,-16,10844,262,-400,1,10800
-165,-75,9,10862,267,-398,1,-10765
-176,-66,22,10604,275,-383,1,-10747
-139,-47,51,10064,246,-377,1,-9803
-106,-43,67,9273,194,-391,1,-9599
-43,-32,82,8316,67,-405,1,-8656
23,-28,82,7416,-102,-422,0,-7525
68,-27,58,6732,-227,-425,1,-7010
88,-29,24,6453,-311,-449,1,-6557
83,-36,-19,6623,-274,-460,1,6500
57,-39,-58,7192,-170,-479,1,7498
-6,-41,-91,7967,-12,-461,0,-7854
-47,-53,-119,8841,45,-433,1,9083
-94,-50,-121,9704,140,-395,1,9465
-149,-61,-94,10492,209,-379,1,10657
-166,-73,-24,11008,262,-387,1,11133
-183,-73,48,11237,263,-384,1,-11089
-175,-69,60,11111,249,-390,1,-10959
-143,-49,62,10674,238,-381,1,-10404
-108,-40,58,9984,218,-393,1,-9768
-63,-35,57,9164,152,-417,1,-8915
-23,-35,67,8324,36,-442,0,-8557
40,-36,78,7526,-141,-441,1,-7189
93,-37,66,6942,-246,-445,1,-6768
100,-43,18,6811,-288,-477,1,-6664
86,-44,-23,7114,-253,-475,1,6788
50,-32,-56,7821,-161,-471,1,8162
-10,-30,-100,8697,-3,-426,0,-8232
-46,-31,-124,9657,59,-395,1,9283
-126,-29,-120,10628,184,-364,1,10306
-169,-50,-76,11383,241,-382,1,11562
-153,-66,-25,11774,257,-413,1,11681
-154,-83,-13,11955,259,-418,1,11989
-182,-70,19,11967,277,-381,1,-11831
-171,-63,52,11678,257,-381,1,-11585
-143,-50,68,11098,230,-384,1,-10812
-89,-40,73,10269,166,-404,1,-10526
-29,-36,71,9355,49,-441,1,-9594
31,-34,64,8497,-131,-459,1,-8197
77,-42,35,7866,-271,-486,1,-7702
90,-42,9,7728,-302,-471,1,-7859
67,-43,-32,8056,-234,-485,1,7680
45,-37,-68,8681,-170,-465,1,8409
-19,-19,-95,9536,36,-401,0,9384
-115,-22,-113,10488,172,-369,1,10544
-149,-37,-103,11286,212,-366,1,11642
-148,-63,-64,11820,236,-379,1,12075
-164,-82,-26,12062,253,-422,1,11950
-187,-96,15,12052,261,-409,1,-12129
-182,-82,47,11712,252,-412,1,-11376
-135,-60,58,11042,231,-410,1,-10969
-91,-41,63,10152,196,-409,1,-9915
-30,-32,66,9149,62,-423,1,-8807
40,-28,79,8209,-138,-413,1,-8572
85,-35,67,7577,-233,-431,1,-7401
102,-29,32,7436,-298,-435,1,-7631
89,-33,-29,7729,-274,-458,1,7823
59,-27,-72,8375,-171,-427,1,8658
8,-22,-119,9342,-23,-403,0,9619
-74,-29,-145,10439,112,-381,1,10509
-107,-41,-134,11436,167,-371,1,11709
-136,-63,-99,12179,200,-400,1,11788
-163,-68,-52,12740,256,-400,1,12698
-193,-72,-2,13034,279,-392,1,13055
-194,-63,38,12966,282,-371,1,-12821
-158,-53,50,12525,255,-381,1,-12791
-104,-43,50,11828,218,-402,1,-12036
-62,-40,55,11017,147,-435,1,-10759
-4,-41,61,10210,-28,-478,0,9776
41,-50,53,9583,-161,-505,1,-9242
64,-47,37,9270,-225,-498,1,-9584
71,-45,2,9269,-256,-511,1,-9567
64,-41,-35,9595,-222,-496,1,9216
31,-30,-70,10198,-109,-462,1,9779
-31,-32,-104,10994,43,-423,1,11034
-44,-34,-118,11753,49,-409,1,11324
-107,-46,-120,12563,152,-396,1,12339
-143,-62,-93,13253,205,-402,1,12917
-175,-72,-45,13769,261,-402,1,13723
-199,-72,-8,14009,284,-394,1,13993
-190,-62,11,13890,288,-390,1,-13936
-155,-45,14,13427,299,-374,1,-13463
-114,-36,15,12744,285,-381,1,-12792
-77,-30,33,11920,222,-392,1,-12219
-23,-30,56,11050,53,-436,0,-10910
38,-37,67,10241,-146,-445,1,-10607
72,-44,50,9736,-230,-468,1,-10093
82,-44,19,9634,-272,-482,1,-9510
81,-43,-17,9924,-263,-485,1,9806
35,-40,-47,10529,-138,-500,1,10354
-5,-47,-92,11296,-10,-477,0,-11655
-60,-45,-111,12150,97,-434,1,11996
-107,-58,-136,12963,140,-415,1,13158
-133,-65,-120,13692,186,-397,1,13562
-151,-73,-72,14235,226,-399,1,13933
-173,-72,-38,14559,266,-404,1,14475
-176,-63,-21,14608,283,-378,1,14836
-158,-47,0,14352,294,-367,1,-14569
-121,-36,17,13819,282,-371,1,-13787
-87,-29,38,13099,228,-381,1,-13021
-40,-28,57,12279,101,-413,1,-11785
6,-26,73,11480,-63,-422,0,-11544
57,-34,65,10862,-176,-443,1,-11042
77,-42,32,10574,-248,-483,1,-10269
82,-51,-18,10626,-255,-510,1,10483
45,-48,-57,10956,-157,-500,1,11162
3,-60,-108,11415,-61,-475,0,11552
-35,-46,-109,12159,40,-426,1,11934
-145,-59,-112,12957,176,-400,1,13156
-137,-70,-69,13503,199,-414,1,13679
-160,-78,-7,13776,250,-402,1,13420
-171,-79,39,13757,247,-399,1,-13317
-159,-72,63,13381,230,-398,1,-13772
-111,-55,73,12748,197,-405,1,-12432
-84,-44,71,11968,171,-411,1,-12238
-18,-37,75,11104,4,-431,0,-10935
67,-35,84,10329,-186,-421,1,-10611
95,-43,61,9922,-250,-450,1,-10162
80,-45,30,9984,-259,-488,1,-10117
25,-40,0,10365,-165,-614,1,-10882
32,-50,-55,10801,-147,-516,1,10372
7,-45,-84,11558,-40,-460,0,11440
-100,-19,-100,12633,197,-368,1,12514
-138,-43,-117,13524,208,-382,1,13741
-142,-63,-93,14197,225,-391,1,14078
-145,-68,-39,14651,251,-396,1,14525
-171,-79,0,14882,278,-392,1,-14933
-189,-74,48,14867,260,-373,1,-15014
-166,-56,93,14534,228,-367,1,-14721
-120,-42,91,13909,194,-384,1,-14319
-73,-35,76,13131,151,-411,1,-12900
-31,-28,74,12301,52,-424,1,-12755
23,-30,64,11566,-114,-458,0,-11487
56,-41,32,11053,-223,-506,1,-10810
73,-49,-7,10882,-248,-518,1,10252
69,-51,-43,11045,-207,-505,1,10829
51,-42,-65,11515,-169,-489,1,11746
14,-34,-82,12238,-49,-441,0,11834
-71,-26,-95,13124,127,-401,1,12969
-99,-41,-105,13899,152,-401,1,14178
-133,-57,-96,14568,202,-398,1,14671
-138,-74,-62,15067,221,-414,1,15205
-157,-79,-32,15385,254,-407,1,15807
-174,-75,0,15500,274,-377,1,-15363
-166,-68,26,15339,267,-387,1,-15262
-153,-53,47,14913,258,-378,1,-15035
-111,-42,60,14225,207,-388,1,-13990
-55,-31,75,13409,111,-407,1,-13817
1,-26,77,12579,-42,-423,0,-12540
47,-29,54,11924,-190,-455,1,-12266
80,-38,14,11569,-287,-478,1,-11659
99,-48,-31,11660,-256,-474,1,11515
62,-38,-61,12227,-172,-461,1,11904
-4,-43,-88,13059,-9,-464,0,-12985
-36,-45,-101,13859,59,-436,1,14275
-87,-43,-97,14728,159,-408,1,14495
-121,-48,-76,15578,213,-395,1,15770
-165,-57,-34,16251,277,-385,1,16208
-206,-70,16,16649,286,-385,1,-16653
-205,-73,27,16692,287,-394,1,-16703
-192,-56,15,16419,294,-383,1,-16640
-150,-40,5,15814,293,-377,1,-15664
-97,-33,16,14995,258,-391,1,-14917
-53,-29,39,14064,152,-413,1,-14329
6,-30,55,13154,-66,-449,0,-13006
63,-28,56,12363,-210,-426,1,-12589
88,-34,19,11840,-288,-449,1,-12023
91,-52,-23,11723,-265,-483,1,11612
80,-38,-34,12052,-267,-460,1,12162
54,-41,-63,12736,-167,-466,1,12436
-38,-24,-88,13689,74,-411,1,13519
-59,-27,-111,14608,105,-393,1,14524
-145,-45,-110,15616,219,-382,1,15476
-176,-65,-50,16429,250,-384,1,16757
-192,-84,28,16877,259,-398,1,-16785
-203,-87,51,16963,252,-407,1,-17286
-175,-75,47,16667,241,-410,1,-16572
-137,-59,39,16113,241,-413,1,-16139
-111,-54,23,15422,236,-432,1,-15667
-71,-44,23,14614,202,-453,1,-14434
-4,-37,24,13726,-2,-568,0,14229
66,-46,15,12925,-230,-489,1,-13076
109,-48,12,12412,-279,-449,1,-12520
113,-50,-1,12301,-272,-462,1,12428
90,-50,-19,12582,-246,-484,1,12362
52,-34,-43,13234,-193,-471,1,12952
-29,-24,-89,14177,64,-409,1,14057
-94,-30,-107,15153,138,-382,1,15087
-147,-53,-79,15980,223,-389,1,16348
-164,-70,-22,16531,260,-414,1,16634
-165,-83,-2,16790,259,-431,1,16847
-184,-79,6,16806,270,-415,1,-16843
-158,-67,19,16510,263,-415,1,-16425
-119,-56,25,15982,249,-423,1,-16235
-89,-46,29,15315,225,-430,1,-15093
-55,-46,42,14565,141,-456,1,-14750
-8,-46,66,13815,-18,-472,0,13403
52,-49,76,13141,-170,-465,1,-12904
77,-54,50,12768,-221,-495,1,-12444
78,-63,1,12724,-230,-536,1,-13109
74,-57,-34,12992,-218,-513,1,12361
38,-53,-70,13523,-127,-502,1,13580
3,-43,-102,14247,-34,-447,0,13942
-48,-36,-116,15071,77,-404,1,15229
-89,-41,-108,15928,148,-384,1,16331
-120,-44,-63,16726,228,-389,1,16471
-163,-56,-13,17381,285,-390,1,17383
-196,-55,34,17778,288,-366,1,-17900
-172,-56,40,17812,280,-387,1,-17850
-157,-48,29,17597,285,-388,1,-17551
-137,-47,18,17155,281,-401,1,-17214
-119,-46,20,16505,266,-403,1,-16558
-83,-40,36,15686,207,-422,1,-15487
-22,-40,51,14746,40,-480,0,-14447
36,-42,57,13888,-160,-481,1,-14089
83,-49,31,13288,-272,-485,1,-13181
96,-54,-4,13113,-268,-481,1,13191
85,-48,-38,13371,-239,-472,1,13662
54,-45,-82,14007,-157,-474,1,14266
3,-38,-117,14884,-25,-420,0,15311
-51,-21,-126,15937,94,-369,1,16183
-141,-28,-114,16977,211,-354,1,17158
-201,-50,-54,17789,285,-352,1,17904
-214,-60,16,18160,292,-377,1,-18002
-191,-60,40,18118,289,-380,1,-17971
-167,-49,32,17753,295,-385,1,-17740
-125,-43,17,17133,282,-401,1,-16932
-84,-39,17,16331,243,-425,1,-16120
-42,-45,28,15437,131,-496,1,-15676
13,-51,43,14540,-72,-534,0,-14985
75,-55,38,13756,-238,-492,1,-13539
105,-60,0,13312,-276,-491,1,-13481
99,-51,-25,13315,-280,-473,1,13446
83,-36,-48,13728,-246,-440,1,13502
42,-18,-78,14577,-120,-406,1,14694
-53,-5,-109,15644,104,-359,1,15437
-89,-13,-129,16693,149,-360,1,16400
-140,-40,-123,17609,193,-377,1,17829
-162,-52,-82,18300,239,-387,1,18129
-185,-70,-54,18677,266,-387,1,18614
-203,-70,-26,18726,281,-376,1,18909
-155,-57,-3,18419,270,-395,1,18388
-115,-46,10,17842,259,-405,1,-17780
-76,-42,26,17093,201,-433,1,-17352
-30,-41,47,16222,55,-470,1,-16038
11,-44,45,15359,-108,-521,0,-14740
79,-47,17,14572,-304,-487,1,-14423
110,-61,-20,14196,-278,-484,1,14272
82,-51,-44,14346,-235,-468,1,14715
71,-49,-78,14862,-194,-454,1,15155
3,-51,-100,15709,-22,-444,0,15523
-71,-44,-90,16622,125,-411,1,16702
-91,-52,-63,17414,177,-407,1,17781
-158,-52,-15,18099,288,-369,1,17984
-170,-61,32,18467,275,-378,1,-18688
-168,-62,68,18524,258,-380,1,-18681
-154,-57,79,18328,246,-389,1,-17928
-118,-56,70,17913,225,-411,1,-17542
-96,-56,55,17352,220,-437,1,-17149
-72,-59,49,16677,173,-466,1,-16407
-39,-52,61,15947,88,-478,1,-16358
-2,-50,68,15216,-24,-494,0,15100
43,-46,62,14600,-153,-489,1,-14404
55,-42,37,14227,-199,-496,1,-13955
62,-47,-14,14033,-248,-536,1,13359
82,-55,-63,14144,-231,-494,1,13842
38,-51,-95,14664,-126,-470,1,14505
-30,-53,-117,15440,17,-435,1,15789
-88,-46,-104,16253,121,-390,1,16031
-147,-50,-66,16952,239,-372,1,17221
-153,-67,-18,17384,272,-391,1,17334
-169,-71,29,17579,281,-390,1,-17608
-161,-79,51,17511,249,-404,1,-17876
-135,-71,66,17176,224,-410,1,-17121
-107,-60,76,16620,187,-415,1,-16856
-58,-53,84,15922,102,-440,1,-16314
-11,-47,89,15195,-16,-453,0,15087
28,-49,68,14591,-129,-497,1,-14821
59,-53,30,14230,-222,-517,1,-13662
85,-49,-7,14240,-292,-495,1,14093
75,-40,-38,14800,-268,-473,1,14665
2,-23,-71,15741,-29,-433,0,15489
-71,-28,-100,16654,99,-393,1,16600
-113,-27,-97,17527,198,-362,1,17873
-171,-47,-78,18286,254,-363,1,17968
-138,-61,-26,18765,270,-389,1,18792
-182,-69,15,19041,297,-373,1,-19138
-190,-62,65,19067,272,-343,1,-19200
-185,-48,97,18768,240,-353,1,-18486
-144,-32,108,18180,197,-361,1,-18007
-96,-27,91,17381,163,-384,1,-16933
-46,-25,80,16514,77,-409,1,-16690
16,-25,64,15694,-94,-450,0,-15513
49,-34,29,15112,-230,-500,1,-14865
70,-37,-4,14898,-286,-502,1,15032
72,-38,-32,15069,-241,-483,1,15294
61,-45,-53,15560,-174,-488,1,15780
-1,-36,-72,16344,-19,-471,0,-15995
-72,-38,-105,17231,117,-416,1,17068
-155,-43,-115,18132,203,-379,1,18340
-150,-59,-86,18772,215,-386,1,18683
-140,-62,-40,19192,255,-392,1,19218
-169,-64,-9,19442,282,-377,1,19212
-181,-61,36,19446,281,-364,1,-19244
-165,-54,70,19137,244,-366,1,-19341
-118,-40,77,18537,211,-377,1,-18911
-81,-37,64,17762,180,-405,1,-17526
-47,-39,68,16939,94,-434,1,-17292
9,-37,81,16106,-71,-448,0,-16238
55,-39,66,15476,-185,-470,1,-15690
71,-43,21,15175,-247,-491,1,-14881
78,-39,-12,15273,-271,-485,1,15139
57,-27,-46,15768,-197,-456,1,15510
-6,-24,-92,16554,0,-418,0,16704
-66,-34,-133,17428,85,-400,1,17705
-110,-51,-136,18279,147,-398,1,18082
-133,-75,-87,18988,201,-408,1,19433
-150,-82,-28,19487,251,-414,1,19877
-184,-87,7,19768,271,-403,1,-19777
-194,-71,43,19735,263,-383,1,-19906
-152,-57,55,19327,250,-395,1,-19093
-133,-46,46,18654,243,-398,1,-18725
-80,-35,52,17771,178,-412,1,-17433
-15,-29,56,16874,13,-450,0,-16399
44,-28,41,16105,-195,-456,1,-16370
83,-33,4,15618,-300,-449,1,-15774
99,-30,-25,15556,-293,-431,1,15403
64,-39,-65,15883,-195,-464,1,16163
26,-38,-91,16487,-91,-442,1,16866
-51,-47,-109,17291,61,-429,1,17001
-96,-55,-95,18079,149,-412,1,18341
-142,-71,-62,18747,217,-409,1,18575
-146,-85,-14,19171,239,-424,1,19296
-164,-97,24,19365,245,-425,1,-18977
-174,-89,54,19298,235,-411,1,-19156
-147,-74,63,18895,211,-408,1,-18541
-108,-53,67,18233,182,-419,1,-17971
-55,-54,66,17364,106,-467,1,-16943
-1,-45,70,16470,-33,-481,0,16894
57,-47,50,15692,-187,-483,1,-15411
79,-50,15,15226,-265,-497,1,-15345
81,-43,-16,15231,-276,-477,1,15303
68,-34,-40,15717,-232,-464,1,15372
25,-30,-58,16531,-105,-458,1,16652
-26,-21,-64,17481,67,-414,1,17830
-111,-29,-89,18448,192,-384,1,18822
-167,-47,-87,19297,238,-377,1,18986
-156,-72,-50,19848,245,-403,1,19457
-153,-84,-7,20159,259,-421,1,20182
-188,-93,13,20241,270,-396,1,-20350
-180,-81,35,19958,252,-395,1,-19524
-127,-56,52,19294,231,-395,1,-19022
-96,-47,67,18400,197,-401,1,-18053
-38,-33,89,17419,63,-406,1,-17919
36,-31,91,16482,-115,-421,1,-16855
60,-32,62,15845,-198,-449,1,-15615
71,-29,28,15589,-298,-467,1,-15451
73,-25,-7,15760,-316,-454,1,15674
50,-19,-50,16334,-202,-436,1,16038
-5,-29,-91,17184,-14,-433,0,-17118
-71,-29,-101,18187,116,-393,1,18122
-132,-35,-93,19106,202,-380,1,19437
-164,-65,-70,19834,240,-392,1,19624
-148,-85,-19,20260,246,-410,1,20125
-158,-94,11,20440,249,-430,1,-20037
-169,-94,28,20363,245,-421,1,-20017
-157,-77,55,20006,238,-406,1,-20410
-121,-57,70,19395,209,-405,1,-19076
-81,-49,71,18596,164,-424,1,-18820
-37,-41,72,17749,73,-445,1,-17640
-2,-40,71,16934,-26,-470,0,17289
35,-35,57,16311,-143,-468,1,-16082
70,-44,4,15924,-255,-512,1,-16224
79,-57,-48,15847,-204,-501,1,15491
70,-48,-72,16120,-177,-470,1,16304
54,-52,-90,16647,-135,-455,1,16408
16,-36,-87,17445,-63,-427,0,17878
-55,-29,-90,18359,111,-389,1,17964
-125,-46,-77,19248,208,-384,1,19073
-161,-70,-21,19895,253,-401,1,19496
-170,-96,15,20213,235,-424,1,-20292
-157,-92,48,20228,215,-424,1,-20097
-132,-79,69,19989,203,-427,1,-20480
-125,-67,64,19561,210,-429,1,-19819
-103,-59,61,18928,187,-437,1,-18590
-66,-49,70,18198,136,-448,1,-17942
-32,-39,63,17431,72,-464,1,-17814
16,-38,43,16666,-97,-519,0,-17249
61,-39,14,16066,-257,-500,1,-15912
89,-47,-28,15786,-257,-481,1,15653
84,-49,-65,15929,-199,-466,1,16137
68,-49,-95,16437,-142,-449,1,16721
24,-43,-111,17260,-38,-426,0,17086
-33,-38,-104,18288,76,-404,1,18126
-92,-56,-69,19287,187,-416,1,19032
-156,-69,-19,20153,267,-401,1,20204
-193,-88,24,20666,249,-405,1,-20828
-176,-83,66,20771,221,-406,1,-20696
-147,-70,70,20547,213,-424,1,-20900
-120,-58,47,20097,226,-435,1,-20404
-97,-49,34,19446,215,-441,1,-19177
-59,-44,39,18664,151,-470,1,-18848
-13,-42,40,17842,24,-529,0,-18358
36,-46,25,17074,-176,-549,1,-16427
88,-55,2,16529,-254,-498,1,-16883
90,-59,-31,16441,-213,-496,1,16767
55,-52,-54,16735,-150,-501,1,16396
43,-60,-72,17214,-120,-492,1,17142
15,-59,-76,17915,-57,-493,0,17491
-45,-61,-86,18726,93,-466,1,18668
-118,-79,-95,19467,175,-433,1,19826
-159,-90,-57,20034,222,-418,1,20417
-156,-98,14,20276,218,-427,1,-20148
-129,-91,60,20222,199,-437,1,-20329
-126,-76,63,19981,205,-428,1,-20322
-99,-59,57,19570,199,-440,1,-19809
-89,-56,49,19011,198,-445,1,-19301
-59,-49,52,18328,144,-461,1,-18170
-2,-44,57,17565,-27,-494,0,17787
51,-36,60,16834,-175,-451,1,-16514
82,-36,23,16270,-292,-475,1,-16147
94,-66,-44,16066,-242,-504,1,16371
82,-47,-53,16329,-231,-463,1,16042
55,-57,-74,16893,-149,-480,1,16627
-12,-50,-79,17735,14,-468,0,17644
-51,-53,-84,18618,97,-445,1,18737
-107,-55,-76,19455,207,-400,1,19115
-149,-76,-54,20061,239,-412,1,20416
-148,-96,1,20415,244,-432,1,-20011
-188,-98,63,20524,243,-411,1,-20900
-157,-90,80,20273,206,-434,1,-20185
-121,-67,65,19725,207,-433,1,-19467
-78,-49,47,18978,180,-447,1,-19322
-26,-39,45,18130,73,-488,1,-18286
30,-37,46,17325,-148,-483,1,-17100
82,-44,32,16726,-270,-468,1,-16851
94,-54,-6,16524,-281,-487,1,16415
81,-49,-37,16773,-251,-480,1,16614
57,-53,-63,17354,-166,-480,1,17024
14,-51,-72,18213,-60,-481,0,18055
-67,-52,-83,19149,132,-442,1,19408
-116,-62,-90,19988,187,-411,1,20257
-164,-69,-69,20657,238,-392,1,20856
-138,-85,-32,21016,226,-407,1,21421
-161,-64,37,21134,270,-368,1,-21079
-153,-62,87,20977,214,-374,1,-20644
-141,-48,110,20547,198,-370,1,-20795
-118,-33,102,19860,184,-380,1,-19560
-67,-34,75,19006,145,-417,1,-19237
-16,-27,67,18073,24,-431,0,-18300
56,-28,61,17226,-204,-431,1,-16947
100,-45,38,16696,-287,-455,1,-16782
101,-47,12,16718,-294,-465,1,-16896
76,-53,-9,17200,-240,-506,1,16981
50,-53,-27,18022,-179,-534,1,17630
0,-46,-57,18995,-18,-511,0,19403
-77,-53,-108,20009,111,-435,1,20452
-135,-51,-106,20918,196,-393,1,20516
-181,-53,-69,21630,260,-377,1,21701
-149,-56,-10,22013,278,-392,1,21957
-170,-51,40,22165,290,-360,1,-22113
-166,-48,67,22026,265,-366,1,-22181
-158,-38,81,21605,245,-362,1,-21780
-116,-31,81,20937,205,-375,1,-20558
-92,-30,76,20158,174,-392,1,-20383
-53,-32,70,19354,113,-425,1,-18990
-24,-41,62,18576,20,-479,0,-18778
32,-51,41,17904,-188,-553,1,-18268
89,-59,0,17477,-289,-509,1,-17658
121,-57,-44,17466,-268,-472,1,17551
83,-54,-74,17871,-184,-474,1,17549
46,-49,-83,18540,-130,-470,1,18807
1,-47,-102,19427,-11,-442,0,18968
-106,-36,-107,20397,176,-381,1,20034
-122,-48,-88,21211,207,-373,1,21346
-150,-61,-56,21833,255,-381,1,21591
-140,-58,-2,22263,280,-379,1,22053
-181,-52,40,22499,291,-352,1,-22324
-175,-37,78,22409,249,-344,1,-22241
-138,-29,85,21973,220,-356,1,-21674
-100,-27,72,21316,200,-377,1,-21191
-60,-33,62,20548,138,-417,1,-20809
-15,-42,62,19807,10,-475,0,-19605
35,-53,71,19163,-118,-482,1,-19229
60,-61,59,18750,-194,-513,1,-19400
67,-68,22,18678,-222,-556,1,-18966
67,-75,-3,18882,-200,-557,1,19233
47,-64,-38,19415,-161,-559,1,18799
-27,-63,-78,20245,9,-510,1,20107
-67,-55,-89,20993,99,-444,1,21494
-110,-54,-63,21740,192,-416,1,21974
-131,-46,-19,22331,256,-394,1,22284
-123,-56,7,22637,262,-400,1,-22702
-146,-54,50,22736,265,-372,1,-22592
-144,-52,87,22632,225,-384,1,-22815
-141,-48,109,22331,210,-379,1,-22111
-115,-36,117,21848,171,-374,1,-21666
-65,-38,105,21219,121,-408,1,-21251
-60,-43,93,20559,105,-438,1,-20957
-27,-44,88,19899,30,-469,1,-19484
6,-49,53,19308,-50,-552,0,-18812
41,-55,0,18860,-184,-596,1,-19285
91,-51,-40,18658,-228,-497,1,18876
63,-65,-87,18788,-118,-503,1,18637
44,-54,-99,19206,-125,-462,1,19151
28,-50,-116,19895,-56,-431,1,19571
-54,-39,-129,20938,111,-380,1,20558
-142,-37,-112,22031,214,-362,1,22389
-162,-45,-51,22751,269,-355,1,22540
-163,-54,0,23158,304,-352,1,-23182
-188,-46,28,23271,301,-352,1,-23069
-164,-40,45,23059,270,-358,1,-23251
-142,-31,63,22579,244,-358,1,-22798
-106,-33,64,21880,205,-384,1,-21697
-73,-34,64,21079,144,-407,1,-21372
-21,-36,67,20261,26,-454,0,-20109
32,-40,56,19489,-161,-488,1,-19803
73,-47,29,19005,-270,-496,1,-19111
93,-55,-6,18927,-280,-503,1,18787
81,-57,-46,19244,-212,-503,1,19022
36,-62,-82,19857,-113,-502,1,19551
-18,-63,-113,20614,18,-461,0,20741
-77,-66,-120,21275,115,-426,1,21176
-104,-69,-87,21913,185,-407,1,21696
-128,-77,-26,22420,249,-417,1,22244
-147,-79,48,22708,241,-411,1,-22833
-132,-86,77,22717,206,-432,1,-22853
-132,-78,71,22539,208,-440,1,-23015
-124,-65,61,22181,224,-432,1,-22512
-114,-54,50,21626,226,-429,1,-21826
-77,-48,44,20885,190,-449,1,-20648
-23,-42,44,20099,63,-501,0,-20314
39,-45,43,19354,-157,-503,1,-19156
84,-58,29,18822,-234,-492,1,-18680
117,-63,3,18626,-270,-479,1,-18523
116,-66,-28,18873,-253,-482,1,18569
81,-65,-58,19463,-195,-496,1,19713
40,-57,-80,20263,-118,-484,1,20205
-20,-49,-90,21182,35,-451,0,21287
-106,-34,-77,22099,193,-391,1,22291
-156,-55,-56,22866,252,-393,1,22719
-186,-67,-10,23343,278,-388,1,23371
-174,-79,45,23449,241,-403,1,-23096
-167,-71,70,23257,232,-403,1,-23303
-135,-58,66,22758,216,-411,1,-22875
-84,-53,56,22062,183,-448,1,-22395
-52,-54,44,21266,134,-491,1,-21080
4,-57,41,20474,-34,-555,0,-19943
74,-63,41,19730,-210,-491,1,-19576
113,-68,21,19355,-264,-481,1,-19289
98,-75,-7,19490,-235,-519,1,20195
63,-69,-18,19941,-183,-548,1,20249
30,-53,-24,20596,-129,-576,1,21237
-17,-39,-31,21388,66,-547,0,20934
-91,-24,-44,22239,233,-409,1,22475
-114,-32,-57,22994,225,-400,1,22761
-123,-32,-69,23631,243,-383,1,24032
-139,-50,-61,24123,256,-382,1,24258
-147,-64,-43,24399,267,-405,1,24404
-161,-72,-23,24456,278,-402,1,24573
-158,-78,2,24276,265,-410,1,-24214
-135,-75,21,23830,247,-415,1,-23718
-93,-59,35,23191,214,-427,1,-23470
-67,-56,49,22491,157,-457,1,-22218
-19,-49,86,21716,3,-433,0,-21778
32,-51,107,21059,-116,-445,1,-21495
46,-47,77,20623,-137,-475,1,-20884
50,-67,-5,20355,-181,-593,1,19728
86,-60,-52,20408,-237,-490,1,20192
