-11,99,2,12,1,0,0,-101
-11,99,2,12,2,-1,0,103
-12,99,2,14,2,-2,0,101
-12,99,2,15,3,-3,0,102
-11,99,2,14,1,-1,0,102
-11,99,1,14,1,-1,0,101
-12,99,1,16,3,-3,0,122
-27,103,8,6,33,-34,0,113
-60,124,25,-101,85,-86,1,-58
-133,156,26,-478,151,-149,1,-480
-169,202,25,-1351,130,-144,1,-1332
-170,210,31,-2581,124,-154,1,-2711
-136,179,7,-3812,116,-147,1,-3638
-131,155,-18,-5042,127,-149,1,4945
-88,117,-41,-6248,108,-135,1,6276
-56,80,-51,-7479,85,-134,1,7600
-37,73,27,-8735,49,-75,1,-8721
-14,56,100,-9941,-19,-216,0,9794
33,39,108,-11102,-109,-273,1,-10825
74,1,53,-11990,-260,-369,1,-11996
113,-15,11,-12325,-377,-397,1,12455
113,-17,-33,-12011,-309,-405,1,-11785
36,-41,-78,-11286,-116,-465,1,-11765
-34,-66,-128,-10521,0,-467,1,-10455
-69,-98,-140,-9879,50,-450,1,-10185
-109,-82,-91,-9223,151,-427,1,-9568
-145,-73,-34,-8700,238,-386,1,-8303
-170,-51,41,-8471,268,-346,1,8690
-158,-50,88,-8604,221,-356,1,8402
-150,-38,109,-9009,192,-353,1,8782
-106,-29,117,-9686,128,-360,1,9265
-48,-27,105,-10466,60,-388,1,10497
-8,-37,84,-11264,-19,-439,0,-10799
48,-50,76,-11933,-163,-468,1,12195
89,-64,64,-12371,-238,-483,1,12664
99,-57,30,-12398,-275,-489,1,12497
70,-68,-37,-12162,-205,-526,1,-11619
68,-68,-83,-11668,-199,-495,1,-11502
31,-58,-104,-10927,-99,-457,1,-11079
-57,-48,-94,-10111,104,-432,1,-9969
-100,-67,-120,-9379,137,-413,1,-9699
-180,-42,-73,-8560,254,-332,1,-8204
-163,-52,13,-8124,268,-351,1,8054
-164,-49,66,-8037,243,-353,1,7717
-153,-42,78,-8298,215,-348,1,8473
-115,-41,86,-8844,175,-377,1,9043
-73,-39,88,-9528,113,-402,1,9442
-23,-40,86,-10256,0,-432,0,10693
31,-51,73,-10919,-136,-480,1,11161
79,-60,43,-11410,-248,-495,1,11732
111,-71,-4,-11583,-284,-498,1,-11774
101,-81,-48,-11410,-229,-508,1,-11672
76,-84,-72,-10969,-180,-508,1,-11212
40,-76,-91,-10286,-98,-487,1,-10641
-48,-72,-119,-9351,70,-438,1,-9577
-135,-58,-76,-8467,200,-390,1,-8361
-158,-42,9,-7937,281,-366,1,8138
-192,-48,49,-7730,267,-366,1,7925
-157,-44,74,-7869,227,-373,1,8149
-143,-40,80,-8283,224,-368,1,8495
-101,-32,79,-8873,174,-380,1,9034
-47,-46,63,-9657,96,-438,1,9298
-1,-48,67,-10416,-46,-460,0,-10536
62,-57,84,-11047,-186,-443,1,10868
107,-54,92,-11408,-232,-429,1,11717
106,-63,43,-11376,-263,-488,1,11506
85,-79,-21,-11092,-213,-541,1,-10648
70,-84,-67,-10601,-161,-528,1,-11156
26,-77,-99,-9926,-67,-497,1,-10049
-57,-60,-88,-9106,82,-445,1,-8745
-99,-49,-44,-8323,207,-405,1,-8612
-153,-45,0,-7730,282,-374,1,7913
-140,-56,33,-7455,249,-396,1,7410
-145,-56,62,-7419,231,-393,1,7439
-150,-61,67,-7617,225,-399,1,7238
-123,-59,74,-8072,184,-412,1,7853
-86,-57,70,-8695,142,-437,1,8420
-37,-50,70,-9385,52,-465,1,9500
18,-57,64,-10061,-111,-510,0,9911
78,-66,46,-10548,-235,-510,1,10246
100,-78,0,-10729,-240,-513,1,11053
92,-78,-43,-10613,-211,-522,1,-11160
71,-80,-91,-10328,-163,-502,1,-10578
30,-71,-128,-9839,-81,-461,1,-10199
-35,-64,-125,-9185,37,-433,1,-8728
-83,-59,-88,-8496,137,-413,1,-8199
-120,-65,-40,-7960,217,-409,1,-7750
-134,-73,4,-7627,239,-413,1,7283
-150,-75,28,-7529,235,-417,1,7395
-156,-66,62,-7697,216,-398,1,8098
-116,-55,84,-8156,170,-399,1,7917
-71,-52,80,-8798,109,-429,1,9146
-13,-48,76,-9464,-20,-462,0,-9541
44,-55,68,-10019,-168,-486,1,9789
79,-65,42,-10289,-260,-511,1,10475
89,-71,-3,-10168,-250,-520,1,-9560
63,-70,-43,-9736,-177,-526,1,-9450
11,-74,-86,-9188,-53,-515,0,-8641
-33,-72,-114,-8684,16,-477,1,-8243
-65,-81,-118,-8244,65,-454,1,-8658
-94,-78,-103,-7805,135,-428,1,-7974
-105,-82,-68,-7452,164,-428,1,-7278
-101,-76,-16,-7218,212,-434,1,-7544
-156,-68,32,-7111,244,-378,1,6832
-125,-54,90,-7281,161,-368,1,7598
-105,-48,114,-7677,128,-377,1,7218
-73,-40,107,-8220,96,-398,1,8689
-34,-38,94,-8841,29,-422,1,9065
6,-42,77,-9399,-62,-461,0,9511
51,-55,43,-9817,-192,-512,1,10037
90,-69,-4,-9951,-257,-517,1,-9669
85,-76,-46,-9758,-202,-508,1,-10016
56,-79,-79,-9354,-141,-518,1,-9788
24,-76,-91,-8826,-81,-502,0,-9176
-20,-68,-87,-8171,20,-482,0,-7708
-87,-68,-83,-7463,149,-437,1,-7236
-132,-69,-49,-6841,210,-409,1,-6919
-147,-76,-11,-6512,238,-408,1,-6343
-153,-74,17,-6511,233,-413,1,6360
-130,-71,41,-6821,219,-408,1,6917
-121,-59,74,-7306,192,-390,1,7623
-75,-45,97,-7945,110,-392,1,7909
-24,-42,104,-8644,6,-411,0,8203
21,-42,101,-9290,-88,-428,0,9710
56,-50,78,-9759,-185,-471,1,10036
89,-57,35,-9938,-268,-495,1,9845
90,-71,-14,-9769,-245,-522,1,-9416
66,-70,-49,-9339,-180,-528,1,-9971
28,-74,-89,-8776,-92,-513,1,-8211
5,-65,-101,-8106,-36,-470,0,-7805
-51,-64,-120,-7317,88,-433,1,-7430
-116,-56,-110,-6523,166,-388,1,-6262
-145,-69,-53,-6017,218,-389,1,-5694
-142,-72,16,-5797,246,-402,1,5914
-157,-74,45,-5841,232,-397,1,5967
-133,-63,65,-6129,203,-405,1,5719
-108,-51,78,-6624,169,-394,1,6379
-63,-46,79,-7272,96,-417,1,7672
-15,-46,79,-7913,-19,-453,0,-8017
38,-52,72,-8459,-163,-481,1,8214
82,-56,36,-8764,-258,-484,1,8859
103,-66,-17,-8633,-272,-497,1,-8563
57,-62,-55,-8094,-162,-516,1,-7439
9,-82,-114,-7542,-59,-501,0,-7313
-5,-72,-116,-6910,-24,-463,0,6934
-78,-66,-108,-6240,122,-432,1,-6639
-138,-72,-76,-5639,206,-406,1,-6108
-134,-72,-23,-5279,245,-413,1,-5409
-162,-75,4,-5125,257,-398,1,5220
-154,-63,42,-5210,236,-383,1,5445
-126,-57,65,-5566,197,-404,1,5356
-92,-54,67,-6120,151,-418,1,5887
-42,-55,69,-6763,47,-463,1,7122
8,-59,67,-7364,-84,-504,0,7444
51,-65,48,-7838,-198,-525,1,7188
84,-72,8,-8089,-245,-516,1,7543
95,-83,-36,-8068,-228,-520,1,-7499
77,-82,-60,-7768,-183,-516,1,-7367
42,-76,-70,-7240,-117,-513,1,-7701
-17,-69,-86,-6559,20,-490,0,-6241
-82,-68,-81,-5856,131,-446,1,-6049
-104,-62,-62,-5280,192,-427,1,-5522
-148,-72,-37,-4884,234,-410,1,-4756
-133,-72,11,-4748,233,-419,1,4875
-141,-78,36,-4839,227,-422,1,4934
-134,-70,55,-5158,207,-414,1,5507
-82,-61,63,-5676,153,-447,1,5981
-74,-61,54,-6245,145,-463,1,6523
-23,-58,57,-6844,19,-500,0,6991
31,-64,56,-7382,-135,-520,1,7759
79,-72,27,-7755,-241,-515,1,7336
106,-81,-3,-7821,-248,-509,1,-8125
97,-90,-30,-7589,-201,-527,1,-8005
39,-86,-50,-7153,-112,-571,1,-6630
52,-71,-70,-6655,-140,-504,1,-6327
-42,-60,-94,-6057,56,-462,1,-5650
-68,-56,-107,-5440,89,-423,1,-5342
-130,-56,-104,-4910,170,-393,1,-4830
-133,-72,-61,-4593,216,-404,1,-4168
-167,-74,-3,-4536,248,-386,1,-4129
-142,-64,54,-4800,218,-386,1,4963
-116,-55,80,-5287,173,-387,1,5535
-65,-45,89,-5897,98,-409,1,5828
-18,-48,84,-6532,-11,-444,0,-6235
21,-57,72,-7047,-120,-489,0,6782
70,-66,44,-7381,-249,-506,1,7677
111,-81,-5,-7406,-267,-496,1,-7217
90,-85,-39,-7055,-205,-536,1,-6527
45,-86,-69,-6574,-126,-541,1,-7156
0,-80,-94,-6074,-30,-513,0,-5557
-42,-90,-99,-5620,30,-489,1,-5141
-46,-68,-65,-5111,87,-482,1,-4718
-114,-67,-48,-4572,217,-424,1,-4283
-142,-64,-12,-4193,264,-400,1,-4190
-161,-72,28,-4087,258,-396,1,3975
-158,-65,53,-4249,236,-399,1,4369
-129,-54,63,-4721,200,-391,1,5047
-70,-47,65,-5431,129,-423,1,5176
-21,-55,66,-6161,18,-479,0,6590
43,-62,77,-6862,-153,-469,1,7129
106,-66,75,-7323,-252,-453,1,7622
107,-66,39,-7387,-277,-494,1,7213
82,-75,-11,-7155,-224,-528,1,-6452
71,-78,-53,-6771,-187,-518,1,-6385
45,-68,-91,-6239,-114,-484,1,-6652
-12,-72,-115,-5576,0,-466,0,-5163
-43,-59,-103,-4904,64,-434,1,-4772
-90,-57,-78,-4251,155,-419,1,-4493
-132,-58,-32,-3717,241,-390,1,-3927
-151,-67,2,-3414,262,-392,1,3329
-163,-63,45,-3359,256,-378,1,3541
-139,-62,80,-3594,207,-387,1,4000
-94,-55,93,-4053,146,-404,1,3808
-65,-58,79,-4595,113,-442,1,4111
-45,-60,72,-5136,66,-471,1,5575
-12,-59,79,-5655,-17,-482,0,-6044
32,-67,68,-6104,-142,-522,1,5494
55,-70,29,-6319,-203,-562,1,6713
64,-79,-27,-6358,-212,-565,1,-6694
79,-88,-68,-6214,-207,-516,1,-6865
54,-74,-81,-5796,-156,-495,1,-6139
8,-69,-101,-5192,-43,-472,0,-5521
-70,-59,-111,-4493,104,-418,1,-4184
-102,-65,-81,-3894,178,-404,1,-3683
-107,-69,-33,-3474,216,-426,1,-3310
-124,-72,13,-3206,239,-417,1,3576
-150,-73,45,-3122,241,-400,1,3516
-151,-66,70,-3264,218,-400,1,3448
-117,-58,77,-3657,188,-404,1,3940
-88,-53,68,-4198,162,-424,1,4420
-58,-53,66,-4817,103,-453,1,4927
-16,-54,72,-5439,-14,-481,0,-5284
34,-64,61,-5966,-158,-519,1,5621
94,-71,22,-6256,-283,-505,1,6272
113,-87,-31,-6193,-255,-509,1,-6409
76,-82,-44,-5812,-205,-526,1,-5192
50,-71,-57,-5262,-159,-522,1,-5718
-3,-62,-86,-4548,-6,-487,0,4168
-73,-56,-104,-3795,109,-427,1,-3855
-101,-63,-102,-3157,159,-412,1,-3437
-147,-68,-62,-2641,226,-392,1,-3035
-141,-70,-3,-2388,256,-404,1,-2313
-160,-72,29,-2368,246,-405,1,2203
-145,-62,65,-2615,222,-389,1,2947
-122,-53,72,-3098,198,-389,1,3421
-81,-50,67,-3718,145,-420,1,3990
-47,-51,68,-4364,73,-455,1,4319
-7,-62,59,-5013,-49,-522,0,-4528
53,-67,47,-5521,-194,-516,1,5897
98,-73,4,-5770,-282,-506,1,5700
96,-76,-33,-5676,-241,-497,1,-5924
76,-74,-62,-5304,-199,-509,1,-5559
31,-68,-85,-4749,-95,-495,1,-4920
-22,-63,-97,-4115,19,-464,0,-4488
-68,-66,-92,-3470,109,-442,1,-3076
-124,-73,-59,-2914,214,-421,1,-2586
-137,-84,-9,-2548,232,-428,1,-2145
-134,-87,29,-2427,225,-432,1,2297
-157,-81,48,-2528,244,-401,1,2116
-127,-68,66,-2902,195,-418,1,2635
-80,-58,70,-3500,143,-430,1,3258
-36,-55,67,-4167,52,-466,1,4598
9,-55,72,-4810,-73,-482,0,4885
71,-57,59,-5291,-242,-479,1,5570
110,-69,4,-5459,-297,-491,1,5565
112,-77,-49,-5248,-244,-488,1,-5477
73,-80,-73,-4734,-164,-495,1,-4990
27,-76,-81,-4139,-83,-503,1,-4494
-18,-71,-73,-3473,15,-501,0,-3191
-55,-57,-65,-2785,126,-461,1,-2848
-143,-55,-59,-2091,237,-391,1,-2497
-149,-60,-29,-1653,258,-391,1,-1601
-163,-67,17,-1458,265,-388,1,1481
-153,-70,58,-1537,225,-396,1,1934
-127,-68,76,-1871,184,-417,1,1572
-101,-61,70,-2404,165,-426,1,2162
-65,-59,58,-3072,116,-462,1,2565
-17,-56,58,-3780,-7,-502,0,-3888
49,-55,57,-4425,-197,-490,1,4184
94,-61,28,-4824,-286,-487,1,4689
102,-67,-9,-4818,-269,-487,1,-4629
82,-71,-48,-4491,-214,-512,1,-4249
41,-74,-72,-3967,-125,-523,1,-3373
5,-71,-89,-3340,-37,-497,0,-3271
-48,-63,-104,-2630,69,-449,1,-2998
-82,-56,-100,-1948,145,-413,1,-1681
-124,-63,-80,-1378,192,-399,1,-1063
-127,-69,-25,-1004,229,-420,1,-653
-149,-71,24,-826,246,-397,1,650
-149,-71,48,-921,224,-409,1,513
-131,-62,63,-1256,207,-400,1,1316
-99,-58,65,-1774,169,-420,1,2046
-63,-58,67,-2375,106,-455,1,2221
-12,-60,71,-3018,-26,-491,0,-2640
43,-64,68,-3558,-172,-497,1,3309
87,-61,41,-3807,-266,-490,1,3711
89,-66,-1,-3678,-263,-515,1,-3395
73,-68,-33,-3236,-217,-526,1,-3680
32,-59,-64,-2591,-115,-519,1,-2125
-26,-61,-102,-1900,10,-470,1,-1784
-48,-49,-100,-1167,63,-426,1,-1384
-107,-40,-98,-422,185,-383,1,-78
-149,-58,-86,136,214,-385,1,293
-158,-68,-38,464,256,-389,1,428
-183,-67,10,580,270,-372,1,-709
-177,-59,53,379,244,-364,1,-89
-139,-52,69,-135,206,-379,1,461
-93,-47,64,-853,164,-405,1,597
-38,-42,65,-1659,49,-440,1,1970
25,-45,65,-2398,-123,-469,0,2181
82,-52,43,-2944,-274,-474,1,3070
110,-59,0,-3096,-290,-469,1,3253
92,-60,-36,-2835,-241,-479,1,-2684
58,-53,-50,-2290,-188,-499,1,-2437
3,-47,-77,-1637,-31,-485,0,-2046
-34,-56,-101,-924,33,-450,1,-523
-98,-52,-120,-135,146,-406,1,-424
-151,-71,-123,530,179,-391,1,910
-145,-73,-67,928,215,-393,1,614
-172,-71,-17,1079,271,-381,1,1210
-173,-65,23,949,259,-369,1,-831
-138,-52,72,558,212,-368,1,-869
-104,-41,88,-36,155,-374,1,473
-62,-42,84,-706,94,-410,1,837
-28,-40,85,-1375,2,-430,1,1179
14,-37,77,-1932,-114,-456,0,1624
57,-37,20,-2280,-288,-498,1,2051
104,-48,-56,-2313,-279,-463,1,-2468
98,-57,-100,-1949,-211,-451,1,-1719
44,-64,-110,-1242,-117,-468,1,-1284
-8,-59,-98,-351,0,-457,0,-201
-95,-65,-110,493,136,-429,1,185
-118,-71,-100,1202,164,-412,1,1502
-144,-75,-72,1666,203,-413,1,1876
-154,-73,-23,1892,238,-396,1,1733
-162,-71,8,1848,259,-392,1,-1873
-154,-57,29,1539,246,-363,1,-1825
-121,-50,51,998,211,-384,1,-564
-76,-40,69,324,136,-395,1,-109
-33,-41,74,-371,42,-433,1,169
9,-45,75,-1012,-92,-458,0,525
55,-44,60,-1471,-225,-468,1,1198
86,-46,23,-1647,-308,-477,1,1774
92,-41,-5,-1410,-297,-457,1,-1299
30,-46,-61,-848,-127,-508,1,-711
0,-61,-116,-142,-32,-460,0,-277
-60,-74,-139,640,63,-443,1,1022
-80,-87,-134,1300,103,-438,1,1113
-99,-93,-95,1804,146,-440,1,1610
-115,-88,-38,2152,205,-440,1,2321
-150,-93,-2,2300,246,-410,1,2392
-157,-84,29,2207,227,-420,1,-2319
-135,-73,50,1842,213,-407,1,-1679
-99,-57,61,1274,172,-412,1,-1450
-54,-48,66,610,101,-438,1,-1002
-5,-44,71,-45,-37,-450,0,-420
30,-51,72,-531,-139,-469,1,811
50,-53,67,-752,-190,-477,1,968
60,-52,35,-697,-220,-503,1,954
53,-59,-9,-366,-217,-557,1,-926
29,-60,-65,138,-121,-532,1,644
7,-73,-112,721,-57,-487,0,813
-48,-76,-137,1321,40,-448,1,1105
-69,-73,-130,1860,83,-427,1,1587
-92,-72,-82,2331,154,-421,1,2155
-103,-73,-28,2689,215,-429,1,3020
-141,-75,18,2913,245,-404,1,-2769
-147,-76,59,2912,227,-401,1,-2803
-139,-71,68,2661,212,-407,1,-2989
-116,-61,66,2195,193,-413,1,-2497
-77,-51,66,1601,144,-429,1,-1859
-50,-45,75,979,80,-435,1,-613
-1,-41,81,371,-63,-449,0,246
43,-47,60,-52,-190,-491,1,350
75,-62,4,-179,-255,-515,1,575
101,-67,-45,70,-249,-491,1,348
47,-75,-93,634,-107,-502,1,991
15,-75,-117,1271,-58,-477,0,1313
-32,-74,-119,1929,31,-456,1,1650
-80,-75,-102,2549,108,-442,1,2115
-113,-81,-69,3030,173,-430,1,2737
-118,-81,-23,3321,209,-433,1,3496
-127,-80,19,3420,213,-437,1,-3101
-134,-74,57,3326,204,-409,1,-3421
-120,-66,76,3027,181,-410,1,-2695
-106,-58,68,2565,180,-420,1,-2822
-84,-51,59,1972,163,-430,1,-1764
-48,-48,66,1343,75,-452,1,-1271
13,-41,85,752,-92,-440,0,-879
79,-36,70,377,-256,-441,1,-24
98,-41,3,423,-339,-466,1,-367
98,-39,-54,942,-269,-436,1,867
20,-38,-115,1846,-77,-437,0,1679
-76,-42,-155,2845,74,-394,1,2597
-118,-45,-148,3746,146,-375,1,3983
-140,-67,-99,4432,184,-396,1,4299
-153,-79,-29,4931,234,-391,1,4838
-185,-62,13,5228,263,-346,1,-5306
-175,-48,59,5223,219,-341,1,-5458
-130,-32,80,4927,172,-340,1,-4622
-95,-18,90,4429,133,-342,1,-4236
-55,-17,88,3833,63,-364,1,-4049
-4,-22,87,3280,-55,-399,0,3371
36,-30,78,2861,-149,-430,1,-2657
73,-37,44,2649,-265,-478,1,-2767
78,-64,-30,2705,-235,-540,1,2063
68,-81,-79,3064,-172,-524,1,2305
22,-68,-103,3791,-79,-495,0,3934
-69,-54,-125,4636,99,-421,1,5077
-109,-41,-114,5416,165,-365,1,5335
-149,-42,-60,6124,253,-342,1,5825
-135,-42,6,6594,287,-338,1,-6439
-173,-31,84,6930,234,-307,1,-6704
-166,-24,122,7089,173,-310,1,-6883
-132,-19,130,7007,134,-328,1,-6799
-96,-28,103,6751,130,-375,1,-7052
-84,-36,75,6406,134,-411,1,-6179
-66,-43,60,5989,111,-448,1,-5858
-29,-39,56,5543,43,-473,1,-5206
9,-39,38,4991,-83,-557,0,-4363
45,-47,0,4306,-204,-555,1,-4660
70,-78,-34,3647,-191,-555,1,3202
100,-81,-36,3408,-221,-510,1,3173
77,-93,-59,3637,-155,-519,1,3201
-2,-97,-50,4290,-7,-587,0,-4829
-32,-97,-47,4896,55,-575,1,4475
-70,-87,-30,5497,142,-518,1,6143
-117,-68,-12,6035,233,-437,1,5873
-154,-59,21,6507,250,-384,1,-6236
-139,-54,63,6660,205,-370,1,-6972
-112,-51,77,6607,156,-375,1,-6199
-78,-47,68,6523,121,-391,1,-6305
-60,-53,54,6561,101,-438,1,-6220
-37,-41,80,6682,12,-395,1,-7108
-2,-36,117,6602,-52,-402,0,6205
25,-46,91,6294,-87,-459,1,-6503
27,-37,78,5874,-98,-491,1,-5900
62,-38,27,5312,-232,-525,1,-5673
91,-58,-35,4760,-218,-528,1,4109
93,-78,-85,4718,-171,-497,1,4979
49,-84,-113,5205,-83,-491,1,5628
-14,-80,-110,5985,27,-483,0,5813
-81,-69,-76,6931,162,-437,1,6745
-150,-63,-34,7819,259,-393,1,7817
-180,-73,18,8408,253,-387,1,-8526
-181,-71,67,8503,207,-391,1,-8397
-141,-68,70,8132,177,-415,1,-7778
-99,-60,65,7528,155,-441,1,-7249
-51,-57,54,6777,74,-489,1,-7141
2,-53,42,6004,-100,-566,0,-5437
58,-56,9,5301,-257,-541,1,-6063
76,-57,-27,4827,-261,-515,1,4528
99,-53,-71,4609,-238,-467,1,4908
88,-55,-105,4748,-182,-445,1,4992
48,-53,-108,5275,-135,-435,1,5571
12,-56,-101,6070,-56,-437,0,5736
-73,-46,-89,7065,119,-379,1,6826
-105,-51,-62,7906,186,-392,1,8123
-160,-43,4,8453,269,-354,1,-8668
-120,-57,67,8578,182,-385,1,-8380
-115,-53,127,8480,146,-357,1,-8429
-115,-55,135,8233,127,-385,1,-8471
-71,-45,137,7855,76,-386,1,-8067
-56,-49,112,7398,62,-428,1,-7432
-26,-56,82,6935,15,-484,1,-6789
-3,-59,59,6531,-35,-543,0,7102
29,-59,27,6173,-132,-603,1,-6908
36,-61,-25,5853,-138,-585,1,5151
61,-74,-79,5557,-178,-522,1,5940
92,-80,-94,5487,-179,-488,1,5239
51,-81,-95,5801,-85,-497,1,5939
11,-68,-76,6391,-24,-494,0,6412
-30,-61,-63,7129,68,-491,1,6763
-67,-57,-57,7977,172,-448,1,7803
-121,-50,-38,8778,246,-403,1,9025
-154,-60,-5,9407,252,-394,1,9583
-143,-58,47,9767,216,-381,1,-10009
-122,-58,69,9880,175,-400,1,-10175
-111,-60,66,9840,163,-419,1,-10086
-106,-63,56,9675,165,-440,1,-9398
-114,-70,41,9373,169,-456,1,-9710
-76,-63,45,8888,112,-482,1,-9075
3,-68,22,8261,-55,-647,0,-8866
38,-85,-29,7494,-116,-606,1,7941
93,-90,-55,6735,-224,-517,1,6309
125,-92,-55,6372,-229,-475,1,6601
89,-87,-39,6472,-183,-498,1,6181
48,-71,-13,6916,-154,-548,1,6599
24,-58,-4,7590,-110,-599,0,8125
-20,-43,3,8469,78,-585,0,-9004
-42,-19,27,9507,199,-397,1,-9292
-154,7,22,10528,343,-318,1,10689
-222,-15,4,11262,316,-342,1,-11076
-173,-41,27,11508,271,-381,1,-11292
-163,-46,26,11442,273,-393,1,-11454
-166,-52,35,11087,260,-398,1,-11121
-131,-57,46,10449,204,-426,1,-10532
-85,-60,38,9626,160,-477,1,-9389
-45,-64,20,8745,89,-558,1,-8282
17,-62,5,7851,-109,-650,0,-7270
81,-63,-20,7020,-230,-510,1,6667
123,-70,-43,6379,-238,-468,1,6594
135,-60,-46,6194,-251,-441,1,6626
104,-59,-58,6505,-223,-451,1,6173
74,-52,-81,7283,-158,-439,1,7538
-11,-38,-86,8360,32,-420,0,8531
-78,-34,-65,9493,175,-390,1,9232
-162,-41,-42,10466,281,-367,1,10294
-212,-56,-16,11054,293,-373,1,11159
-208,-63,4,11179,286,-382,1,-11071
-179,-60,0,10961,279,-387,1,-10959
-139,-52,5,10504,248,-382,1,-10291
-95,-54,22,9883,186,-426,1,-10231
-47,-53,41,9167,90,-486,1,-8769
-4,-54,49,8376,-62,-531,0,8850
76,-46,42,7613,-278,-474,1,-7482
120,-53,-4,7054,-316,-473,1,6945
119,-51,-35,6939,-298,-461,1,7066
96,-37,-71,7322,-261,-449,1,7263
46,-20,-111,8102,-120,-386,1,7680
-36,-9,-124,9131,40,-352,1,8847
-92,-12,-115,10219,128,-337,1,9754
-146,-30,-93,11172,218,-343,1,11003
-152,-34,-48,11930,270,-339,1,11868
-221,-47,-28,12346,309,-340,1,12470
-199,-53,1,12427,276,-360,1,-12297
-161,-45,40,12230,243,-351,1,-11981
-127,-49,48,11794,207,-398,1,-12078
-89,-48,47,11122,164,-429,1,-10786
-43,-38,49,10268,73,-458,1,-10658
20,-36,43,9358,-152,-504,0,-9713
95,-40,20,8525,-319,-464,1,-8660
132,-60,-23,8026,-295,-473,1,7950
122,-54,-51,8048,-270,-458,1,8138
86,-41,-79,8525,-206,-432,1,8220
35,-18,-97,9392,-97,-402,1,9488
-52,-15,-116,10430,70,-378,1,10700
-99,-25,-119,11322,124,-370,1,11576
-130,-46,-99,12083,173,-378,1,11818
-170,-53,-52,12731,231,-352,1,12462
-177,-55,-2,13048,254,-350,1,13279
-181,-43,37,13038,257,-356,1,-12853
-175,-27,54,12619,227,-347,1,-12404
-76,-32,67,11779,116,-394,1,-12267
-20,-49,70,10898,-21,-468,0,11058
23,-61,60,10192,-143,-523,0,-9538
59,-65,41,9692,-204,-532,1,-10070
88,-71,-3,9311,-237,-536,1,9915
89,-85,-41,9124,-189,-536,1,8489
83,-69,-50,9228,-199,-506,1,9494
56,-58,-71,9586,-158,-494,1,9286
8,-53,-85,10231,-71,-467,0,9737
-24,-26,-68,11121,44,-408,0,10885
-126,-25,-72,12031,240,-360,1,12105
-158,-39,-41,12747,257,-364,1,12593
-135,-58,13,13124,248,-377,1,-12918
-169,-61,64,13325,233,-376,1,-13637
-165,-58,86,13221,204,-373,1,-13014
-120,-58,82,12814,168,-412,1,-13091
-77,-57,67,12200,121,-451,1,-11816
-29,-62,47,11488,30,-537,1,-12012
22,-69,32,10778,-117,-598,0,-10316
61,-72,12,10129,-195,-567,1,-9489
71,-75,-31,9595,-191,-539,1,10191
87,-80,-68,9199,-203,-500,1,8846
111,-71,-77,9155,-233,-467,1,8863
61,-68,-86,9545,-153,-479,1,9255
26,-50,-82,10291,-104,-448,1,10642
-38,-30,-74,11187,82,-401,1,10755
-100,-25,-56,12166,203,-346,1,11867
-138,-18,-3,13007,305,-330,1,12846
-175,-42,59,13468,238,-350,1,-13713
-153,-43,118,13596,167,-360,1,-13340
-129,-53,117,13409,160,-389,1,-13704
-102,-54,90,13029,149,-420,1,-13275
-63,-58,67,12577,110,-468,1,-12508
-35,-72,46,12097,53,-557,1,-11537
-14,-83,28,11653,4,-635,0,-12219
0,-89,-6,11141,-9,-713,0,10522
15,-97,-46,10375,-42,-617,0,10886
71,-84,-55,9581,-161,-519,1,10218
98,-80,-51,9019,-194,-496,1,8713
99,-78,-54,8830,-185,-483,1,9020
90,-67,-46,9040,-192,-472,1,8718
52,-56,-46,9628,-156,-487,1,9420
-4,-42,-30,10568,-25,-537,0,-11134
-32,-34,-9,11610,141,-492,1,11273
-92,-8,0,12743,353,-337,1,-12714
-182,-29,-25,13635,339,-362,1,13771
-209,-58,-15,14114,291,-381,1,14233
-179,-71,-5,14157,264,-413,1,14122
-152,-75,-16,13877,233,-432,1,14242
-109,-75,-18,13329,190,-456,1,13660
-65,-70,-20,12644,134,-501,1,12291
-40,-72,-13,11838,63,-540,1,11381
15,-62,12,10966,-113,-600,0,-10446
61,-57,36,10073,-220,-480,1,-9856
117,-58,45,9269,-287,-439,1,-9472
122,-60,34,8806,-288,-457,1,-8914
113,-52,8,8767,-318,-463,1,-8838
120,-44,-34,9158,-316,-441,1,9012
54,-29,-62,10108,-208,-427,1,9741
-29,-17,-73,11299,28,-382,1,11525
-115,-16,-66,12471,206,-343,1,12560
-162,-32,-41,13428,267,-351,1,13492
-184,-62,-6,14026,278,-371,1,13858
-177,-58,20,14324,287,-367,1,-14108
-191,-56,30,14339,273,-364,1,-14574
-139,-52,44,14036,227,-380,1,-14299
-93,-52,49,13497,181,-418,1,-13809
-60,-59,44,12856,119,-474,1,-13241
-35,-65,48,12113,49,-520,1,-11575
12,-65,43,11251,-90,-565,0,-10748
67,-63,23,10341,-233,-517,1,-10977
121,-70,-18,9516,-327,-499,1,9654
151,-77,-55,9154,-288,-461,1,9215
123,-66,-71,9428,-235,-446,1,9724
61,-50,-63,10223,-175,-451,1,9906
19,-30,-41,11313,-103,-459,0,11705
-84,3,-37,12533,259,-315,1,-12476
-142,-14,-55,13610,273,-343,1,13784
-167,-31,-38,14442,289,-335,1,14491
-158,-39,-1,14989,289,-361,1,14972
-169,-30,36,15332,291,-340,1,-15111
-164,-43,35,15289,268,-371,1,-15215
-146,-45,39,14975,241,-387,1,-15254
-107,-56,39,14428,186,-438,1,-14635
-62,-67,34,13727,110,-515,1,-14254
-20,-76,26,12965,10,-611,0,-12430
22,-80,13,12169,-106,-640,0,-11722
69,-78,-9,11340,-199,-553,1,11937
84,-85,-42,10640,-197,-525,1,11122
98,-85,-59,10340,-214,-489,1,10582
93,-68,-50,10592,-219,-467,1,10308
16,-56,-44,11314,-81,-527,0,11874
-14,-39,-50,12223,18,-467,0,11879
-72,-27,-62,13168,164,-380,1,13004
-112,-19,-49,14056,247,-338,1,14080
-125,-29,-14,14704,287,-347,1,14683
-147,-31,21,15189,308,-351,1,-15270
-177,-47,34,15422,276,-374,1,-15585
-171,-60,48,15367,234,-397,1,-15812
-147,-61,55,15010,200,-419,1,-15187
-105,-64,44,14412,164,-465,1,-14657
-62,-67,30,13685,118,-523,1,-14188
-4,-73,19,12908,-22,-648,0,12452
26,-78,6,12182,-104,-637,1,-11744
63,-80,-19,11548,-186,-558,1,12265
93,-87,-54,11161,-215,-516,1,10609
70,-76,-73,11192,-177,-496,1,10913
37,-58,-85,11560,-113,-470,1,11462
-23,-46,-92,12099,26,-437,0,11919
-61,-38,-78,12756,116,-398,1,12410
-107,-37,-48,13395,231,-374,1,13731
-123,-50,-4,13923,248,-399,1,14174
-120,-58,27,14287,227,-402,1,-14060
-137,-60,50,14507,217,-398,1,-14718
-133,-62,66,14566,190,-407,1,-14647
-114,-57,74,14419,168,-415,1,-14694
-90,-55,68,14116,137,-444,1,-13887
-66,-65,50,13731,96,-505,1,-13324
-33,-74,33,13332,25,-595,1,-13845
10,-85,0,12939,-74,-725,0,-12363
19,-97,-50,12611,-77,-618,0,13094
42,-94,-73,12386,-117,-546,1,12811
43,-85,-86,12362,-113,-522,1,12826
10,-77,-93,12565,-54,-499,0,12490
-14,-60,-80,12983,4,-472,0,13087
-53,-44,-63,13560,118,-426,1,13573
-96,-39,-47,14191,222,-372,1,13974
-129,-30,-26,14748,297,-352,1,14701
-162,-43,-14,15117,297,-368,1,15310
-161,-45,17,15254,291,-356,1,-15177
-139,-49,36,15136,259,-375,1,-15305
-115,-53,42,14840,219,-396,1,-14536
-86,-57,45,14420,175,-429,1,-14613
-60,-64,48,13932,115,-474,1,-14322
-36,-80,59,13406,29,-522,1,-13855
6,-88,71,12890,-60,-541,0,-12394
35,-90,56,12407,-124,-564,1,-12927
57,-88,25,12051,-194,-586,1,-11760
77,-82,-5,11906,-210,-556,1,11363
49,-74,-30,12114,-158,-560,1,11654
27,-56,-45,12678,-134,-539,1,13082
-21,-38,-54,13483,33,-480,0,13651
-87,-28,-44,14284,204,-401,1,14069
-115,-22,-45,14818,247,-374,1,14376
-148,-44,-51,15202,254,-389,1,14993
-132,-58,-31,15473,245,-413,1,15807
-137,-86,-15,15592,241,-444,1,15730
-153,-98,8,15533,212,-437,1,-15680
-114,-90,36,15223,171,-458,1,-14875
-78,-82,38,14748,130,-498,1,-14551
-50,-78,33,14187,87,-538,1,-13692
-16,-77,26,13566,16,-609,0,-14038
29,-84,6,12905,-99,-631,1,-12343
64,-88,-9,12285,-186,-566,1,11629
104,-85,-21,11932,-231,-508,1,12202
88,-82,-36,11929,-198,-507,1,12175
57,-66,-47,12283,-167,-509,1,12020
25,-47,-62,12956,-93,-489,1,13089
-41,-45,-77,13851,71,-451,1,14293
-75,-23,-67,14729,155,-381,1,14451
-116,-31,-66,15209,209,-377,1,15087
-133,-55,-50,15602,212,-386,1,15655
-126,-50,-2,15870,244,-374,1,15409
-142,-59,30,16030,228,-391,1,-16215
-148,-53,68,15965,195,-386,1,-16384
-114,-66,77,15566,135,-431,1,-15770
-76,-64,70,14995,102,-469,1,-15121
-35,-64,52,14336,34,-543,1,-14871
6,-70,30,13694,-69,-626,0,-14101
55,-77,1,13147,-177,-575,1,-12717
64,-89,-36,12748,-158,-571,1,13139
71,-94,-62,12511,-178,-539,1,12880
92,-92,-76,12515,-190,-497,1,12769
63,-72,-81,12895,-140,-474,1,13094
17,-45,-73,13656,-55,-443,0,13475
-47,-18,-72,14523,133,-372,1,14646
-127,-30,-65,15430,219,-355,1,15839
-142,-22,-16,16212,281,-323,1,16283
-141,-27,32,16682,264,-332,1,-16861
-149,-32,52,16956,254,-344,1,-17194
-156,-43,61,16941,237,-363,1,-17190
-126,-58,63,16616,203,-399,1,-16854
-98,-71,56,16056,167,-452,1,-16321
-56,-72,59,15311,101,-495,1,-14861
-17,-69,68,14402,8,-515,0,-14939
26,-64,74,13482,-118,-505,1,-13644
85,-66,41,12691,-244,-512,1,-12450
110,-91,-23,12184,-243,-521,1,11587
91,-76,-35,12199,-228,-505,1,11917
41,-61,-27,12633,-181,-550,1,13252
13,-42,-14,13322,-138,-602,0,14065
-35,-27,-21,14060,129,-486,1,14247
-121,-37,-49,14945,233,-389,1,15203
-165,-50,-25,15639,269,-376,1,15843
-120,-72,9,16014,235,-432,1,-16369
-158,-89,9,16279,266,-426,1,-16380
-160,-86,22,16281,233,-418,1,-15887
-120,-83,32,16002,192,-450,1,-16262
-104,-67,39,15553,162,-435,1,-15825
-43,-70,57,14895,47,-498,1,-15269
4,-68,71,14166,-67,-511,0,-14057
46,-70,64,13462,-167,-519,1,-13855
99,-58,44,12921,-265,-474,1,-13022
111,-53,-4,12765,-302,-495,1,12613
89,-52,-50,13116,-234,-484,1,12910
24,-9,-67,13978,-105,-394,0,14123
-46,2,-122,14964,60,-353,1,-15230
-91,-12,-141,15947,103,-346,1,16299
-97,-29,-121,16767,130,-353,1,16538
-114,-45,-76,17495,203,-366,1,17892
-152,-47,-45,18056,269,-358,1,18038
-171,-56,-22,18395,277,-363,1,18223
-186,-56,-2,18520,263,-352,1,18572
-125,-43,35,18411,220,-357,1,-17958
-107,-36,59,18144,193,-360,1,-18232
-94,-42,62,17729,152,-392,1,-17432
-66,-45,76,17180,88,-420,1,-17094
-32,-43,76,16502,30,-455,1,-16853
14,-51,49,15752,-108,-551,0,-16331
56,-59,12,15070,-213,-550,1,-14371
75,-73,-23,14564,-222,-553,1,14855
82,-73,-40,14448,-224,-523,1,15003
75,-60,-50,14759,-208,-487,1,14540
17,-49,-65,15528,-80,-494,0,15721
-42,-26,-70,16457,74,-411,1,16879
-65,-29,-76,17318,120,-393,1,16962
-120,-29,-59,18267,217,-359,1,18102
-128,-34,-38,19000,242,-363,1,19416
-149,-45,-11,19523,274,-364,1,19595
-195,-47,8,19789,288,-367,1,-19941
-174,-58,12,19704,270,-377,1,-19478
-155,-47,28,19333,251,-367,1,-19132
-81,-37,50,18746,150,-392,1,-18543
-33,-38,66,18161,47,-431,1,-18229
-31,-50,67,17705,32,-474,1,-17600
-21,-74,61,17361,-6,-547,0,16788
-2,-92,39,17050,-46,-637,0,16564
18,-101,3,16698,-76,-696,0,-17330
27,-99,-14,16296,-95,-663,1,15639
49,-82,-25,16001,-152,-596,1,15422
49,-77,-58,15936,-125,-551,1,15453
18,-66,-78,16201,-60,-510,0,16019
-35,-71,-113,16650,29,-443,1,16570
-31,-54,-78,17162,28,-408,1,17124
-57,-48,-34,17781,152,-435,1,17514
-89,-45,3,18403,229,-403,1,-18145
-102,-36,33,18899,239,-380,1,-18468
-116,-40,37,19247,249,-391,1,-18979
-127,-48,32,19472,256,-400,1,-19694
-128,-46,31,19578,257,-396,1,-19647
-120,-46,35,19596,249,-390,1,-19851
-116,-45,43,19520,224,-398,1,-19803
-94,-50,45,19372,189,-424,1,-19189
-95,-59,43,19179,181,-446,1,-19376
-77,-72,43,18945,126,-493,1,-19377
-54,-90,39,18686,72,-556,1,-19158
-52,-97,35,18400,59,-575,1,-17815
-21,-97,26,18025,-4,-636,0,17533
28,-92,14,17553,-109,-645,1,-17972
51,-93,-12,17059,-138,-602,1,16404
45,-92,-28,16770,-127,-590,1,17375
21,-82,-30,16727,-79,-614,0,17191
-16,-81,-34,16816,26,-609,0,17334
-30,-77,-31,17075,59,-584,1,16515
-61,-58,-35,17428,152,-504,1,17759
-50,-62,-58,17748,106,-499,1,17658
-96,-59,-66,18202,193,-434,1,17997
-114,-62,-47,18573,208,-425,1,18836
-109,-60,-20,18907,229,-415,1,18663
-118,-59,-1,19204,232,-402,1,18993
-103,-69,14,19423,207,-420,1,-19101
-106,-60,38,19543,194,-406,1,-19832
-84,-71,40,19503,161,-458,1,-19834
-79,-79,40,19336,145,-484,1,-19154
-65,-86,40,19040,111,-521,1,-18490
-42,-90,45,18593,55,-556,1,-19172
-8,-88,48,18038,-36,-585,0,17535
63,-88,42,17406,-213,-564,1,-16729
71,-91,16,16921,-211,-566,1,-16625
78,-83,3,16798,-239,-546,1,-17230
63,-64,-19,17025,-201,-542,1,16453
-20,-62,-54,17534,44,-544,0,18004
-48,-47,-57,18202,98,-472,1,18069
-59,-41,-48,18889,159,-448,1,18647
-111,-34,-39,19573,249,-397,1,19818
-123,-51,-39,20079,235,-413,1,20341
-120,-57,-15,20453,236,-416,1,20180
-123,-61,-2,20728,239,-424,1,20980
-135,-64,-3,20874,247,-416,1,20570
-134,-65,6,20880,228,-418,1,-20502
-108,-66,19,20712,189,-442,1,-20951
-91,-66,27,20412,160,-467,1,-20174
-69,-78,15,19971,119,-533,1,-19558
-39,-89,8,19454,58,-602,1,-18921
-22,-99,8,18901,0,-652,0,-19236
16,-111,4,18320,-89,-677,0,-17685
52,-109,-15,17674,-160,-615,1,18342
93,-102,-53,17129,-206,-523,1,16417
87,-85,-76,16953,-179,-484,1,17187
40,-57,-68,17212,-123,-473,1,17102
3,-36,-57,17744,-18,-457,0,17555
-37,-30,-50,18416,138,-430,1,18140
-87,-37,-37,19130,237,-412,1,19353
-126,-54,-19,19733,256,-415,1,19922
-145,-71,-3,20137,249,-426,1,20270
-149,-80,0,20316,247,-434,1,-20163
-142,-80,-5,20306,248,-437,1,20187
-133,-79,-7,20117,230,-436,1,20239
-84,-76,-4,19703,177,-481,1,19902
-77,-75,0,19183,161,-494,1,-19367
-52,-60,19,18590,108,-498,1,-18716
-11,-53,38,17907,-17,-533,0,18413
51,-56,39,17203,-214,-502,1,-16948
118,-63,31,16688,-309,-464,1,-16800
136,-69,5,16558,-305,-474,1,-16526
94,-71,-19,16846,-258,-512,1,16697
78,-61,-54,17427,-219,-495,1,17763
-14,-46,-100,18285,0,-458,0,18149
-74,-50,-132,19142,61,-414,1,19358
-89,-44,-116,19835,113,-379,1,19571
-132,-45,-88,20438,192,-371,1,20127
-128,-55,-37,20837,236,-391,1,20577
-158,-51,12,20941,271,-377,1,-20763
-128,-70,29,20694,222,-407,1,-20923
-123,-58,57,20372,205,-400,1,-20144
-84,-52,74,19918,138,-396,1,-19687
-49,-57,74,19415,76,-455,1,-18973
-28,-56,83,18942,4,-460,1,-18510
15,-56,82,18532,-99,-490,0,-18824
49,-65,43,18246,-188,-553,1,-17805
74,-77,-2,18181,-226,-561,1,17872
72,-75,-27,18365,-204,-551,1,17739
62,-62,-51,18737,-176,-525,1,19360
5,-49,-103,19356,-27,-458,0,18974
-47,-52,-143,20087,45,-425,1,20322
-77,-37,-139,20885,104,-381,1,20576
-118,-46,-125,21559,157,-372,1,22014
-110,-50,-76,22026,186,-381,1,22488
-125,-54,-38,22338,237,-383,1,22206
-137,-54,-9,22499,253,-392,1,22063
-147,-50,11,22480,260,-380,1,-22277
-134,-40,37,22274,242,-372,1,-22024
-104,-43,51,21828,186,-386,1,-21507
-65,-49,59,21288,123,-438,1,-21167
-14,-51,61,20682,-15,-486,0,20769
35,-62,53,20133,-161,-522,1,-19493
85,-71,35,19789,-258,-511,1,-19842
91,-82,8,19770,-235,-536,1,-20423
71,-83,-5,20049,-189,-552,1,19672
29,-73,-14,20547,-109,-634,1,21005
-9,-66,-40,21137,2,-601,0,20647
-41,-56,-67,21741,73,-504,1,21773
-58,-47,-64,22403,101,-461,1,22017
-61,-34,-70,23058,133,-425,1,23396
-112,-30,-89,23783,192,-392,1,23945
-133,-33,-112,24349,184,-373,1,24089
-151,-37,-101,24748,207,-353,1,25046
-140,-33,-68,24929,231,-345,1,24629
-142,-41,-45,24937,256,-353,1,24963
-131,-36,-21,24824,264,-346,1,24607
-105,-30,3,24647,273,-351,1,-24702
-98,-33,20,24425,247,-369,1,-24249
-79,-40,37,24111,180,-399,1,-24411
-57,-56,53,23752,88,-457,1,-23906
-21,-76,62,23358,-17,-530,0,22876
11,-89,54,22970,-86,-579,0,-23499
49,-84,29,22575,-170,-593,1,-23211
46,-82,5,22224,-163,-628,1,-21625
94,-64,-5,22059,-234,-517,1,21664
45,-46,-55,22260,-96,-526,1,21651
-23,-56,-98,22671,50,-492,0,22804
-27,-40,-105,23125,25,-431,1,23476
-31,-46,-120,23667,32,-427,1,23998
-77,-40,-123,24311,98,-390,1,24322
-87,-49,-103,24891,124,-385,1,24772
-101,-50,-68,25400,179,-390,1,25115
-128,-46,-39,25863,228,-369,1,25828
-166,-38,-17,26141,241,-346,1,26406
-106,-46,9,26056,191,-393,1,-25778
-95,-48,37,25813,195,-417,1,-26082
-88,-54,39,25522,165,-434,1,-25313
-77,-59,45,25201,133,-458,1,-25446
-68,-67,54,24874,93,-488,1,-24741
-7,-78,36,24410,-27,-613,0,23881
32,-94,9,23829,-120,-638,1,-24425
73,-91,5,23329,-204,-561,1,-22992
82,-83,5,23048,-219,-546,1,-22774
84,-84,-21,22938,-199,-549,1,23400
41,-78,-51,23217,-98,-563,1,22711
-20,-59,-78,23732,32,-502,0,23815
-25,-56,-88,24300,22,-468,1,24402
-66,-34,-84,25063,135,-401,1,24768
-127,-28,-78,25819,216,-369,1,25944
-136,-42,-61,26440,226,-381,1,26183
-142,-41,-23,26936,251,-365,1,26655
-135,-52,-1,27225,231,-387,1,27530
-104,-51,21,27230,229,-408,1,-27504
-135,-63,20,27082,241,-411,1,-26639
-121,-66,30,26757,214,-420,1,-27093
-103,-62,46,26273,186,-429,1,-26562
-73,-65,48,25669,129,-469,1,-25900
-41,-68,58,24938,49,-510,1,-24821
26,-74,44,24107,-139,-574,1,-23777
77,-74,18,23438,-233,-536,1,-22885
91,-74,-19,23051,-230,-507,1,23319
98,-62,-42,23019,-264,-477,1,22853
102,-49,-50,23383,-256,-446,1,23153
0,-38,-65,24123,-18,-467,0,24479
-52,-49,-64,24970,67,-461,1,24634
-74,-34,-38,25792,193,-416,1,26064
-145,-30,-45,26621,277,-379,1,26416
-165,-50,-51,27244,248,-394,1,27577
-141,-53,-28,27669,257,-397,1,27704
-174,-53,-18,27998,283,-381,1,28082
-149,-55,-3,28081,267,-382,1,28004
-130,-57,8,27929,254,-387,1,-27864
-93,-63,9,27601,195,-444,1,-27330
-72,-68,10,27186,158,-491,1,-27468
-60,-76,15,26718,114,-517,1,-27221
-49,-82,30,26209,69,-539,1,-25667
-10,-78,37,25608,-32,-586,0,26173
44,-70,39,24950,-167,-543,1,-25476
79,-71,31,24381,-222,-516,1,-24055
89,-73,12,24066,-236,-522,1,-23807
71,-65,-16,24101,-233,-534,1,23763
50,-56,-57,24473,-181,-511,1,24301
-5,-43,-76,25077,-24,-473,0,-24670
-51,-36,-79,25831,85,-424,1,25929
-96,-26,-81,26641,185,-380,1,27078
-141,-40,-74,27381,220,-375,1,27582
-144,-48,-40,27871,242,-374,1,28124
-131,-54,2,28094,231,-391,1,-27754
-122,-70,21,28171,227,-426,1,-28524
-147,-76,27,28199,227,-415,1,-28572
-124,-71,32,28053,215,-426,1,-27894
-106,-62,31,27759,203,-433,1,-27997
-85,-60,30,27370,176,-456,1,-27632
-84,-62,37,26945,146,-462,1,-26711
-48,-66,40,26495,72,-523,1,-25977
-16,-87,21,26039,-19,-645,0,26479
30,-99,-5,25571,-123,-653,1,24942
56,-92,-17,25086,-165,-587,1,25440
80,-77,-20,24689,-227,-534,1,25226
93,-65,-34,24572,-233,-482,1,24266
65,-51,-71,24794,-158,-470,1,24996
13,-45,-102,25266,-26,-446,0,25424
-30,-43,-91,25938,53,-431,1,25767
-70,-35,-72,26717,160,-408,1,26953
-105,-47,-72,27427,190,-408,1,27144
-132,-52,-50,28065,228,-399,1,27721
-139,-54,-20,28545,250,-392,1,28243
-147,-61,-4,28811,254,-400,1,29012
-145,-65,12,28875,238,-406,1,-29040
-134,-64,22,28757,227,-415,1,-29064
-116,-60,24,28492,216,-425,1,-28272
-95,-62,24,28092,176,-453,1,-27825
-61,-69,29,27577,77,-514,1,-27028
-14,-75,31,27045,-36,-609,0,27580
20,-86,19,26588,-127,-648,0,-25974
60,-86,0,26269,-193,-590,1,-25723
59,-91,-45,26076,-138,-574,1,26406
50,-83,-68,26015,-145,-525,1,26403
72,-61,-80,26248,-179,-465,1,26578
3,-47,-99,26741,-16,-445,0,27019
-23,-28,-113,27341,28,-391,0,27432
-64,-34,-117,27985,126,-389,1,27842
-101,-47,-93,28671,176,-386,1,28379
-126,-52,-54,29284,236,-384,1,29583
-167,-65,-25,29732,267,-384,1,29869
-179,-70,-3,29918,271,-389,1,29859
-161,-68,-1,29822,252,-394,1,30187
-128,-61,9,29546,231,-402,1,-29270
-86,-59,13,29129,184,-444,1,-28844
-67,-58,11,28650,149,-474,1,-28374
-39,-56,26,28140,65,-517,1,-28578
22,-67,41,27566,-136,-552,0,-26994
83,-71,41,27068,-253,-501,1,-26764
125,-72,9,26801,-287,-486,1,-26747
109,-72,-24,26904,-242,-496,1,26680
59,-55,-30,27403,-197,-508,1,27175
10,-39,-42,28114,-70,-516,0,28563
-33,-34,-56,28934,87,-464,1,28843
-57,-18,-69,29811,162,-399,1,30001
-120,-30,-111,30644,212,-401,1,30455
-136,-48,-128,31282,173,-394,1,31682
-127,-55,-101,31707,175,-397,1,31447
-127,-59,-80,31962,191,-397,1,32225
-132,-61,-71,32061,206,-396,1,31874
-131,-61,-57,32015,213,-394,1,31958
-126,-56,-39,31818,225,-387,1,32070
-101,-47,-16,31459,217,-380,1,31495
-94,-40,2,30977,209,-391,1,-30766
-38,-38,21,30283,82,-481,1,-30704
34,-59,14,29468,-214,-566,1,-29162
95,-71,11,28825,-277,-490,1,-28790
110,-79,3,28546,-279,-498,1,-28486
91,-70,-2,28698,-257,-504,1,28913
72,-40,-12,29237,-277,-486,1,29347
18,-14,-83,30000,-50,-400,0,29889
-57,-24,-159,30764,87,-401,1,31065
-54,-45,-158,31475,55,-397,1,31695
-78,-53,-119,32173,115,-399,1,31836
-96,-65,-91,32708,146,-415,1,32398
-109,-66,-59,33139,194,-416,1,32826
-143,-66,-39,33441,245,-390,1,33595
-131,-65,-31,33535,227,-419,1,33633
-128,-69,-29,33479,219,-411,1,33698
-99,-65,-18,33318,195,-441,1,33645
-87,-68,-12,33055,177,-462,1,32894
-76,-71,-8,32711,149,-472,1,32396
-58,-69,19,32261,98,-494,1,-32744
-1,-65,60,31698,-65,-501,0,31256
40,-68,80,31198,-157,-478,1,-30888
50,-58,77,30909,-175,-478,1,-31116
54,-51,47,30783,-196,-512,1,-31020
44,-47,19,30869,-203,-553,1,-31334
47,-38,-16,31181,-232,-531,1,31550
18,-42,-70,31717,-83,-483,0,31273
-21,-38,-95,32488,5,-456,0,32583
-53,-31,-100,33294,95,-415,1,33669
-93,-45,-104,34048,145,-411,1,33823
-97,-53,-97,34650,152,-413,1,34409
-109,-58,-79,35154,176,-418,1,34907
-132,-61,-70,35546,210,-404,1,35682
-137,-65,-61,35770,221,-402,1,35329
-149,-67,-50,35839,230,-385,1,35453
-137,-67,-33,35724,224,-399,1,35339
-120,-62,-4,35410,226,-405,1,35694
-87,-56,15,34954,192,-433,1,-35224
-74,-53,20,34444,165,-451,1,-34690
-43,-52,25,33878,89,-507,1,-34295
3,-56,30,33312,-59,-580,0,-32882
47,-55,32,32807,-211,-529,1,-33504
76,-60,26,32500,-238,-507,1,-32654
77,-56,10,32416,-241,-502,1,-32727
61,-53,-18,32575,-228,-532,1,32212
59,-40,-60,33058,-176,-472,1,32894
-12,-33,-90,33754,9,-443,0,33305
-42,-36,-130,34475,39,-420,1,34727
-78,-50,-140,35118,112,-416,1,34869
-96,-67,-118,35665,125,-426,1,35566
-102,-68,-94,36112,160,-426,1,35937
-119,-67,-93,36440,169,-413,1,36614
-115,-67,-91,36647,175,-406,1,36468
-142,-63,-87,36748,197,-382,1,36562
-128,-56,-59,36728,204,-375,1,36531
-108,-46,-24,36519,221,-364,1,36675
-78,-42,-2,36172,202,-408,1,35959
-56,-43,13,35728,162,-460,1,-35563
-26,-48,30,35193,31,-519,1,-35660
30,-56,40,34647,-167,-527,1,-34302
79,-53,40,34165,-258,-482,1,-34246
102,-68,4,33911,-282,-505,1,-33973
91,-64,-18,34127,-265,-503,1,34247
37,-47,-49,34707,-161,-516,1,34056
-23,-42,-88,35472,25,-447,0,35677
-70,-34,-109,36290,106,-405,1,35895
-87,-44,-112,37026,137,-405,1,37294
-112,-51,-91,37718,179,-395,1,37483
-129,-55,-61,38307,212,-395,1,38004
-146,-62,-37,38712,234,-397,1,38613
-147,-58,-22,38930,237,-397,1,39374
-147,-56,-20,38968,244,-393,1,39409
-140,-46,-26,38802,248,-381,1,38570
-110,-45,-28,38434,230,-392,1,38682
-94,-42,-8,37915,231,-396,1,38151
-68,-44,20,37300,172,-430,1,-37067
-37,-49,50,36643,61,-473,1,-36580
10,-55,66,35985,-88,-491,0,-36177
52,-57,60,35457,-183,-494,1,-35818
86,-58,35,35097,-242,-498,1,-34903
100,-56,8,35030,-271,-490,1,-34922
80,-43,-21,35361,-269,-485,1,35492
39,-27,-77,36026,-123,-448,1,36109
-24,-24,-119,36926,32,-410,0,37363
-69,-17,-123,37951,112,-379,1,38168
-103,-21,-123,38851,160,-376,1,38431
-125,-30,-115,39655,186,-371,1,39743
-141,-30,-90,40275,213,-361,1,39973
-145,-34,-84,40687,218,-361,1,40892
-170,-38,-86,40899,227,-353,1,40602
-152,-40,-75,40853,209,-351,1,40675
-125,-37,-59,40569,212,-357,1,40872
-101,-37,-49,40113,198,-367,1,40298
-76,-39,-36,39525,177,-392,1,39710
-41,-44,-18,38869,117,-483,1,38483
0,-51,8,38179,-48,-628,0,-38728
51,-56,44,37502,-219,-459,1,-37702
97,-57,73,36996,-231,-429,1,-37342
111,-70,79,36769,-230,-457,1,-36587
77,-68,55,36831,-190,-505,1,-36513
45,-58,24,37178,-176,-561,1,-37803
2,-50,-6,37722,-31,-704,0,37327
-6,-45,-30,38369,-2,-593,0,-38791
-49,-18,-62,39133,157,-443,1,39397
-77,-24,-117,39791,111,-406,1,39609
-105,-29,-136,40461,132,-380,1,40706
-112,-47,-109,41028,145,-393,1,41331
-108,-52,-80,41445,172,-409,1,41157
-127,-65,-75,41707,188,-418,1,41857
-128,-69,-68,41773,180,-411,1,41592
-118,-68,-50,41602,174,-410,1,41905
-112,-73,-42,41197,178,-424,1,41461
-99,-62,-17,40631,187,-417,1,40928
-71,-59,11,39932,180,-448,1,-39556
-68,-47,39,39241,163,-433,1,-38932
-9,-48,60,38563,-29,-466,0,38775
30,-56,67,38040,-145,-477,1,-38334
68,-68,50,37689,-216,-503,1,-37423
67,-75,29,37567,-205,-532,1,-36984
64,-73,9,37670,-226,-557,1,-37354
35,-75,-24,37988,-186,-603,1,38650
24,-65,-32,38515,-157,-583,0,38124
-9,-53,-42,39218,-13,-545,0,-39690
-54,-47,-58,40025,113,-452,1,40394
-75,-18,-59,40872,231,-380,1,40534
-156,-45,-94,41648,263,-389,1,41690
-153,-55,-68,42242,248,-383,1,42090
-133,-57,-39,42596,255,-395,1,42888
-147,-60,-25,42825,261,-389,1,42874
-145,-65,-12,42874,246,-397,1,42712
-135,-67,3,42737,228,-415,1,-42832
-122,-60,19,42387,214,-407,1,-42114
-100,-61,25,41868,189,-440,1,-41668
-79,-59,33,41244,141,-457,1,-40976
-42,-56,37,40534,58,-512,1,-40876
29,-52,27,39815,-185,-558,1,-39205
95,-64,7,39263,-266,-501,1,-39367
101,-70,-10,39024,-240,-501,1,39233
71,-62,-21,39142,-228,-521,1,39520
66,-57,-35,39479,-239,-506,1,39803
39,-41,-44,40102,-159,-495,1,40433
-42,-43,-69,40909,79,-456,1,40449
-66,-40,-80,41784,120,-422,1,41679
-126,-30,-100,42638,189,-377,1,42827
-156,-57,-99,43287,202,-393,1,43159
-129,-57,-51,43672,225,-404,1,43875
-144,-61,-30,43879,250,-406,1,43685
-140,-64,-23,43953,247,-399,1,43625
-138,-63,-12,43888,241,-397,1,43698
-115,-62,-6,43644,221,-411,1,43890
-100,-71,-10,43194,190,-430,1,43398
-82,-59,12,42633,182,-414,1,-42951
-41,-54,45,42015,70,-464,1,-42406
4,-53,76,41405,-72,-452,0,-41032
42,-50,78,40939,-176,-456,1,-40662
74,-62,50,40639,-226,-489,1,-40945
83,-65,27,40591,-250,-513,1,-40062
64,-58,6,40868,-226,-538,1,-40225
25,-50,-19,41460,-146,-585,1,41748
-5,-37,-47,42311,-26,-515,0,-42833
-78,-44,-69,43213,134,-434,1,43483
-85,-35,-64,44087,171,-408,1,44353
-131,-44,-78,44786,240,-397,1,44905
-165,-58,-69,45291,242,-392,1,45380
-155,-62,-37,45587,246,-391,1,46051
-177,-58,-9,45720,255,-361,1,45965
