-11,99,1,-12,0,0,0,97
-11,99,1,-9,0,0,0,98
-11,99,1,-10,0,0,0,99
-10,99,1,-14,0,1,0,101
-10,99,1,-17,-1,2,0,-124
-11,99,2,-18,1,0,0,121
-13,101,2,-18,5,-5,0,-122
-44,119,10,-53,53,-59,1,-111
-55,136,14,-294,68,-71,1,-405
-84,148,-10,-868,156,-91,1,872
-125,169,-35,-1876,150,-112,1,1886
-91,144,-50,-3108,155,-91,1,3098
-104,107,-80,-4315,175,-145,0,4260
-116,81,-106,-5547,206,-153,1,5556
-67,75,-65,-6698,132,-107,1,6797
-33,53,-10,-7599,75,-35,1,7640
-8,0,12,-8332,68,-267,0,-8653
-28,-39,42,-8907,23,-438,1,9084
-31,-53,29,-9272,12,-534,1,9754
-1,-71,-31,-9390,-92,-626,0,9949
38,-96,-39,-9388,-177,-579,1,-9734
35,-62,33,-9205,-203,-513,1,8450
24,-51,56,-9004,-139,-476,0,8810
9,-46,56,-8694,-96,-459,0,8318
10,-12,74,-8168,-74,-336,0,7848
-33,24,114,-7640,23,-237,1,-7526
-50,33,140,-7162,58,-264,1,-6748
-49,10,128,-6906,61,-306,1,-6989
-53,-1,110,-6841,96,-340,1,7122
-16,-8,99,-6960,59,-356,0,6686
-21,-12,61,-7085,125,-377,0,6793
-73,-25,-11,-7278,323,-391,1,-7410
-124,-36,-57,-7557,292,-353,1,-7588
-130,-22,-57,-8001,306,-329,1,-8086
-78,-46,-47,-8428,229,-413,1,-8672
-52,-53,-46,-8744,152,-457,1,-9055
-42,-64,-35,-8925,123,-506,1,-9066
-34,-75,-43,-8989,72,-536,1,-8450
-34,-84,-48,-8927,65,-539,1,-8412
-46,-87,-35,-8709,85,-542,1,-8215
-50,-84,-15,-8354,94,-551,1,-8887
-48,-83,-7,-7916,103,-561,1,-7365
-67,-85,-7,-7592,135,-539,1,-7978
-72,-86,-4,-7403,133,-544,1,-7779
-106,-72,5,-7238,145,-506,1,7429
-103,-89,-26,-6877,95,-551,1,-6274
-96,-93,-23,-6473,83,-554,1,-6949
-69,-86,18,-6249,56,-569,1,6760
-37,-85,57,-6139,7,-552,1,5520
-36,-77,81,-6171,-24,-516,1,-6708
15,-82,82,-6280,-98,-519,0,6894
14,-61,100,-6320,-81,-452,0,6504
18,-33,93,-6117,-78,-407,0,5714
0,-33,75,-5813,-44,-416,0,5993
8,-5,71,-5409,-46,-342,0,5137
-9,12,61,-4963,13,-262,0,-4690
-25,40,111,-4465,34,-230,1,-4588
-29,40,125,-4069,97,-247,1,-3898
-52,18,61,-3974,205,-274,1,-3655
-77,6,8,-4214,377,-298,1,-4197
-108,-7,-37,-4614,329,-322,1,-4680
-124,-18,-59,-5028,301,-327,1,-5020
-83,-23,-61,-5356,242,-351,1,-5437
-70,-37,-61,-5601,203,-389,1,-5362
-55,-41,-61,-5822,147,-417,1,-6064
-58,-45,-57,-6015,129,-438,1,-5733
-22,-63,-58,-6142,10,-508,0,-5661
-42,-62,-48,-6127,38,-504,1,-5640
17,-71,-58,-5987,-60,-526,0,-5433
-52,-70,-66,-5843,161,-483,1,-6054
-79,-80,-54,-5698,184,-492,1,-5926
-76,-95,-43,-5599,151,-523,1,-6016
-104,-95,-33,-5566,138,-506,1,-5333
-107,-96,-53,-5408,57,-507,1,-5343
-82,-83,-61,-5089,57,-504,1,-4627
-25,-72,-23,-4879,1,-604,1,-4383
-12,-85,13,-4879,-39,-654,0,-4598
-10,-89,56,-4915,-50,-555,0,-4419
-5,-73,99,-5020,-66,-470,0,-4643
-42,-81,111,-5034,11,-461,1,4731
-22,-52,129,-4980,-15,-415,0,-4679
-26,-62,107,-4933,16,-457,1,4816
-11,-56,91,-4832,-11,-467,0,-4964
-10,-57,74,-4706,-4,-490,0,-5107
-8,-41,70,-4372,-6,-448,0,-4291
-12,-10,71,-3920,18,-356,0,3705
-2,0,58,-3484,-10,-317,0,3223
-18,33,89,-2929,54,-222,0,-3057
-58,44,111,-2408,132,-241,1,-2411
-56,30,63,-2140,202,-255,1,-2171
-79,8,5,-2197,379,-300,1,-2181
-96,-1,-35,-2393,326,-311,1,-2391
-125,-15,-67,-2703,291,-321,1,-2783
-94,-15,-71,-3019,252,-327,1,-2663
-71,-28,-78,-3292,170,-373,1,-3351
-56,-38,-69,-3490,144,-397,1,-3305
-46,-50,-57,-3607,115,-447,1,-4093
-31,-60,-50,-3651,76,-497,1,-4074
-44,-76,-54,-3604,89,-507,1,-4071
-46,-85,-34,-3494,103,-536,1,-3983
-43,-83,-26,-3358,88,-562,1,-3863
-43,-83,-24,-3207,91,-568,1,-3719
-52,-81,-23,-3022,100,-561,1,-2544
-61,-82,-27,-2829,103,-556,1,-2357
-93,-76,-38,-2704,124,-506,1,-2876
-98,-79,-54,-2462,85,-517,1,-3030
-79,-73,-42,-2208,99,-515,1,-2771
-73,-80,-5,-2217,73,-548,1,-2755
-85,-87,10,-2293,80,-518,1,2730
-34,-59,77,-2412,-18,-473,1,-2296
-6,-71,89,-2669,-53,-509,0,-3005
-19,-75,85,-2841,-29,-507,0,-2802
-9,-81,82,-2927,-25,-514,0,-2432
-10,-58,90,-2799,-12,-463,0,-2884
-31,-60,74,-2646,29,-479,1,3066
10,-39,75,-2388,-59,-433,0,2236
-14,-23,55,-2045,26,-412,0,1619
-7,24,85,-1499,-4,-241,0,1376
-46,32,101,-959,100,-244,1,-835
-33,36,116,-486,105,-249,1,-264
-76,25,51,-400,260,-281,1,-498
-84,-9,-33,-571,317,-360,1,-537
-91,-11,-78,-728,245,-328,1,-892
-114,-7,-82,-939,288,-292,1,-909
-60,-26,-72,-1165,200,-365,1,-1359
-49,-39,-73,-1318,132,-405,1,-1129
-29,-46,-67,-1353,78,-441,1,-1231
-37,-55,-64,-1307,79,-467,1,-1194
-25,-64,-53,-1151,51,-506,1,-1445
-22,-69,-49,-965,45,-532,0,-410
-38,-73,-44,-724,77,-537,1,-196
-52,-73,-42,-411,95,-529,1,-901
-48,-87,-53,-156,78,-551,1,-702
-73,-89,-57,-40,113,-527,1,-628
-96,-94,-64,116,69,-510,1,498
-92,-87,-51,408,73,-505,1,21
-102,-72,-49,742,100,-486,1,886
-61,-72,-16,733,39,-550,1,168
-3,-79,39,402,-87,-601,0,1013
-11,-90,64,217,-69,-553,0,676
-15,-72,93,116,-23,-483,0,406
-2,-71,93,133,-63,-481,0,323
1,-61,83,203,-43,-481,0,-366
1,-49,97,334,-60,-426,0,-143
0,-25,101,566,-20,-388,0,-986
-17,-35,88,879,0,-403,0,-662
-11,-2,100,1299,15,-329,0,-1082
-19,0,68,1675,36,-318,0,1990
-20,48,111,2218,44,-216,0,2079
-85,54,113,2663,184,-240,1,2592
-61,15,31,2583,287,-288,1,2616
-86,1,-28,2222,335,-305,1,-2206
-115,-1,-45,1783,298,-312,1,1719
-110,-18,-69,1230,251,-342,1,1371
-72,-33,-71,768,217,-369,1,651
-57,-31,-70,473,156,-375,1,83
-35,-50,-49,280,109,-457,1,157
-27,-59,-43,189,66,-502,1,259
-14,-65,-26,221,30,-571,0,687
-17,-76,-20,334,34,-605,0,890
-19,-90,-30,469,33,-606,0,1021
-33,-98,-35,669,64,-586,1,244
-48,-95,-24,891,87,-578,1,264
-48,-94,-21,1055,86,-589,1,1632
-76,-86,-12,1246,120,-543,1,1710
-93,-86,-27,1672,63,-563,1,1173
-109,-83,-47,2138,98,-528,1,2596
-95,-84,-39,2414,109,-518,1,2862
-61,-83,6,2421,47,-570,1,-2825
-16,-85,54,2332,-59,-574,0,2932
-10,-82,87,2238,-47,-514,0,2716
-33,-87,81,2213,-1,-521,1,2697
-16,-78,97,2201,-41,-485,0,2420
-7,-59,89,2299,-14,-466,0,2368
-18,-34,87,2586,11,-412,0,-3056
-19,-23,69,2887,48,-400,0,-2748
-13,-5,55,3300,47,-338,0,-3496
-1,28,54,3955,25,-197,0,3974
-87,48,90,4800,159,-212,1,4787
-75,40,99,5474,179,-247,1,5413
-104,22,32,5717,300,-283,1,5681
-101,21,-28,5570,305,-270,1,-5528
-128,24,-62,5232,273,-264,1,-5184
-122,15,-63,4867,294,-259,1,-4973
-86,-7,-71,4554,215,-317,1,4151
-76,-20,-64,4238,194,-352,1,4471
-53,-31,-57,3929,171,-369,1,3731
-37,-46,-43,3645,117,-457,1,4000
-15,-59,-42,3450,34,-522,0,3918
-13,-73,-38,3361,18,-565,0,3940
-10,-84,-29,3419,5,-602,0,3907
-12,-87,-14,3572,9,-637,0,4051
-16,-91,-21,3905,12,-628,0,3453
-40,-96,-30,4247,70,-587,1,4861
-53,-100,-34,4428,86,-580,1,4908
-86,-93,-27,4608,105,-551,1,4191
-117,-91,-46,4989,98,-532,1,4364
-101,-84,-71,5499,74,-519,1,5957
-51,-71,-22,5706,65,-565,1,5213
-28,-87,24,5698,-26,-612,1,5230
11,-66,93,5706,-143,-493,0,-5950
-23,-85,88,5553,-24,-525,0,6066
1,-72,97,5465,-61,-482,0,-5282
-35,-71,102,5474,13,-465,1,-5311
5,-34,112,5622,-42,-400,0,-5127
-32,-41,76,5778,57,-451,1,-5906
-10,-39,72,6067,0,-441,0,-5743
-20,-26,74,6447,46,-396,0,-6345
4,-11,62,6856,-30,-360,0,-7041
0,34,74,7530,45,-193,0,-7662
-105,51,37,8190,283,-215,1,7758
-139,18,-32,8332,348,-286,1,-8266
-117,12,-44,8021,321,-276,1,-8024
-93,0,-52,7581,290,-300,1,-7673
-85,-14,-72,7190,263,-316,1,7223
-54,-27,-72,6975,151,-376,1,6836
-49,-33,-69,6816,151,-384,1,6943
-23,-45,-64,6710,89,-437,0,7132
-30,-56,-56,6664,70,-484,1,7091
-14,-66,-38,6769,35,-546,0,6168
-32,-73,-22,6886,77,-573,1,6358
-28,-81,-19,7104,58,-601,1,6648
-42,-87,-46,7234,69,-563,1,7780
-23,-97,-61,7325,16,-573,0,7929
-33,-99,-56,7450,30,-574,1,8015
-48,-99,-44,7800,40,-571,1,7183
-98,-86,-30,8337,96,-521,1,8915
-117,-88,-64,8788,92,-506,1,9198
-86,-75,-47,9144,56,-521,1,8634
-84,-62,4,9170,118,-507,1,-8760
-31,-71,36,8926,-11,-582,1,8430
-17,-72,71,8621,-34,-520,0,9113
0,-69,82,8420,-72,-502,0,-8515
-16,-70,83,8391,-28,-495,0,8489
0,-68,67,8440,-52,-515,0,-8908
0,-60,64,8530,-41,-481,0,-8420
-11,-23,98,8805,-7,-364,0,9076
-20,-6,99,9138,22,-333,0,-8864
-32,20,125,9570,48,-274,1,9270
-16,29,129,9876,29,-284,0,9987
0,17,62,10246,47,-289,0,-10533
-59,16,-51,10662,214,-294,1,-10319
-120,-5,-119,10740,228,-313,1,10286
-116,3,-94,10587,251,-281,1,-10391
-68,-19,-72,10419,194,-340,1,10551
-46,-37,-62,10314,139,-404,1,10597
-40,-45,-56,10270,113,-438,1,10725
-39,-54,-54,10222,96,-471,1,9853
-26,-64,-54,10193,56,-504,1,9742
-13,-66,-43,10172,24,-550,0,9700
-14,-72,-46,10209,19,-561,0,9639
-28,-77,-51,10370,48,-548,1,10999
-45,-83,-53,10598,80,-536,1,11112
-42,-89,-55,10781,74,-550,1,10294
-44,-94,-57,10869,70,-554,1,10327
-74,-91,-43,11033,92,-537,1,10599
-116,-81,-54,11372,103,-504,1,11753
-89,-86,-89,11836,46,-507,1,12222
-56,-77,-37,12156,35,-550,1,11558
-59,-74,29,12304,49,-538,1,-12886
-28,-57,91,12365,-35,-475,1,12750
-43,-77,72,12017,26,-520,1,-11458
4,-65,108,11779,-92,-459,0,-12217
-27,-63,100,11709,12,-464,1,-11326
-9,-44,105,11898,-24,-406,0,12208
-19,-19,96,12298,30,-352,0,-12586
-20,-19,71,12524,35,-385,0,-12556
5,-16,56,12637,-57,-395,0,-12512
-1,12,60,12831,-16,-273,0,-13107
-14,52,102,13267,22,-196,0,13147
-36,49,104,13633,113,-217,1,13713
-80,54,78,13845,232,-214,1,13852
-89,34,26,13608,304,-242,1,13450
-107,18,-21,13148,349,-268,1,-13158
-111,1,-47,12592,315,-284,1,-12627
-110,-2,-60,12001,292,-288,1,11918
-64,-25,-54,11468,220,-355,1,11619
-52,-42,-53,11087,154,-426,1,10833
-46,-58,-43,10830,121,-483,1,11240
-34,-73,-38,10620,79,-527,1,11122
-21,-84,-18,10536,41,-605,0,11017
-17,-87,-19,10496,31,-628,0,11066
-31,-79,-34,10546,61,-583,1,11067
-34,-81,-44,10611,71,-572,1,11094
-32,-84,-43,10533,61,-586,1,11060
-59,-83,-35,10526,86,-567,1,11063
-76,-91,-57,10652,45,-559,1,11189
-109,-82,-71,10814,84,-512,1,11245
-110,-77,-101,10911,67,-476,1,11073
-71,-70,-49,10718,63,-507,1,10283
-64,-73,3,10384,92,-537,1,-10916
-52,-84,37,9952,23,-549,1,-9366
-50,-66,75,9591,15,-481,1,-9377
-25,-76,64,9326,-6,-541,1,9831
-25,-78,66,9300,1,-515,1,-9796
-15,-47,79,9289,8,-452,0,-9712
5,-50,50,9401,-46,-504,0,-9576
-19,-8,60,9886,57,-340,0,-10208
-63,11,75,10369,135,-274,1,10602
-47,54,127,10883,80,-208,1,10872
-81,49,114,11182,180,-256,1,11253
-67,21,41,11208,268,-291,1,11163
-55,-16,-41,11085,253,-383,1,10972
-104,-14,-83,11046,251,-327,1,10912
-113,-11,-79,10837,242,-330,1,11225
-49,-24,-84,10597,145,-360,1,10468
-49,-31,-82,10436,122,-383,1,10684
-24,-33,-74,10358,63,-395,0,10687
-11,-51,-54,10344,28,-478,0,10662
5,-67,-62,10414,-34,-507,0,10509
-1,-68,-74,10655,-18,-489,0,-10351
-25,-63,-64,11011,51,-484,1,10953
-40,-64,-48,11361,91,-504,1,11769
-51,-73,-39,11620,123,-515,1,12098
-54,-78,-28,11720,120,-543,1,12238
-57,-83,-30,11724,106,-558,1,12287
-78,-96,-32,11724,99,-562,1,12176
-88,-96,-43,11762,87,-543,1,12186
-122,-89,-87,11915,104,-495,1,12153
-81,-87,-101,12273,29,-513,1,11661
-43,-78,-10,12292,-5,-613,1,-12810
-33,-80,33,12111,-11,-595,1,11610
-33,-83,53,11972,-16,-566,1,11450
-41,-70,65,11869,22,-512,1,-12188
-42,-78,51,11746,47,-533,1,-12174
-29,-53,63,11834,22,-454,1,-12286
-25,-17,105,11958,15,-348,1,-12161
-22,-1,130,12146,6,-309,0,-11990
-6,-5,106,12384,-5,-338,0,12636
12,15,88,12784,-16,-277,0,12466
-17,49,90,13365,87,-205,0,13527
-79,46,18,13870,279,-217,1,14224
-112,10,-64,13954,262,-308,1,-14063
-89,3,-88,13713,228,-291,1,-13401
-92,5,-90,13470,253,-263,1,-13666
-72,-8,-80,13265,174,-328,1,12852
-40,-25,-82,13076,110,-361,1,12927
-33,-33,-81,12939,83,-380,1,13296
-23,-44,-72,12867,57,-420,0,13217
-12,-52,-64,12836,20,-458,0,13308
-9,-67,-50,12879,6,-525,0,12348
-8,-72,-44,12986,1,-547,0,12528
-8,-80,-40,13124,0,-571,0,12563
-12,-82,-34,13339,15,-584,0,13866
-27,-83,-24,13619,59,-587,1,14110
-43,-88,-15,13891,88,-584,1,13356
-45,-92,-10,14074,82,-602,1,13452
-74,-87,-15,14307,95,-571,1,13716
-111,-91,-45,14938,70,-579,1,14405
-123,-81,-54,15695,111,-523,1,16182
-114,-66,-28,16055,134,-512,1,16358
-52,-75,5,15978,43,-596,1,-15470
-56,-88,45,15661,46,-555,1,-16232
-36,-76,68,15359,-17,-531,1,14802
-21,-83,69,14986,-19,-551,0,14527
-17,-78,75,14819,-17,-514,0,15334
-23,-57,83,14814,12,-461,0,-14434
-6,-51,79,14952,-23,-453,0,15296
-11,-31,72,15205,11,-419,0,-14995
-26,-6,86,15597,42,-324,1,-15822
-37,17,99,15985,71,-283,1,16249
9,9,77,16362,14,-286,0,-16055
-39,24,26,16852,239,-205,1,16848
-107,20,-27,17145,313,-286,1,-17083
-96,-2,-84,16971,242,-325,1,17395
-96,-10,-108,16737,214,-325,1,16589
-71,-5,-104,16610,143,-320,1,16756
-42,-20,-98,16617,96,-340,1,16770
-39,-23,-90,16601,81,-364,1,16777
-24,-44,-83,16614,52,-401,0,16686
-20,-50,-69,16618,38,-447,0,16662
-5,-61,-54,16684,-9,-510,0,-16599
-22,-69,-38,16871,42,-545,0,17307
-25,-80,-25,17085,48,-589,1,16525
-34,-81,-28,17286,77,-579,1,16864
-41,-78,-45,17378,83,-557,1,16855
-40,-84,-51,17437,66,-565,1,17966
-77,-87,-33,17605,106,-540,1,18061
-101,-88,-41,17884,88,-530,1,18317
-117,-88,-78,18276,83,-514,1,17755
-82,-80,-70,18566,54,-520,1,19183
-41,-80,2,18485,13,-610,1,-19008
-21,-79,57,18188,-47,-554,0,17770
-42,-82,79,17910,0,-521,1,-18379
-27,-75,86,17685,-6,-500,1,17638
-25,-78,88,17577,-8,-499,1,17746
-32,-68,81,17612,30,-486,1,-17722
-12,-51,89,17698,-15,-444,0,17653
-14,-37,74,17880,10,-432,0,-17437
4,-20,74,18126,-37,-381,0,-18378
-6,23,83,18547,45,-242,0,18668
-29,34,72,19077,127,-218,1,19030
-97,48,39,19671,252,-229,1,19643
-109,20,-18,19894,351,-285,1,-19872
-96,1,-65,19778,270,-301,1,-19838
-118,7,-69,19590,285,-277,1,-19643
-88,-11,-63,19286,248,-328,1,19081
-49,-21,-74,19056,160,-353,1,19422
-50,-27,-72,18906,129,-387,1,18614
-45,-29,-66,18826,116,-399,1,18434
-33,-49,-72,18803,61,-455,1,18652
-28,-58,-64,18784,60,-486,1,18599
-26,-67,-65,18811,48,-506,1,18602
-29,-68,-58,18901,57,-519,1,19343
-40,-70,-57,19052,75,-519,1,18552
-41,-74,-64,19193,70,-525,1,18670
-45,-91,-76,19261,59,-530,1,18729
-63,-96,-70,19343,73,-525,1,18925
-89,-89,-75,19475,53,-507,1,19861
-81,-88,-98,19936,53,-485,1,19540
-52,-57,-53,20496,61,-499,1,20963
-32,-63,2,20566,13,-602,1,-21027
-14,-67,76,20376,-63,-498,0,20054
-13,-64,120,20165,-46,-453,0,20325
-15,-71,121,19977,-36,-463,0,20439
-13,-66,111,19980,-19,-462,0,20467
-32,-47,118,20104,8,-419,1,-20327
-15,-33,103,20198,0,-420,0,-20239
-28,-34,91,20394,13,-402,1,-20053
-39,27,116,20854,62,-271,1,20492
-50,24,77,21117,105,-274,1,21346
11,25,59,21321,-39,-235,0,21422
-9,21,27,21618,108,-167,0,21692
-67,6,-19,21790,340,-281,1,-21768
-93,6,-31,21730,331,-279,1,-21753
-121,0,-54,21435,311,-302,1,-21488
-100,-9,-82,21017,250,-329,1,21394
-73,-12,-100,20677,159,-336,1,20790
-52,-20,-85,20485,119,-362,1,20844
-54,-27,-80,20294,125,-376,1,20015
-33,-40,-61,20155,89,-434,1,20331
-42,-54,-48,20082,100,-487,1,20416
-24,-68,-52,20063,38,-532,0,19471
-24,-73,-56,20101,54,-537,0,19649
-32,-69,-57,20237,68,-527,1,19751
-31,-77,-64,20357,66,-533,1,19901
-48,-83,-68,20457,78,-521,1,19858
-83,-85,-62,20549,88,-517,1,21025
-110,-87,-79,20739,76,-497,1,20681
-123,-64,-100,20934,86,-453,1,20593
-41,-67,-44,20609,-10,-549,1,-21231
-41,-81,20,20105,9,-566,1,-19675
-14,-66,78,19861,-64,-482,0,19531
-14,-69,96,19696,-52,-468,0,19771
-23,-52,118,19699,-6,-427,0,19725
-20,-68,94,19620,-3,-482,0,19787
9,-61,95,19666,-59,-463,0,-19791
0,-53,82,19849,-26,-472,0,-19492
-1,-48,64,20176,-32,-466,0,20339
-26,8,79,20692,64,-292,1,20970
-25,37,73,21241,59,-206,1,21112
-38,68,84,21886,126,-167,1,21904
-116,56,73,22331,229,-243,1,22317
-99,26,22,22285,329,-283,1,22323
-91,4,-11,21975,352,-315,1,-21979
-106,0,-32,21709,339,-308,1,-21721
-116,-1,-53,21341,308,-305,1,21277
-74,-25,-60,20938,240,-354,1,20530
-72,-28,-47,20630,219,-384,1,20803
-42,-42,-41,20373,145,-454,1,20202
-34,-54,-47,20182,89,-495,1,20312
-31,-55,-44,20164,77,-501,1,20349
-19,-62,-43,20226,35,-543,0,19768
-29,-69,-48,20333,58,-541,1,19775
-38,-74,-55,20467,69,-538,1,19958
-41,-71,-60,20641,69,-528,1,21181
-46,-68,-65,20782,84,-516,1,21332
-55,-66,-69,20895,86,-503,1,20495
-75,-62,-67,21101,82,-489,1,21473
-97,-61,-66,21437,92,-465,1,21039
-103,-61,-50,21912,113,-466,1,21584
-99,-60,-20,22280,133,-469,1,22032
-94,-71,23,22440,133,-480,1,-22270
-101,-51,66,22388,105,-427,1,-22177
-81,-50,70,22185,76,-449,1,-22274
-69,-39,87,22052,49,-422,1,-22407
-54,-31,82,21958,50,-417,1,-21551
-44,-34,82,21970,51,-416,1,-21542
-33,-20,92,22019,34,-380,1,-22327
-33,-13,87,22170,36,-365,1,-22443
-25,-3,95,22451,22,-340,1,-22193
-5,-2,71,22724,-11,-340,0,23005
-12,25,70,23144,24,-241,0,23254
-31,53,85,23690,102,-184,1,23590
-76,59,50,24018,225,-183,1,24004
-122,34,-6,23886,344,-254,1,-23735
-97,23,-36,23393,311,-253,1,-23294
-100,12,-58,22857,286,-270,1,-22800
-100,0,-66,22377,272,-295,1,-22399
-75,-19,-70,21963,225,-335,1,21626
-62,-31,-73,21668,152,-377,1,21804
-44,-50,-62,21398,119,-441,1,21117
-36,-58,-57,21222,80,-474,1,21326
-18,-68,-46,21171,33,-536,0,20728
-24,-73,-39,21233,48,-547,0,20632
-28,-75,-36,21390,61,-554,1,20971
-24,-73,-34,21570,59,-562,0,22068
-31,-72,-36,21729,82,-554,1,22243
-46,-76,-42,21785,101,-542,1,22317
-46,-80,-45,21743,85,-553,1,22239
-84,-74,-38,21687,134,-514,1,22028
-114,-89,-92,21800,70,-517,1,22299
-102,-88,-99,22052,53,-497,1,22450
-56,-71,-35,22138,21,-556,1,21524
-63,-86,21,21892,46,-561,1,-22504
-33,-95,50,21514,-26,-576,1,22115
-14,-99,61,21190,-54,-572,0,20632
-25,-86,65,21024,-1,-540,1,20532
-10,-77,67,20995,-2,-532,0,20501
-72,-69,62,21126,110,-469,1,-21251
-33,-44,90,21277,24,-421,1,-21236
-25,-34,81,21526,28,-406,1,-22005
-24,3,83,21963,51,-313,0,21637
1,29,58,22446,43,-218,0,-22393
-69,48,-1,23107,268,-192,1,-23432
-127,38,-56,23607,295,-263,1,-23675
-108,16,-84,23620,253,-285,1,-23951
-87,11,-91,23508,222,-275,1,-23069
-87,-5,-85,23415,209,-303,1,23181
-47,-12,-80,23269,123,-335,1,23481
-37,-33,-77,23108,94,-389,1,23509
-33,-40,-68,22986,76,-422,1,22628
-14,-59,-57,22936,20,-500,0,22642
-21,-80,-51,22984,27,-546,0,23449
-23,-84,-53,23197,12,-541,0,22782
-31,-78,-42,23537,46,-548,1,22917
-51,-71,-34,23834,106,-531,1,24372
-37,-73,-35,24003,76,-561,1,24562
-59,-68,-35,24071,113,-532,1,23613
-64,-72,-44,24194,72,-535,1,23692
-103,-70,-60,24350,119,-485,1,24214
-93,-85,-63,24504,45,-522,1,23977
-93,-82,0,24582,97,-513,1,-25194
-72,-82,37,24482,57,-532,1,-23993
-44,-87,54,24252,21,-548,1,-23747
-21,-82,67,23928,-50,-554,0,24420
-18,-96,61,23606,-44,-580,0,24111
-7,-83,71,23373,-41,-544,0,22891
0,-79,64,23257,-53,-549,0,-22726
-5,-66,70,23344,-33,-493,0,23293
-15,-41,73,23568,16,-445,0,-24018
0,-47,41,23767,-28,-511,0,-23864
25,-4,55,24206,-94,-306,1,-24525
2,40,62,24901,39,-158,0,-25066
-91,59,25,25653,266,-178,1,26101
-147,38,-32,25900,357,-274,1,-26097
-109,2,-76,25629,268,-319,1,-25610
-86,1,-87,25389,225,-306,1,-25341
-80,-7,-84,25191,202,-322,1,25589
-41,-20,-83,25064,122,-355,1,24730
-47,-29,-79,25008,112,-388,1,24636
-33,-38,-72,24984,84,-416,1,24594
-38,-51,-74,25000,73,-444,1,24583
-24,-62,-59,25038,40,-498,0,24581
-30,-79,-58,25136,28,-532,1,24662
-37,-81,-49,25212,56,-553,1,24619
-57,-85,-70,25204,33,-525,1,24691
-67,-84,-71,25270,29,-511,1,25345
-73,-76,-56,25329,54,-518,1,24821
-24,-86,-39,25197,-38,-590,0,-24676
-26,-85,1,25000,-27,-620,1,25494
-43,-88,38,24917,0,-549,1,-25386
-61,-85,74,24761,40,-492,1,-24924
-43,-91,96,24457,-2,-502,1,24174
-35,-91,93,24174,-4,-517,1,23631
-20,-105,71,23838,-12,-565,0,24351
-6,-96,57,23604,-30,-575,0,24182
-9,-90,40,23494,-28,-597,0,23026
10,-62,58,23542,-76,-503,0,-23109
-9,-51,46,23703,-2,-510,0,23933
-8,-38,54,23929,-14,-428,0,23753
-11,20,112,24232,4,-265,0,24520
-8,11,102,24508,-12,-276,0,-24269
13,37,137,24863,-6,-254,0,24900
-52,25,83,25172,172,-280,1,25493
-71,0,21,25141,341,-337,1,25184
-80,-10,-11,24929,364,-354,1,24867
-100,-19,-55,24709,286,-353,1,24767
-119,-9,-61,24461,298,-322,1,24487
-69,-22,-60,24140,211,-363,1,24476
-73,-27,-58,23850,206,-368,1,23779
-37,-40,-51,23568,104,-448,1,24053
-22,-70,-68,23321,36,-501,0,23256
-31,-80,-54,23315,63,-515,1,22857
-35,-85,-42,23401,78,-539,1,22881
-18,-92,-38,23542,38,-575,0,22915
-29,-96,-22,23807,59,-593,1,24257
-58,-91,-13,24126,104,-561,1,23562
-48,-88,-17,24407,77,-586,1,23864
-87,-71,-8,24692,139,-518,1,25326
-111,-76,-37,25191,114,-512,1,25576
-74,-69,-18,25736,88,-542,1,26322
-92,-79,13,25954,99,-526,1,-26392
-45,-90,40,25958,2,-571,1,-26369
-23,-94,74,25934,-28,-539,0,26444
-32,-80,87,25965,-14,-505,1,25756
-20,-77,84,25907,-5,-508,0,25797
-39,-75,93,25846,8,-477,1,-25873
-6,-42,110,25855,-28,-425,0,25868
-15,-59,73,25824,-1,-498,0,25966
0,-30,83,25975,-28,-412,0,-25788
-37,-33,78,26226,65,-411,1,-26593
-27,-11,96,26541,40,-351,1,-26281
-38,-12,87,26824,70,-357,1,-27025
-8,-14,76,27074,4,-369,0,-26867
-38,-4,100,27401,61,-327,1,-27188
-3,16,95,27671,31,-292,0,28004
-41,6,25,27929,277,-307,1,27914
-76,-5,-58,28155,282,-321,1,28116
-146,8,-81,28203,290,-287,1,-28382
-95,-13,-73,28029,254,-326,1,27871
-67,-23,-69,27854,198,-355,1,28025
-66,-34,-59,27726,164,-405,1,27943
-53,-56,-61,27582,101,-468,1,27188
-21,-67,-64,27465,23,-507,0,27343
-42,-69,-63,27504,82,-495,1,27292
-52,-67,-53,27692,105,-496,1,28140
-77,-64,-47,27957,139,-474,1,27705
-82,-69,-56,28247,92,-476,1,28657
-97,-76,-57,28551,84,-475,1,28185
-77,-79,-24,28886,99,-514,1,29346
-53,-72,2,29102,48,-554,1,-29638
-1,-81,46,29116,-92,-577,0,29659
-20,-97,73,29185,-57,-531,0,28691
-17,-75,122,29360,-28,-454,0,29516
-35,-62,127,29354,5,-450,1,-29454
-14,-75,98,29125,-25,-499,0,28680
-8,-62,95,29008,-25,-474,0,28918
-14,-58,86,28959,-7,-476,0,28834
-8,-47,95,29130,-30,-420,0,28672
-26,-15,103,29476,35,-362,1,-29214
-22,-23,70,29662,31,-399,0,-29193
14,-2,87,29852,-60,-328,0,-30139
0,15,99,30119,-5,-280,0,29914
20,32,94,30502,1,-242,0,-30655
-42,34,39,30931,178,-206,1,30851
-105,12,-30,31159,313,-294,1,-31186
-109,8,-51,30992,281,-290,1,-31102
-123,8,-63,30560,273,-297,1,-30487
-82,-5,-74,30004,211,-324,1,29883
-64,-21,-72,29552,181,-357,1,29390
-50,-41,-69,29227,116,-420,1,29602
-25,-52,-63,29035,49,-472,1,28827
-41,-62,-54,28939,86,-489,1,28822
-38,-66,-46,28943,69,-511,1,28926
-27,-69,-37,28992,50,-550,1,29486
-29,-72,-37,29066,50,-559,1,29674
-36,-83,-45,29143,59,-559,1,29596
-52,-77,-46,29184,85,-540,1,28703
-49,-70,-66,29128,54,-521,1,29633
-62,-69,-66,29077,73,-500,1,28692
-51,-75,-61,29143,15,-524,1,29588
-58,-72,-25,29313,83,-533,1,28835
-92,-82,-15,29485,94,-507,1,29326
-75,-92,3,29516,60,-530,1,-29041
-80,-93,35,29356,59,-513,1,-28837
-35,-91,55,29033,-19,-549,1,29459
-49,-87,62,28767,51,-525,1,-29244
-64,-76,64,28580,62,-496,1,-28227
-35,-73,69,28469,19,-501,1,-28415
-63,-54,86,28467,76,-432,1,-28303
-28,-49,93,28433,-5,-440,1,28375
-28,-52,81,28513,12,-454,1,-28371
-4,-36,85,28743,-46,-419,0,29119
-11,-39,69,28964,8,-443,0,-28926
-31,-18,84,29341,31,-347,1,-29569
-21,11,100,29658,22,-294,0,29328
-10,30,109,30028,39,-246,0,30182
-60,48,76,30324,158,-225,1,30286
-85,6,27,30161,334,-320,1,30186
-69,-13,0,29817,365,-366,1,-29747
-71,-30,-28,29495,260,-410,1,29673
-77,-36,-48,29267,231,-410,1,29550
-82,-36,-66,29065,236,-398,1,28888
-54,-37,-81,28855,138,-408,1,29160
-31,-41,-83,28674,75,-422,1,29067
-19,-42,-80,28584,31,-435,0,28275
-14,-46,-69,28587,17,-457,0,28180
-11,-61,-70,28622,0,-500,0,28236
-11,-72,-73,28653,4,-520,0,28137
-15,-72,-73,28773,11,-515,0,29295
-30,-84,-71,28982,50,-524,1,29444
-56,-93,-69,29236,82,-520,1,28749
-68,-93,-58,29460,93,-522,1,29029
-101,-79,-65,29493,87,-495,1,29413
-89,-83,-74,29445,81,-488,1,29427
-104,-60,-69,29420,75,-454,1,29561
-50,-59,-37,29126,70,-515,1,29614
-14,-69,19,28670,-27,-617,0,28116
-36,-70,59,28413,-1,-512,1,28508
-51,-63,78,28265,51,-468,1,-28617
-36,-70,90,28146,1,-466,1,-27678
-20,-56,98,28051,-6,-448,0,27757
-9,-65,82,28002,-19,-485,0,27788
2,-55,80,28072,-31,-467,0,-27651
-14,-69,56,28226,10,-527,0,-27702
4,-24,87,28298,-15,-375,0,-28597
-26,21,114,28733,52,-273,1,29028
-38,37,92,29452,116,-251,1,29661
-79,29,34,30117,289,-268,1,30205
-109,15,-22,30496,376,-304,1,-30467
-95,2,-48,30503,299,-308,1,-30544
-98,6,-51,30421,297,-285,1,-30391
-101,-5,-49,30318,294,-310,1,30254
-81,-11,-48,30178,251,-330,1,29734
-64,-32,-47,30012,204,-398,1,29808
-48,-41,-53,29882,144,-436,1,30121
-42,-36,-61,29827,131,-419,1,30103
-42,-45,-70,29821,106,-438,1,30177
-39,-52,-63,29906,86,-460,1,30055
-35,-55,-53,30032,79,-495,1,29906
-36,-69,-61,30082,69,-522,1,30614
-37,-82,-76,30076,54,-523,1,30589
-43,-90,-75,30076,66,-528,1,30475
-62,-93,-74,30111,79,-515,1,30713
-70,-92,-63,30290,71,-507,1,30668
-96,-73,-32,30647,108,-478,1,30221
-110,-66,-39,31107,147,-467,1,30923
-81,-61,-24,31576,107,-507,1,31409
-59,-65,8,31802,72,-542,1,-32287
-28,-66,59,31781,-25,-518,1,32346
-46,-57,86,31727,20,-455,1,-31358
-49,-48,97,31675,44,-429,1,-31303
-36,-47,97,31644,15,-436,1,-31312
-43,-42,107,31683,33,-410,1,-31249
-35,-27,119,31742,11,-383,1,-31432
-17,-23,113,31855,-8,-378,0,32100
-9,-27,90,31999,-10,-405,0,32040
7,-33,60,32178,-52,-448,0,-31784
2,-5,43,32491,-46,-338,0,-32697
8,55,100,32918,-54,-172,0,32849
-2,73,126,33319,26,-202,0,33472
-45,41,75,33418,158,-247,1,33455
-54,14,45,33162,244,-294,1,32846
-69,-3,25,32745,324,-336,1,-32703
-87,-12,-11,32350,364,-349,1,32314
-136,-16,-42,31966,333,-339,1,31843
-94,-22,-55,31562,277,-359,1,31556
-69,-35,-58,31193,212,-395,1,30939
-51,-43,-62,30881,144,-426,1,31166
-30,-50,-53,30692,84,-470,1,30334
-25,-53,-50,30637,59,-500,1,30331
-19,-63,-49,30712,35,-533,0,30161
-28,-70,-55,30889,54,-539,1,31470
-45,-85,-69,31129,73,-533,1,31739
-62,-96,-74,31364,97,-526,1,30912
-85,-101,-62,31586,112,-514,1,31005
-110,-81,-32,31836,149,-481,1,32008
-108,-78,-45,32016,127,-484,1,31877
-109,-71,-42,32200,115,-482,1,31834
-90,-66,-18,32238,115,-501,1,31843
-35,-78,21,32100,-1,-590,1,32592
-29,-52,68,31977,3,-475,1,-32089
-26,-49,81,31904,-8,-457,1,32020
-39,-43,92,31944,25,-417,1,-32035
-31,-16,113,32154,4,-360,1,-31899
-40,-17,96,32371,64,-373,1,-32532
-52,-10,98,32667,74,-349,1,-32471
-36,-18,91,32875,55,-376,1,-33090
-24,-2,88,33148,29,-330,0,-32869
-34,19,87,33553,63,-276,1,33371
-78,24,111,34060,140,-276,1,33962
-82,31,119,34273,136,-288,1,33868
-44,25,92,33993,132,-297,1,34056
-16,14,44,33537,103,-276,0,33370
-60,0,3,33142,395,-322,1,33159
-76,-16,-20,32895,308,-366,1,32882
-88,-28,-39,32751,292,-369,1,32722
-85,-22,-36,32644,301,-365,1,32676
-59,-37,-49,32472,178,-430,1,32746
-46,-38,-55,32334,135,-437,1,32576
-42,-40,-63,32247,109,-446,1,31764
-37,-44,-78,32177,74,-446,1,31751
-30,-55,-86,32119,54,-464,1,31987
-32,-63,-79,32145,53,-487,1,31790
-43,-76,-87,32209,66,-501,1,31827
-51,-95,-84,32252,60,-522,1,32757
-67,-106,-78,32404,68,-519,1,31923
-93,-97,-68,32583,80,-493,1,32391
-114,-72,-56,32763,108,-456,1,32338
-95,-56,-68,32806,114,-449,1,33213
-47,-60,-51,32634,26,-513,1,32068
25,-71,18,32233,-148,-602,1,-32622
-8,-70,83,31970,-69,-489,0,32093
-19,-63,91,31773,0,-473,0,-32177
-17,-80,79,31629,-10,-505,0,31342
-8,-57,95,31639,-24,-443,0,31320
-7,-39,105,31787,-22,-401,0,32229
-15,-16,108,32072,5,-352,0,-31870
-21,-3,95,32384,28,-332,0,-32669
-17,24,102,32665,21,-271,0,32494
-17,25,106,33066,36,-273,0,32895
-23,24,86,33619,131,-278,0,33439
-56,21,49,34033,234,-286,1,34070
-65,1,-25,34190,323,-332,1,-34269
-99,1,-70,34264,266,-305,1,-34248
-117,3,-61,34227,273,-307,1,-34265
-70,-15,-65,34014,195,-354,1,34164
-58,-26,-66,33837,174,-377,1,34201
-44,-32,-73,33659,122,-390,1,33531
-31,-35,-71,33551,83,-416,1,33466
-33,-42,-72,33544,66,-435,1,33461
-18,-42,-73,33630,27,-447,0,33417
-44,-48,-80,33802,67,-450,1,34240
-27,-60,-72,34005,30,-489,1,34118
-56,-58,-64,34246,103,-473,1,33867
-60,-61,-67,34515,100,-480,1,34606
-64,-64,-61,34673,122,-486,1,34513
-77,-74,-67,34697,116,-496,1,34390
-90,-86,-72,34672,106,-488,1,34485
-109,-68,-58,34660,105,-460,1,34515
-87,-62,-53,34592,90,-474,1,34559
-71,-67,-27,34389,104,-508,1,34779
-61,-75,13,34051,35,-534,1,-34638
-49,-71,54,33635,43,-507,1,-33522
-27,-67,87,33247,-20,-475,1,32794
-19,-71,80,32973,-8,-498,0,33085
10,-77,82,32803,-80,-493,0,-33175
12,-52,90,32872,-70,-450,0,-33164
-19,-47,73,33052,5,-454,0,-32940
-21,-22,83,33412,19,-373,0,-33716
-34,3,84,33845,59,-305,1,34123
-19,29,84,34263,15,-233,0,34153
-25,48,111,34790,21,-207,1,34681
-42,45,137,35260,74,-249,1,35200
-34,30,94,35373,125,-278,1,35623
-39,15,32,35219,239,-274,1,34919
-61,4,-39,34986,274,-297,1,-34958
-120,4,-90,34760,259,-286,1,-34816
-119,-1,-82,34509,269,-290,1,34501
-63,-15,-76,34345,175,-327,1,34744
-57,-29,-62,34205,157,-373,1,33902
-29,-39,-39,34122,95,-462,1,33991
-28,-53,-40,34101,69,-513,1,34683
-26,-60,-41,34205,53,-535,1,34743
-33,-68,-61,34284,59,-519,1,34701
-45,-70,-62,34420,85,-507,1,34700
-60,-77,-58,34624,115,-512,1,34433
-62,-89,-60,34804,102,-528,1,34240
-71,-102,-62,34928,100,-532,1,35354
-92,-94,-50,35084,122,-506,1,35003
-104,-80,-41,35373,100,-492,1,35745
-108,-71,-55,35771,104,-480,1,35348
-96,-64,-48,36179,103,-491,1,35986
-44,-55,4,36320,79,-561,1,-36742
-7,-64,53,36205,-74,-554,0,36611
-19,-61,81,36053,-28,-490,0,36186
-29,-53,112,36007,-5,-430,1,36181
-33,-44,120,35934,27,-419,1,-36248
-25,-59,101,35858,-7,-453,1,36244
-3,-33,116,35977,-28,-398,0,36171
-17,-38,86,36115,5,-432,0,-36057
12,-15,67,36340,-71,-381,0,-35982
-12,23,60,36761,17,-225,0,36682
-28,55,97,37319,33,-195,1,37226
-52,43,121,37773,105,-247,1,37744
-53,21,89,37851,129,-297,1,37385
-21,0,59,37696,127,-337,0,37442
-55,0,46,37565,222,-333,1,37684
-86,-8,7,37462,378,-346,1,-37412
-128,-1,-30,37330,354,-313,1,37353
-105,-3,-52,37073,302,-319,1,37019
-82,-10,-58,36770,250,-332,1,36465
-55,-19,-60,36530,186,-360,1,36723
-45,-31,-59,36360,146,-403,1,36611
-35,-52,-61,36291,88,-468,1,35942
-31,-70,-62,36241,77,-509,1,35909
-29,-84,-64,36236,58,-538,1,36828
-36,-94,-66,36308,58,-548,1,36849
-42,-94,-59,36446,66,-553,1,35961
-68,-77,-47,36686,109,-518,1,36100
-80,-68,-44,37200,89,-509,1,37073
-109,-59,-49,37841,121,-472,1,37402
-120,-61,-51,38501,129,-466,1,38735
-116,-50,-9,38920,168,-447,1,39255
-86,-44,41,39027,122,-444,1,-39399
-3,-24,112,39055,-66,-394,0,39200
-34,-26,116,38953,4,-414,1,-39424
-25,-33,98,38899,9,-422,1,-38407
-33,-28,94,38918,38,-413,1,-39387
-35,-31,91,38914,34,-406,1,-39378
-9,-20,102,38976,-11,-374,0,39232
5,-30,82,39009,-42,-414,0,-39326
17,0,71,39236,-77,-315,0,39014
-14,54,67,39812,18,-163,0,39758
-63,64,83,40468,113,-176,1,40676
-48,48,120,40823,76,-234,1,40886
-23,38,110,40844,56,-262,0,40685
-22,20,65,40652,119,-282,0,40928
-64,14,8,40389,347,-280,1,40371
-103,9,-60,39992,285,-294,1,-40024
-140,8,-91,39530,274,-280,1,-39606
-86,-6,-79,39121,236,-302,1,39181
-68,-25,-63,38849,195,-351,1,38458
-48,-42,-47,38688,147,-427,1,38450
-33,-52,-41,38564,93,-492,1,38698
-19,-67,-45,38497,44,-532,0,37920
-24,-70,-49,38519,54,-530,0,37936
-23,-73,-44,38631,52,-548,0,38023
-37,-75,-45,38784,86,-540,1,38284
-39,-83,-54,38916,67,-543,1,39451
-40,-94,-59,39014,61,-550,1,39485
-57,-95,-53,39216,77,-541,1,39728
-87,-81,-42,39561,101,-515,1,39106
-105,-76,-61,40091,115,-486,1,40209
-119,-67,-71,40968,106,-481,1,41459
-34,-53,-1,41322,35,-596,1,41740
-52,-58,56,41078,35,-519,1,-41571
-13,-83,70,40769,-68,-554,0,40241
-9,-82,85,40548,-40,-513,0,40013
-19,-68,91,40464,-12,-484,0,40944
-25,-78,84,40422,-20,-490,1,39966
6,-42,103,40544,-49,-418,0,-40892
-1,-45,75,40796,-39,-450,0,40670
-9,10,92,41249,6,-290,0,41050
-39,39,74,41850,81,-221,1,41919
-42,55,72,42563,116,-176,1,42701
-91,41,104,43184,175,-250,1,43262
-73,21,76,43424,194,-289,1,43088
-70,13,16,43318,341,-286,1,43301
-95,28,-17,42884,330,-256,1,-42593
-101,5,-80,42348,254,-310,1,-42123
-100,0,-98,42035,229,-294,1,-42483
-59,-6,-84,41911,164,-301,1,41552
-54,-23,-64,41909,152,-354,1,41555
-29,-44,-47,41963,77,-458,1,41589
-31,-64,-34,42052,76,-535,1,42525
-44,-78,-25,42201,96,-553,1,42732
-54,-88,-33,42337,99,-551,1,42853
-85,-91,-49,42505,115,-518,1,42050
-68,-92,-59,42711,71,-532,1,42146
-67,-80,-48,42911,85,-527,1,42469
-76,-78,-44,43213,65,-529,1,43698
-91,-74,-45,43628,89,-508,1,44018
-83,-73,-43,43976,81,-508,1,43601
-28,-67,8,44016,-3,-615,1,43462
-26,-74,61,43803,-34,-531,1,43334
-15,-68,99,43503,-30,-478,0,43011
-14,-76,102,43203,-20,-489,0,43290
-15,-62,107,43096,-15,-464,0,43459
-54,-81,101,43106,38,-476,1,-43421
-14,-44,126,43237,-21,-406,0,43326
-41,-40,100,43251,47,-424,1,-43284
-6,-34,78,43318,-18,-428,0,43236
-9,-28,59,43526,5,-429,0,-43910
-1,-4,53,43822,-25,-334,0,43599
1,26,76,44269,-30,-231,0,44099
-34,56,116,44950,79,-192,1,44808
-80,31,98,45377,174,-277,1,45258
-79,10,70,45352,240,-316,1,45282
-61,2,51,45073,247,-330,1,45473
-88,-11,15,44788,358,-354,1,-44707
-100,-8,-19,44548,359,-330,1,44639
-110,-14,-40,44275,323,-338,1,44197
-79,-24,-43,43968,275,-368,1,43980
-70,-30,-45,43726,236,-391,1,43987
-49,-44,-53,43510,153,-453,1,43143
-51,-47,-64,43349,118,-455,1,43205
-35,-56,-76,43225,61,-470,1,43372
-47,-64,-77,43168,76,-473,1,43370
-38,-75,-72,43187,59,-500,1,43344
-44,-83,-65,43260,74,-515,1,43662
-48,-85,-62,43386,81,-517,1,43882
-49,-88,-62,43530,83,-519,1,43014
-64,-83,-42,43701,109,-514,1,43166
-64,-81,-28,44005,94,-518,1,43465
-87,-70,-18,44441,131,-487,1,44285
-74,-77,-27,45039,72,-517,1,44479
-75,-68,-7,45653,95,-501,1,46066
-53,-56,36,46165,81,-500,1,-46548
-34,-49,71,46508,14,-469,1,-46116
-49,-44,94,46791,4,-438,1,-46897
-19,-40,112,46954,-16,-423,0,46724
-56,-39,112,47072,50,-412,1,-46636
-35,-31,114,47220,30,-397,1,-47532
-35,-30,116,47374,28,-393,1,-47315
-43,-21,109,47568,63,-381,1,-47300
-20,-27,88,47685,24,-412,0,-48022
-25,-6,70,47997,67,-355,1,-47621
-28,22,67,48395,72,-259,1,48140
-37,43,81,48889,100,-225,1,48672
-104,36,81,49255,235,-285,1,49537
-74,13,52,49174,274,-323,1,49205
-61,2,29,48902,307,-333,1,48985
-69,-12,3,48660,366,-368,1,-48731
-65,-21,-41,48499,241,-386,1,48252
-108,-25,-65,48418,252,-360,1,48265
-74,-30,-63,48292,226,-382,1,48466
-66,-46,-80,48142,166,-409,1,48400
-41,-43,-73,48038,107,-420,1,47655
-24,-54,-66,47949,47,-476,0,47832
-16,-63,-58,47924,29,-510,0,47838
-15,-77,-70,47801,20,-531,0,47290
-20,-84,-85,47719,7,-519,0,47216
-24,-77,-73,47785,14,-520,0,47281
-41,-73,-55,47963,37,-530,1,47418
-61,-72,-54,48239,64,-512,1,48541
-113,-77,-61,48545,98,-469,1,48148
-64,-81,-44,48873,43,-516,1,48262
-56,-71,21,48995,75,-533,1,-48476
-77,-84,35,48940,64,-519,1,-48470
-36,-86,72,48683,-1,-523,1,48156
-37,-87,85,48291,-10,-525,1,48770
-23,-91,72,47969,-17,-551,0,47441
-13,-91,55,47735,-28,-578,0,47182
-13,-75,72,47738,-14,-509,0,48007
-31,-69,66,47816,32,-497,1,-47876
-5,-41,83,48066,-23,-419,0,47627
-19,-17,81,48416,18,-369,0,-48148
32,16,67,48978,-117,-261,1,48722
-33,62,62,49885,93,-152,1,49716
-69,60,59,50796,205,-175,1,50767
-137,47,25,51253,298,-254,1,51551
-108,14,-40,51113,296,-297,1,-51177
-91,12,-84,50773,210,-287,1,-51104
-113,8,-101,50435,240,-270,1,-50402
-65,-20,-92,50171,166,-328,1,49681
-40,-33,-77,50062,96,-391,1,49696
-36,-50,-60,50021,86,-455,1,49887
-20,-62,-50,50028,42,-506,0,49826
-13,-68,-35,50108,19,-560,0,49647
-15,-70,-31,50309,26,-579,0,50826
-29,-73,-34,50533,58,-571,1,50963
-33,-78,-45,50764,61,-563,1,50177
-40,-77,-59,50964,71,-540,1,50458
-50,-83,-71,51103,78,-525,1,50683
-64,-87,-65,51258,96,-514,1,51825
-76,-87,-49,51513,109,-513,1,52090
-100,-80,-35,51781,122,-501,1,52166
-106,-74,-55,52017,99,-498,1,51894
-88,-67,-58,52333,82,-496,1,52735
-63,-60,-14,52505,87,-526,1,53064
-28,-67,52,52424,-22,-541,1,52911
-51,-64,88,52215,26,-474,1,-51811
-38,-51,101,52097,19,-444,1,-51801
-49,-50,98,52085,51,-441,1,-51871
-42,-49,85,52139,50,-455,1,-51729
-39,-54,80,52187,52,-461,1,-51812
-20,-49,72,52265,18,-463,0,-52637
-31,-29,83,52485,43,-393,1,-52469
-31,-12,72,52745,71,-360,1,-53112
-32,11,54,53054,92,-275,1,52817
-28,27,79,53419,41,-229,1,53290
-9,49,122,53815,34,-220,0,53903
-64,43,77,54051,167,-248,1,54057
-57,33,10,53892,307,-241,1,54103
-56,9,-62,53681,216,-317,1,-53334
-126,-8,-104,53571,249,-324,1,53479
-96,-13,-90,53414,226,-319,1,53619
-62,-30,-81,53319,158,-358,1,53711
-62,-34,-67,53289,142,-396,1,53617
-44,-47,-61,53241,105,-448,1,52757
-27,-62,-69,53123,40,-485,1,52783
-28,-66,-65,53097,44,-502,1,52905
-37,-70,-58,53215,59,-510,1,52802
-42,-72,-42,53450,75,-534,1,53968
-59,-72,-44,53726,103,-520,1,54251
-85,-72,-65,53976,75,-502,1,54070
-91,-79,-57,54212,75,-505,1,53848
-84,-73,-34,54507,88,-508,1,54641
-54,-74,5,54537,48,-555,1,-55146
-71,-72,36,54380,68,-497,1,-54783
-52,-63,66,54181,40,-478,1,-53789
-72,-62,74,53889,71,-460,1,-54079
-24,-64,77,53564,-2,-494,0,53431
-33,-60,95,53426,12,-460,1,-53555
-21,-58,90,53388,3,-472,0,-53550
-30,-66,97,53443,17,-465,1,-53565
-19,-74,100,53568,4,-484,0,-53403
-32,-52,89,53808,36,-449,1,-54179
-32,-9,89,54156,49,-350,1,-53934
-33,0,63,54527,83,-325,1,54772
-38,25,65,55009,92,-233,1,54827
-43,47,99,55501,87,-216,1,55336
-90,37,104,55789,194,-274,1,55337
-47,11,70,55689,175,-317,1,55418
-46,-3,34,55492,234,-351,1,-55679
-58,-12,-46,55448,250,-357,1,55578
-187,-11,-100,55387,270,-322,1,55492
-86,-3,-79,55004,200,-309,1,55098
-63,-21,-64,54635,205,-348,1,54507
-55,-20,-46,54309,186,-370,1,54757
-17,-50,-42,54090,44,-510,0,53905
-30,-57,-48,54075,82,-500,1,53907
-34,-70,-51,54215,80,-517,1,53702
-43,-81,-43,54416,102,-536,1,54962
-42,-94,-47,54559,92,-557,1,55094
-45,-100,-47,54569,86,-567,1,55083
-31,-97,-44,54618,47,-583,1,55141
-42,-84,-42,54758,75,-558,1,55248
-56,-74,-48,55084,74,-524,1,54591
-75,-76,-51,55629,81,-500,1,55519
-106,-79,-38,56308,128,-491,1,55967
-94,-67,-28,57080,113,-501,1,57210
-74,-50,21,57510,117,-497,1,-57678
-86,-61,49,57379,93,-490,1,-57805
-74,-71,64,57209,78,-492,1,-56977
-58,-56,97,57031,39,-465,1,-57181
-60,-66,82,56824,50,-493,1,-56334
-66,-79,72,56631,74,-510,1,-56517
-12,-71,56,56364,-38,-541,0,56930
6,-37,73,56406,-56,-428,0,-56740
-34,-10,74,56746,63,-356,1,-56472
-3,-6,54,57134,-12,-350,0,56907
-37,22,65,57741,110,-247,1,57701
-78,33,97,58396,140,-250,1,58471
-101,19,107,58784,187,-303,1,58410
-71,0,83,58781,166,-347,1,58487
-32,-12,53,58661,168,-390,1,-58411
-71,-22,7,58611,309,-408,1,-58375
-79,-21,-73,58574,208,-365,1,58723
-139,-11,-107,58400,256,-308,1,58618
-92,-1,-76,58145,217,-301,1,58055
-47,-30,-60,57963,145,-390,1,58228
-56,-38,-49,57809,148,-423,1,57538
-28,-62,-44,57726,53,-510,1,57528
-26,-66,-36,57725,60,-545,1,58137
-28,-80,-35,57767,54,-573,1,58328
-30,-90,-42,57886,49,-577,1,57345
-48,-92,-47,58142,75,-557,1,57632
-45,-92,-49,58466,70,-556,1,58955
-64,-87,-41,58753,107,-543,1,59318
-95,-87,-44,58979,113,-512,1,59341
-102,-88,-53,59413,83,-512,1,59836
-86,-67,-21,59805,130,-497,1,59631
-50,-72,6,59824,41,-567,1,-60381
-51,-60,58,59775,29,-482,1,-59572
-15,-62,93,59644,-57,-478,0,59765
-23,-72,91,59479,-5,-497,0,59819
-11,-73,96,59348,-34,-497,0,58917
-30,-71,88,59316,21,-498,1,-58961
-44,-58,95,59461,38,-444,1,-59799
-54,-34,90,59626,88,-410,1,-59751
-28,-49,58,59750,37,-481,1,-59570
-25,-18,69,60046,55,-378,1,-60304
-39,7,62,60479,105,-290,1,60779
-46,25,82,60938,93,-246,1,61127
-71,48,132,61357,111,-230,1,61398
-52,20,102,61426,117,-299,1,61167
-40,-2,53,61292,195,-353,1,-61152
-53,-11,-2,61118,360,-378,1,61075
-96,-16,-75,60934,254,-346,1,61368
-132,-1,-100,60638,258,-309,1,60427
-69,-11,-93,60317,170,-320,1,59929
-50,-6,-74,60161,137,-310,1,60099
-34,-25,-49,60087,107,-404,1,60229
-35,-45,-34,60079,99,-482,1,60161
-12,-67,-35,60102,18,-572,0,59526
-38,-83,-44,60170,70,-553,1,59707
-35,-98,-57,60294,49,-558,1,59874
-48,-92,-56,60461,85,-541,1,60964
-56,-83,-53,60665,100,-526,1,61122
-54,-79,-46,60860,100,-530,1,61340
-62,-74,-39,61008,108,-528,1,60514
-91,-67,-47,61124,101,-496,1,61307
-85,-79,-70,61330,58,-509,1,60936
-84,-72,-49,61582,79,-504,1,61713
-84,-80,-3,61597,89,-527,1,62167
-80,-83,33,61384,71,-513,1,-60849
-31,-71,69,60993,-25,-523,1,60493
-26,-89,75,60615,-37,-545,1,61130
-1,-74,79,60342,-47,-516,0,59807
-3,-83,64,60102,-37,-554,0,59609
-1,-72,67,60051,-36,-517,0,59570
-14,-58,91,60147,-7,-457,0,60240
-16,-45,90,60383,7,-426,0,-59915
-30,-32,85,60692,48,-398,1,-60670
-15,-27,58,60967,30,-419,0,-61368
-8,-4,51,61290,20,-333,0,-60936
-33,8,76,61721,67,-283,1,61479
-58,48,144,62174,82,-238,1,62203
-58,11,118,62249,104,-322,1,62023
-13,-17,78,62110,111,-405,0,-62262
-6,-13,41,62125,58,-411,0,-62256
-87,-18,-81,62247,233,-368,1,62133
-171,-14,-125,62261,262,-311,1,62429
-82,1,-87,62022,211,-288,1,-62352
-52,-19,-74,61760,140,-342,1,61682
-34,-30,-67,61560,88,-384,1,61730
-22,-45,-54,61475,45,-447,0,61886
-18,-57,-29,61572,37,-536,0,62081
-28,-76,-16,61765,51,-582,1,62319
-26,-87,-6,61990,42,-618,1,61484
-35,-87,-4,62255,62,-612,1,61702
-44,-88,-13,62586,82,-594,1,62986
-64,-89,-26,62906,114,-564,1,63366
-91,-81,-29,63337,128,-525,1,62960
-121,-77,-38,63970,122,-500,1,63609
-114,-74,-34,64608,121,-499,1,65009
-89,-61,7,64960,147,-489,1,-64732
-77,-58,52,64964,82,-484,1,-64568
-28,-63,92,64763,-38,-487,1,64834
-12,-65,103,64526,-42,-498,0,65016
-42,-89,87,64411,25,-519,1,-63906
-26,-79,83,64334,16,-525,1,-63830
-37,-80,75,64326,42,-517,1,-63820
-28,-52,62,64392,54,-484,1,-64073
-29,-46,52,64484,58,-475,1,-64003
-24,-19,72,64700,49,-368,0,-64942
-32,-18,60,64959,76,-384,1,-64702
