-16,99,-7,1923,21,38,0,2008
-17,103,-6,2084,22,38,0,2148
-16,103,-5,2202,27,40,0,2247
-17,107,-5,2280,17,42,0,2222
-20,121,-2,2345,9,43,0,2402
-34,159,1,2427,-1,38,1,2529
-27,170,10,2455,-24,50,1,2315
-8,157,18,2238,-44,59,0,2084
1,129,22,1945,-46,41,0,-1802
-24,119,-6,1897,5,16,0,1819
-41,117,-51,2090,9,-50,1,-2175
-16,67,-37,2350,4,-40,0,-2408
-21,23,19,2589,113,-99,0,2588
-76,68,122,3138,74,-162,1,3295
-82,99,121,3545,58,-207,0,3428
-43,129,74,3564,12,-127,1,3452
-4,172,55,3337,-20,-65,0,-3521
-45,167,51,3066,49,-82,1,2849
-70,136,75,2815,59,-117,1,2613
-32,87,96,2576,5,-190,1,2691
-6,49,103,2362,-20,-251,0,-2435
-8,47,105,2151,-13,-231,0,-2255
-3,26,64,1931,-25,-237,0,-1830
7,-2,27,1791,-91,-395,0,-1841
11,-37,-48,1730,-65,-499,0,1906
24,-76,-116,1756,-52,-437,0,1913
25,-84,-121,1855,-50,-408,1,1704
28,-75,-76,2011,-66,-417,1,1572
35,-69,-36,2241,-120,-457,1,2361
27,-48,-5,2631,-117,-452,1,3011
-6,-11,12,3135,114,-339,0,-3359
-52,34,47,3544,171,-104,1,3369
-36,74,57,3922,77,-17,1,3932
-49,103,62,4400,67,0,0,-4377
-26,151,72,4904,18,42,1,-5078
-37,151,69,5297,44,41,1,-5186
-34,144,61,5642,27,22,1,-5769
-22,142,59,5966,25,61,0,-6089
-11,143,67,6243,11,22,0,-6331
-15,141,56,6502,11,2,0,-6615
-20,126,27,6766,22,27,0,-6680
-26,128,26,7061,46,45,1,-6935
-25,135,40,7417,30,43,1,-7289
-25,142,57,7734,21,11,1,-7813
-23,150,62,7868,19,-25,0,7691
-22,158,60,7876,9,-46,0,7765
-29,170,56,7811,12,-59,1,7736
-25,185,59,7655,13,-69,1,7479
-29,191,52,7348,19,-62,1,7182
-24,182,44,6931,10,-55,0,7072
-20,149,45,6443,15,-67,0,6607
-26,107,49,5936,31,-103,0,5896
-28,74,56,5463,46,-154,1,5514
-23,30,37,5014,87,-214,0,4923
-22,5,30,4568,116,-294,0,4229
-16,-24,9,4135,91,-566,0,-4699
4,-50,-17,3789,-53,-600,0,3209
16,-73,-42,3520,-75,-541,0,4069
33,-84,-75,3338,-83,-487,1,3205
41,-80,-85,3280,-99,-441,1,3387
39,-76,-67,3371,-103,-445,1,3292
41,-60,-51,3622,-116,-419,1,4052
11,-72,-48,4008,-50,-464,0,3639
10,-34,-20,4515,-65,-436,0,4202
-2,28,18,5049,21,18,0,-5044
-25,77,45,5681,64,15,1,-5638
-55,90,60,6334,90,-40,0,6289
-32,135,73,7024,23,28,1,-7082
-41,148,75,7540,61,30,1,-7588
-53,144,60,8013,61,32,1,-8140
-39,158,48,8532,27,33,1,-8678
-48,155,42,8987,37,41,1,-9099
-14,150,52,9402,-10,43,0,9269
-15,151,48,9764,17,64,0,-9951
-17,149,47,10072,13,51,0,-10191
-4,146,51,10266,-3,22,0,10414
-6,140,47,10299,1,0,0,-10399
-9,145,55,10259,-10,-17,0,-10407
-22,154,53,10243,9,-28,0,10409
-28,162,49,10155,21,-55,1,9987
-35,169,36,9974,30,-60,1,9855
-23,160,25,9650,19,-41,0,9508
-32,138,27,9299,30,-62,1,9469
-23,124,57,9016,8,-99,0,8963
-34,105,82,8748,29,-129,0,8873
-35,85,94,8434,39,-216,1,8232
-34,70,94,8087,39,-212,1,8025
-24,42,63,7631,49,-224,0,7457
-18,6,26,7148,106,-281,0,6801
-5,-23,-5,6715,26,-635,0,6223
8,-41,-26,6404,-61,-559,0,6957
17,-70,-60,6225,-58,-512,0,6650
34,-75,-78,6179,-74,-461,1,6528
36,-82,-81,6231,-78,-446,1,6529
30,-79,-54,6378,-91,-467,1,6404
21,-84,-29,6528,-89,-515,0,7042
37,-75,-11,6724,-135,-503,1,6994
29,-61,-6,7073,-102,-483,1,6657
-5,-37,6,7612,40,-517,0,-8117
-27,4,29,8159,192,-162,1,8126
-21,45,53,8769,48,-80,0,8752
-42,70,55,9445,85,-51,1,9433
-37,101,63,10050,57,7,0,-9985
-44,128,60,10640,57,30,1,-10532
-37,148,63,11240,31,45,1,-11095
-46,166,65,11848,41,48,1,-11929
-44,171,67,12402,32,47,1,-12478
-34,158,62,12868,34,34,1,-12999
-33,144,54,13065,48,18,1,-13231
-31,136,52,13135,40,8,1,-13263
-22,134,62,13250,21,-2,0,13177
-25,135,71,13354,27,-25,1,13554
-30,136,73,13405,31,-49,1,13485
-37,145,63,13406,30,-58,1,13552
-37,164,59,13389,26,-59,1,13525
-43,182,49,13237,32,-66,1,13178
-38,186,37,12925,24,-56,1,13035
-32,167,32,12541,16,-54,1,12355
-30,137,41,12122,17,-75,1,12223
-31,102,52,11706,32,-116,0,11687
-42,79,67,11284,55,-148,1,11414
-40,49,63,10789,74,-194,1,10884
-38,34,64,10288,73,-254,1,10432
-5,13,29,9839,-1,-253,0,-9862
22,-18,-21,9528,-184,-448,0,9249
35,-54,-65,9379,-104,-471,1,9543
39,-76,-97,9390,-74,-447,1,9558
31,-73,-87,9540,-41,-444,1,9429
27,-73,-70,9726,-70,-447,1,9232
19,-75,-45,9931,-77,-487,0,10006
33,-69,-36,10174,-117,-485,1,9835
12,-80,-36,10549,-51,-501,0,10385
9,-65,-30,11082,-48,-476,0,10984
-1,-43,-21,11811,-8,-465,0,-12233
-21,24,0,12784,148,-12,0,12641
-43,87,23,13643,87,32,1,-13654
-31,130,38,14437,36,67,1,-14524
-33,148,43,15153,23,69,1,-15360
-18,160,45,15782,8,83,0,-15716
-32,181,47,16393,25,80,1,-16583
-20,189,53,16994,2,78,0,-17080
-12,174,53,17593,0,50,0,-17434
-16,148,43,18036,5,21,0,-18135
-11,124,32,18281,19,26,0,-18229
-24,121,33,18464,42,22,0,-18514
-24,128,42,18642,28,12,0,-18558
-16,137,46,18788,13,3,0,-18881
-23,143,46,18828,29,-17,0,18740
-24,151,50,18760,10,-19,0,18912
-36,161,45,18568,26,-31,1,18464
-38,170,44,18194,23,-38,1,18304
-40,171,43,17709,29,-70,1,17873
-30,167,59,17155,7,-55,1,17328
-32,149,67,16565,17,-99,1,16396
-28,116,68,15984,16,-148,1,16091
-16,79,59,15491,10,-144,0,15487
-16,37,31,15102,59,-167,0,14932
-31,3,21,14774,201,-331,1,14398
-16,-23,0,14381,116,-569,0,-14971
-7,-50,-22,14019,-1,-603,0,-13498
3,-74,-43,13739,-42,-555,0,14282
21,-77,-53,13549,-78,-506,0,13622
29,-91,-73,13460,-68,-478,1,13574
29,-88,-62,13472,-75,-471,1,13640
38,-81,-38,13577,-110,-482,1,13525
34,-78,-21,13798,-110,-499,1,13313
23,-73,-9,14147,-80,-523,0,13651
9,-61,0,14628,-30,-552,0,-15146
-8,-27,15,15238,48,-463,0,-14953
-29,-8,29,15893,172,-257,1,-16317
-35,30,48,16555,121,-103,1,16571
-36,63,66,17283,72,-50,1,17319
-31,93,62,18017,54,3,0,-17964
-42,109,54,18706,55,0,0,-18774
-25,134,47,19372,14,40,1,-19257
-29,151,42,20042,28,74,1,-20159
-37,171,40,20718,20,54,1,-20585
-39,180,53,21402,23,62,1,-21272
-37,174,63,21839,35,37,1,-22016
-36,157,67,22031,35,9,1,-22236
-27,143,71,22150,23,-11,1,22090
-23,143,77,22223,23,-34,0,22063
-27,149,66,22247,15,-44,1,22029
-23,155,48,22242,9,-37,0,22128
-28,159,38,22185,17,-34,1,22072
-29,163,36,22071,23,-35,1,22170
-33,160,34,21837,37,-41,1,21985
-42,152,33,21460,43,-60,1,21335
-37,136,31,21055,30,-71,1,21207
-33,115,34,20625,33,-83,1,20624
-30,88,36,20083,47,-107,1,20052
-36,73,51,19466,57,-155,1,19699
-18,42,40,18808,40,-154,0,18904
-16,2,23,18177,116,-332,0,17958
-5,-21,15,17628,20,-557,0,-18170
16,-49,-10,17147,-104,-614,0,16594
32,-83,-48,16810,-103,-535,1,17284
51,-98,-55,16617,-124,-497,1,16645
55,-107,-48,16574,-114,-499,1,16716
55,-102,-31,16670,-123,-497,1,16603
46,-91,-14,16945,-117,-506,1,17350
30,-80,-13,17380,-82,-520,1,16876
17,-55,-1,17965,-87,-539,0,17476
-2,-33,14,18670,18,-487,0,-18744
-24,0,37,19438,132,-213,0,19342
-52,16,65,20165,132,-181,1,20116
-32,29,55,20819,95,-127,1,20804
-35,58,51,21551,74,-59,1,21623
-43,104,50,22434,70,20,0,-22403
-57,144,64,23352,52,27,1,-23549
-48,164,81,24112,24,31,1,-24303
-27,153,69,24729,15,37,1,-24695
-25,139,52,25210,16,21,1,-25308
-16,129,45,25631,2,26,0,-25767
-8,126,42,26043,3,39,0,-26063
-11,129,43,26452,22,44,0,-26573
-11,137,48,26807,5,21,0,-26647
-9,140,53,27077,1,-1,0,26999
-6,142,53,27257,-15,-13,0,-27336
-2,146,59,27461,-25,-39,0,-27602
5,155,63,27710,-36,-40,0,27801
11,171,64,27848,-31,-44,0,27679
3,181,60,27802,0,-66,0,-27732
-6,177,62,27641,4,-70,0,27440
-4,165,72,27413,-12,-63,0,-27597
-3,140,75,27088,5,-106,0,27003
-13,108,63,26687,17,-116,0,26624
-4,69,46,26232,2,-128,0,26223
0,22,19,25833,-14,-134,0,25702
8,-9,2,25473,-177,-524,0,-24891
12,-43,-28,25202,-65,-562,0,24636
18,-67,-50,25047,-58,-526,0,25472
28,-79,-68,24996,-65,-488,1,24593
24,-97,-84,25049,-60,-469,0,24607
34,-89,-62,25206,-84,-458,1,25512
26,-85,-38,25467,-75,-489,1,25265
27,-64,-25,25884,-90,-469,1,25774
-6,-44,-16,26449,31,-482,0,26252
-11,9,5,27110,160,-77,0,26894
-33,50,26,27809,116,-11,1,27860
-44,93,46,28558,72,13,0,-28562
-36,125,52,29300,37,43,1,-29204
-38,147,58,29969,23,49,1,-30137
-20,171,66,30564,-6,62,0,30631
-21,180,69,31151,0,62,0,-31095
-18,169,67,31668,0,47,0,-31587
-14,153,55,32027,4,23,0,-32170
-26,135,40,32241,43,25,1,-32119
-20,128,42,32402,16,14,0,-32312
-18,128,53,32600,20,0,0,-32747
-19,131,64,32767,9,-21,0,32561
-4,136,81,32919,-17,-45,0,-32884
-11,143,88,33062,1,-65,0,33208
-25,155,79,33106,19,-73,1,33222
-24,163,66,33039,19,-73,0,33184
-26,167,55,32861,24,-73,1,32903
-28,156,48,32564,36,-97,1,32708
-26,133,49,32202,25,-85,1,32041
-28,109,64,31844,27,-124,0,31792
-26,90,80,31492,26,-164,0,31660
-26,70,82,31139,34,-197,1,31051
-36,61,80,30698,51,-188,1,30511
-20,32,50,30115,43,-204,0,30016
-3,-2,23,29611,2,-404,0,-29229
12,-28,2,29289,-123,-609,0,-28773
22,-59,-28,29077,-98,-565,0,29685
41,-82,-63,29008,-100,-495,1,28824
44,-97,-85,29084,-70,-466,1,28691
32,-98,-67,29302,-67,-473,1,29676
33,-85,-37,29628,-95,-488,1,29271
26,-73,-21,30083,-92,-498,1,29804
10,-47,-15,30659,-42,-496,0,30253
-22,-14,-2,31394,223,-340,0,31541
-32,40,20,32206,127,-22,1,32132
-24,77,34,32952,43,36,0,-32974
-28,117,39,33721,34,60,1,-33774
-36,147,38,34466,23,49,1,-34322
-37,175,38,35177,15,59,1,-35316
-34,190,46,35779,0,83,1,-35619
-12,186,57,36284,-16,81,0,36200
-12,173,62,36605,1,56,0,-36447
-7,164,68,36771,0,29,0,-36699
0,162,77,36917,-8,6,0,-37082
-3,164,85,37072,4,-20,0,36918
-10,162,77,37148,-8,-38,0,-37339
-10,156,58,37184,-10,-35,0,-37319
-11,158,50,37259,-7,-49,0,-37146
-7,159,45,37319,-3,-50,0,-37187
-12,155,37,37260,10,-49,0,37121
-12,142,41,37140,5,-58,0,37254
-14,129,63,37021,13,-118,0,36948
-16,122,86,36852,11,-136,0,36697
-22,100,75,36628,16,-119,0,36682
-18,62,47,36385,43,-148,0,36507
-17,26,25,36096,100,-191,0,36299
-26,-2,18,35805,209,-366,1,-35433
-14,-29,11,35552,68,-570,0,-34950
6,-59,-2,35342,-42,-677,0,35004
17,-92,-33,35227,-52,-577,0,35712
27,-107,-50,35164,-50,-531,1,35644
19,-110,-44,35209,-38,-537,0,35811
10,-100,-22,35421,-46,-572,0,34869
12,-84,-7,35682,-54,-584,0,35147
0,-66,3,36028,-9,-591,0,-36539
-9,-43,10,36455,28,-533,0,-35910
-8,-12,18,36989,70,-342,0,-37235
-25,22,33,37621,107,-94,0,37614
-13,69,44,38321,20,16,0,-38355
-27,102,52,39145,22,31,0,-39083
-15,138,52,39912,-3,41,0,39793
-24,157,45,40526,5,54,0,-40665
-21,168,35,41058,-5,71,0,41148
-13,176,29,41572,-23,85,0,41604
-3,189,54,42032,-32,86,0,42226
3,198,91,42344,-14,43,0,-42451
-18,188,101,42416,12,-20,0,42341
-1,171,84,42292,-13,-53,0,-42482
-1,164,63,42169,-5,-69,0,-42081
-14,167,50,42152,0,-49,0,41986
-15,167,40,42141,0,-50,0,42031
-14,159,37,41981,7,-49,0,41855
-21,146,46,41644,18,-70,0,41553
-18,119,61,41256,10,-104,0,41244
-18,89,70,40893,20,-148,0,40758
-21,55,65,40504,42,-198,0,40631
-16,32,64,40104,43,-248,0,39961
0,1,44,39674,-10,-319,0,39906
-10,-26,24,39294,75,-529,0,-39728
-29,-50,2,38901,106,-580,1,-38385
0,-57,-13,38405,-43,-639,0,37991
36,-70,-43,37921,-129,-533,1,38653
59,-81,-83,37621,-125,-465,1,37731
50,-93,-109,37606,-97,-429,1,37675
41,-84,-82,37755,-95,-417,1,37549
38,-69,-40,37944,-124,-443,1,38335
42,-71,-21,38244,-133,-455,1,37981
29,-53,-7,38777,-108,-456,1,38649
-2,-25,9,39542,12,-506,0,-39826
-19,12,30,40398,114,-135,0,40248
-11,45,34,41263,16,-1,0,41272
-30,84,32,42265,32,39,1,-42357
-8,126,41,43234,-37,77,0,43225
-9,144,39,43887,-17,87,0,43925
-6,165,35,44200,-20,78,0,44148
-3,178,41,44434,-27,75,0,44376
7,204,59,44719,-42,61,0,-44618
24,220,93,45046,-42,51,0,-44920
17,213,112,45255,-26,-21,0,45180
30,196,92,45154,-38,-67,1,45184
27,177,65,44964,-43,-77,1,44842
16,161,49,44984,-39,-65,0,44892
9,150,45,45184,-36,-37,0,45111
5,136,46,45384,-25,-43,0,45531
7,122,61,45503,-16,-99,0,45456
8,110,76,45588,-16,-133,0,45751
1,90,72,45635,-3,-148,0,45763
-8,59,58,45673,10,-147,0,45813
-17,24,45,45683,72,-247,0,45802
-30,0,30,45688,174,-352,1,45961
-34,-26,1,45601,209,-502,1,-45888
-19,-63,-47,45416,53,-551,0,45947
1,-86,-75,45281,-16,-495,0,45340
10,-91,-72,45191,-16,-496,0,45426
6,-101,-51,45137,-24,-525,0,45592
22,-90,-28,45159,-77,-539,0,45671
21,-92,-25,45302,-65,-538,0,45819
15,-87,-27,45576,-48,-531,0,45172
0,-67,-20,46018,-13,-520,0,45466
-11,-37,-8,46588,46,-483,0,46107
-25,7,27,47101,145,-164,0,47049
-22,31,40,47505,73,-73,0,47536
-27,63,41,48036,43,0,1,-48001
-8,114,41,48752,-18,70,0,48761
0,152,43,49535,-26,87,0,-49537
-10,183,42,50291,2,97,0,-50311
-28,195,46,50822,2,88,1,-50730
0,187,45,51203,-40,71,0,-51448
5,176,50,51452,-41,55,0,-51303
17,176,72,51572,-47,25,0,-51625
20,175,91,51688,-36,-15,0,51495
6,169,87,51744,-17,-51,0,51960
0,174,67,51662,-11,-62,0,51478
-10,177,49,51526,1,-56,0,51707
-19,172,37,51342,10,-48,0,51250
-20,157,42,51096,14,-59,0,50954
-21,138,51,50761,37,-105,0,50859
-27,103,49,50326,36,-82,0,50349
-25,70,54,49833,44,-129,1,49774
-25,49,62,49317,64,-206,1,49212
-26,24,50,48761,82,-261,1,48927
-7,7,33,48215,12,-279,0,48495
18,-20,-8,47653,-188,-528,0,47253
12,-55,-75,47134,-71,-495,0,47556
48,-77,-114,46739,-136,-446,1,47015
59,-89,-110,46596,-121,-422,1,47060
44,-86,-74,46785,-106,-440,1,46892
32,-78,-42,47190,-78,-465,1,47500
20,-73,-27,47730,-55,-494,0,48109
9,-50,-16,48381,-32,-504,0,48416
-23,-38,-13,49071,126,-430,0,48705
-29,10,-4,49958,248,-156,1,-50004
-40,73,21,50939,65,23,1,-50902
-20,128,43,51713,6,68,0,-51962
-43,149,50,52425,23,55,1,-52328
-20,164,48,52903,-6,79,0,52840
-10,172,44,53255,-20,91,0,53444
0,178,48,53621,-25,113,0,-53661
11,189,63,53997,-33,75,0,-53774
7,196,84,54367,-14,49,0,-54519
0,193,96,54602,-8,-7,0,54760
1,182,82,54600,-19,-34,0,54684
0,169,57,54451,-7,-50,0,54294
-15,162,42,54326,9,-48,0,54420
-21,163,41,54236,21,-77,0,54041
-22,166,49,54081,17,-64,0,54255
-22,152,50,53763,25,-72,0,53984
-26,121,50,53314,35,-93,1,53356
-27,83,57,52811,39,-117,1,52843
-34,58,72,52266,62,-208,1,52363
-24,34,67,51748,47,-250,0,51846
-16,9,49,51248,57,-311,0,51466
-2,-7,21,50810,11,-426,0,-51145
18,-29,-17,50418,-130,-524,0,50788
23,-64,-65,50110,-65,-506,0,49773
40,-75,-85,49904,-93,-457,1,50001
53,-81,-86,49856,-114,-437,1,49974
49,-90,-68,50040,-121,-456,1,49903
44,-83,-40,50473,-115,-454,1,50372
26,-75,-22,51115,-82,-503,1,50762
20,-51,-19,51915,-75,-479,0,52073
-26,-41,-12,52887,122,-458,1,53021
-56,-4,3,54025,326,-226,1,-53915
-47,39,22,55131,139,-61,1,55280
-44,74,40,56227,60,-5,1,56273
-6,114,40,57307,1,72,0,-57296
-58,142,41,58383,76,21,1,-58572
-42,149,38,59357,39,58,1,-59226
-25,149,32,60166,1,65,1,-60393
-16,153,27,60909,-10,79,0,60708
-21,161,31,61598,-6,74,0,61561
-10,160,42,62212,-22,66,0,62418
-8,155,49,62646,-3,43,0,62512
-18,152,51,62837,13,17,0,-62930
-11,148,54,62936,0,0,0,-62835
-15,146,54,63016,7,-15,0,63113
-23,151,49,63031,14,-29,0,63127
-23,165,45,62943,10,-37,0,62829
-22,180,46,62734,14,-71,0,62923
-14,190,49,62383,1,-53,0,62234
-15,176,41,61857,13,-49,0,61705
-20,136,31,61201,25,-54,0,61371
-34,97,47,60566,61,-117,0,60594
-39,67,55,59937,74,-148,1,60073
-36,44,59,59310,77,-222,1,59145
-23,22,56,58714,60,-296,0,58491
-11,0,36,58187,40,-358,0,57898
-6,-19,22,57678,14,-508,0,-57529
18,-52,-28,57205,-107,-555,0,56589
37,-81,-69,56920,-105,-506,1,57339
48,-85,-85,56864,-104,-457,1,57276
33,-93,-88,57000,-57,-456,1,57214
30,-83,-62,57254,-70,-449,1,56913
26,-80,-36,57589,-82,-491,1,57659
28,-74,-27,58042,-86,-489,1,58187
4,-61,-23,58679,-26,-493,0,58606
-10,-22,5,59437,81,-459,0,-59822
-14,12,24,60134,100,-115,0,60139
-39,43,39,60848,123,-57,1,60890
-33,79,54,61681,46,-28,1,61598
-40,98,55,62545,56,12,0,-62486
-34,129,54,63348,30,45,1,-63443
-29,144,50,64094,6,62,1,-64220
-7,158,49,64714,-18,81,0,64545
-22,170,49,65254,1,73,0,-65059
-12,170,54,65725,-18,43,0,65554
-1,164,63,66129,-24,40,0,66295
3,158,73,66408,-27,3,0,-66472
5,153,81,66535,-27,-23,0,66340
2,149,77,66576,-27,-37,0,66806
0,146,67,66618,-23,-38,0,66778
-11,152,59,66643,-6,-35,0,-66784
-14,164,56,66580,-1,-37,0,-66724
-18,171,54,66404,11,-67,0,66467
-16,167,58,66112,8,-72,0,66207
-15,147,63,65737,8,-89,0,65593
-14,111,60,65357,13,-109,0,65392
-19,76,58,64997,41,-148,0,64825
-27,51,56,64646,71,-195,1,64529
-30,28,58,64243,81,-236,1,64113
-27,7,54,63762,75,-325,1,63541
-1,-11,39,63348,-23,-415,0,63187
11,-39,-8,63007,-83,-634,0,62492
-20,-75,-72,62754,-15,-497,0,-62657
30,-84,-86,62576,-129,-467,1,62777
44,-96,-74,62445,-110,-468,1,62058
41,-95,-38,62472,-100,-497,1,62922
36,-87,-5,62692,-86,-532,1,63191
13,-93,-15,63018,-22,-577,0,62498
1,-82,-27,63425,-16,-547,0,62884
-8,-63,-21,63911,27,-510,0,63598
-24,-38,-6,64348,125,-438,0,64161
-16,9,29,64648,93,-148,0,64607
-15,26,49,65090,53,-99,0,65074
-33,53,40,65684,103,-25,1,65749
-39,82,38,66311,80,16,1,-66327
-23,131,37,67067,16,76,0,-66838
-29,170,42,67876,5,82,1,-68077
-7,193,52,68542,-24,89,0,68353
-2,194,59,69127,-31,82,0,69297
12,184,69,69640,-36,69,0,-69790
11,167,74,69990,-24,17,0,-70021
2,152,71,70163,-8,-8,0,70348
-1,144,69,70281,-18,-22,0,-70235
-5,145,74,70397,-14,-34,0,-70157
-11,160,78,70462,0,-51,0,70634
-17,181,71,70436,4,-57,0,70648
-12,196,61,70310,3,-87,0,70147
-6,190,48,70087,-6,-50,0,-70011
-9,173,42,69765,-1,-49,0,-69689
-7,143,44,69361,-5,-63,0,-69229
-1,104,39,68881,-6,-75,0,-68884
-11,66,37,68408,12,-89,0,68355
-8,28,32,67952,27,-191,0,68076
-5,2,34,67545,12,-336,0,67260
-1,-16,24,67173,-13,-486,0,67481
8,-46,-4,66801,-75,-665,0,67079
26,-77,-39,66543,-95,-564,1,66033
33,-90,-54,66458,-89,-524,1,65927
35,-92,-54,66537,-85,-508,1,66056
25,-97,-46,66725,-72,-522,1,67260
19,-93,-24,66988,-68,-555,0,67487
21,-85,-17,67283,-62,-555,0,66711
17,-87,-20,67671,-49,-548,0,68114
22,-60,-14,68228,-64,-512,0,68454
-18,-49,-27,68957,96,-462,0,68809
-37,-25,-19,69812,174,-332,1,70012
-6,23,-10,70722,8,37,0,70774
-20,85,5,71645,2,95,0,-71618
15,144,26,72468,-73,103,0,-72637
-23,185,37,73316,11,96,0,-73352
-29,207,49,73977,-4,88,1,73795
-4,203,57,74544,-33,87,0,74676
2,199,64,75113,-26,78,0,-75194
-5,181,70,75633,0,66,0,-75719
-9,156,68,75921,1,4,0,-75847
1,139,57,75931,-23,-11,0,75830
5,134,50,75861,-23,-13,0,76028
8,139,58,75880,-29,-20,0,75996
3,152,67,75930,-26,-30,0,75844
-5,172,67,75891,-15,-36,0,-75960
-11,188,59,75770,-12,-38,0,-75612
-9,199,64,75610,-7,-65,0,-75666
-25,199,57,75383,10,-62,1,75429
-19,175,60,75104,19,-73,0,75192
-17,124,42,74592,44,-74,0,74561
-18,71,28,73935,47,-95,0,73974
-3,31,20,73279,0,-152,0,73379
10,4,10,72735,-204,-265,0,73178
13,-35,-15,72355,-104,-591,0,71849
19,-71,-46,72124,-73,-550,0,72619
23,-88,-59,71992,-76,-521,0,72451
38,-89,-61,71927,-98,-497,1,71975
38,-89,-61,71994,-98,-486,1,71935
31,-87,-51,72212,-69,-491,1,72642
25,-77,-42,72523,-73,-493,1,72336
18,-73,-39,72945,-62,-490,0,73051
12,-60,-37,73501,-49,-457,0,73460
-8,-37,-29,74182,27,-434,0,73809
-33,16,-8,74793,249,-105,1,-74893
-39,62,8,75517,114,19,1,-75408
-38,115,33,76471,38,79,1,-76459
-34,153,46,77413,28,68,1,-77481
-35,176,52,78205,19,72,1,-78212
-26,178,46,78816,13,83,1,-78649
-20,178,38,79338,-1,70,0,79145
-8,172,44,79802,-6,87,0,79725
-4,174,57,80201,-11,46,0,80379
-6,175,75,80546,-6,14,0,80458
-16,164,74,80768,16,-18,0,80738
-14,159,56,80805,7,-34,0,80683
-9,157,44,80756,1,-31,0,80848
-21,162,39,80697,19,-35,0,80795
-30,172,39,80558,27,-50,1,80401
-30,182,49,80240,30,-88,1,80288
-17,171,54,79703,14,-66,0,79767
-19,138,54,78944,31,-84,0,78976
-40,89,55,78171,66,-118,1,78118
-41,51,57,77504,91,-208,1,77429
-37,26,56,76937,101,-267,1,77283
-24,6,46,76385,80,-325,0,76616
5,-9,21,75875,-72,-471,0,-76265
16,-41,-17,75456,-104,-591,0,74947
38,-65,-54,75191,-110,-512,1,74869
44,-80,-84,75080,-86,-470,1,75003
44,-85,-87,75227,-99,-445,1,74792
28,-85,-69,75570,-69,-463,1,75447
13,-85,-46,75998,-50,-501,0,76141
4,-80,-29,76424,-40,-540,0,76001
10,-67,-32,76906,-48,-499,0,77282
2,-53,-36,77542,-22,-443,0,77662
-18,-8,-22,78372,131,-298,0,78735
-38,41,0,79338,138,-43,1,79173
-30,100,28,80345,29,61,0,-80287
-46,130,50,81240,43,40,1,-81350
-42,138,48,81842,45,71,1,-81737
-28,142,40,82395,9,74,1,-82215
-11,166,40,83008,-5,94,0,83100
-20,193,42,83753,-6,96,0,83894
6,212,60,84595,-32,87,0,-84696
-6,209,74,85332,-12,44,0,85487
-9,189,76,85736,-9,1,0,85530
3,164,59,85743,-22,-16,0,85611
0,149,46,85590,-17,-15,0,85745
-12,150,44,85488,8,-34,0,85354
-22,164,45,85410,17,-46,0,85248
-28,183,53,85262,16,-66,1,85445
-28,187,55,84985,14,-66,1,84770
-15,162,54,84539,5,-70,0,84707
-12,127,60,84092,7,-96,0,84078
-13,80,51,83759,18,-127,0,83758
-22,60,63,83473,46,-185,0,83603
-23,31,52,83098,60,-237,0,83061
-12,9,33,82765,38,-292,0,82537
2,-24,-1,82450,-50,-688,0,82075
11,-58,-34,82176,-68,-579,0,82704
28,-78,-59,82004,-89,-508,1,82335
36,-85,-75,82015,-70,-485,1,82375
28,-87,-81,82209,-47,-463,1,82136
22,-80,-68,82511,-64,-460,0,82851
22,-71,-50,82866,-67,-464,0,82524
23,-64,-46,83318,-73,-448,0,83078
14,-42,-35,84006,-55,-387,0,84373
-12,-10,-21,84905,98,-302,0,84722
-22,53,-1,85999,59,35,0,85973
-32,109,39,87086,34,50,0,-87146
-28,136,56,87874,24,51,1,-88002
-50,152,52,88697,35,48,1,-88821
-19,178,48,89642,-23,86,0,89848
-24,188,47,90474,-8,111,0,90500
0,183,56,90938,-34,76,0,-91099
10,174,64,91170,-35,41,0,-91344
9,159,65,91340,-27,13,0,-91151
2,147,63,91492,-18,-1,0,91609
-1,141,66,91663,-12,-16,0,-91847
-12,149,71,91837,-6,-28,0,-91769
-18,163,69,91941,15,-56,0,92136
-17,176,60,91925,4,-54,0,92090
-14,191,60,91771,0,-65,0,91831
-6,190,52,91450,-5,-54,0,-91527
-7,166,51,91076,-1,-62,0,-90985
-15,127,52,90757,13,-86,0,90778
-14,92,58,90458,18,-125,0,90461
-9,61,58,90183,6,-169,0,90340
-7,26,41,89956,18,-223,0,90015
-8,-8,21,89744,51,-410,0,-89902
4,-34,-14,89568,-42,-618,0,89994
-2,-80,-63,89485,-7,-533,0,-90094
9,-95,-79,89489,-33,-486,0,89167
15,-98,-69,89558,-27,-482,0,89093
2,-91,-42,89724,-7,-513,0,89097
0,-79,-14,89975,-12,-568,0,89354
0,-67,-3,90288,-8,-598,0,90784
-9,-51,2,90675,20,-566,0,-90153
-21,-23,18,91170,133,-372,0,-91591
-21,6,20,91624,166,-157,0,91606
-24,48,32,92196,90,14,0,-92278
-36,81,35,93028,68,23,1,-93030
-26,121,28,93895,14,80,1,-93927
-21,166,28,94683,-10,103,0,94489
-5,205,33,95298,-34,113,0,95480
4,207,46,95867,-38,100,0,-95966
12,195,64,96336,-29,76,0,-96398
-6,174,68,96643,15,46,0,-96592
-4,154,65,96842,-15,0,0,96926
-9,141,68,97038,-6,-17,0,-97241
-21,140,69,97176,21,-37,0,97142
-26,153,67,97203,14,-36,1,97118
-26,176,73,97135,12,-44,1,97195
-25,197,67,96881,8,-47,1,96970
-17,200,51,96420,12,-53,0,96373
-20,191,46,95823,4,-27,0,95953
-22,150,49,95178,9,-73,0,95035
-11,107,67,94679,-12,-123,0,-94599
0,68,60,94287,-13,-159,0,94375
-15,33,52,93957,39,-202,0,94194
-16,6,33,93637,91,-315,0,93326
-17,-15,19,93354,120,-474,0,-93445
-11,-28,4,93083,63,-612,0,-92625
2,-43,-24,92833,-40,-563,0,92297
22,-69,-64,92728,-66,-506,0,93167
15,-99,-92,92867,-29,-483,0,92937
5,-100,-79,93182,-17,-477,0,92696
0,-89,-60,93524,-9,-484,0,93406
-7,-76,-45,93883,7,-485,0,94011
-7,-54,-33,94296,18,-474,0,94594
-15,-45,-32,94793,49,-434,0,95222
-20,-20,-26,95437,98,-333,0,95736
-16,36,-1,96209,54,51,0,96253
-3,95,24,96938,-15,92,0,96959
-18,139,54,97790,-2,84,0,97541
-22,158,54,98597,2,69,0,-98782
-19,165,41,99255,-22,88,0,99174
16,181,43,99872,-56,70,0,-100062
-7,196,49,100546,-18,94,0,100476
10,194,71,101099,-35,63,0,-100988
4,180,84,101334,-20,2,0,-101154
0,163,82,101380,-1,-17,0,101607
3,148,84,101467,-17,-43,0,101536
-6,152,84,101537,-9,-50,0,-101460
-17,168,78,101496,16,-65,0,101596
-18,182,65,101281,19,-68,0,101141
-18,186,54,100885,24,-61,0,101038
-28,175,50,100408,28,-65,1,100577
-21,149,53,99890,18,-77,0,100058
-22,114,51,99379,24,-97,0,99357
-27,86,70,98878,33,-157,1,98954
-15,62,64,98352,20,-179,0,98532
-13,36,49,97872,27,-187,0,98026
-8,4,24,97399,66,-310,0,97561
6,-20,-7,96973,-68,-611,0,96509
20,-40,-41,96634,-83,-515,0,97075
22,-73,-77,96441,-68,-478,0,96567
28,-82,-81,96419,-75,-470,1,96546
25,-91,-74,96592,-64,-478,1,96443
10,-95,-58,96905,-32,-501,0,97037
1,-85,-46,97276,-21,-515,0,96656
-6,-76,-43,97689,0,-506,0,97286
-3,-57,-40,98171,-11,-475,0,-97973
-17,-54,-32,98770,28,-464,0,98361
-13,-21,-22,99521,51,-368,0,99730
-11,23,-1,100326,59,44,0,100334
-8,71,30,101105,-8,54,0,101020
-27,109,48,101908,26,42,0,-101986
-31,131,48,102703,2,79,1,-102861
-9,159,46,103403,-21,85,0,103185
-18,193,52,104042,-13,86,0,104150
-7,197,66,104669,-31,76,0,104460
2,187,72,105236,-27,55,0,-105419
-5,167,68,105633,-15,16,0,105562
-4,149,63,105816,-6,4,0,105970
5,144,68,105887,-25,-15,0,105818
6,147,79,105983,-25,-40,0,105752
1,154,79,106070,-14,-56,0,106170
-5,163,70,106064,-3,-61,0,-106126
-3,172,68,105962,-11,-49,0,-105785
-11,176,62,105753,2,-47,0,105907
-21,173,61,105467,13,-50,0,105281
-22,159,60,105106,27,-81,0,105069
-24,122,47,104668,37,-87,0,104687
-16,73,44,104189,42,-123,0,104133
-27,35,51,103693,80,-200,1,103827
-30,2,52,103091,113,-344,1,103357
-24,-18,48,102410,72,-397,0,-102907
7,-23,20,101814,-84,-538,0,-102396
32,-44,-29,101413,-142,-507,1,101702
23,-61,-69,101142,-60,-484,0,101027
38,-69,-90,101062,-99,-442,1,101157
47,-81,-89,101191,-104,-437,1,101040
34,-81,-65,101572,-95,-456,1,101740
14,-66,-40,102153,-49,-480,0,102028
19,-50,-32,102827,-55,-446,0,102431
-30,-30,-34,103648,134,-386,1,103877
-41,-12,-23,104709,203,-276,1,104683
-22,18,-6,105854,164,-83,0,-105865
-27,88,4,107096,41,57,1,-107022
-46,145,39,108434,19,60,1,-108326
-31,166,42,109568,-5,80,1,109765
-40,179,29,110518,0,88,1,-110437
-27,214,45,111442,-42,95,1,111558
8,225,79,112316,-63,72,0,-112239
1,197,86,112954,-28,36,0,-113046
8,167,82,113159,-21,-5,0,113384
7,150,75,113134,-15,-24,0,112943
0,150,72,113146,2,-33,0,-112901
-12,156,66,113186,10,-35,0,113373
-21,161,57,113108,25,-40,0,112996
-29,173,54,112895,28,-49,1,112727
-26,186,53,112601,18,-63,1,112480
-28,193,49,112170,22,-59,1,112366
-22,172,34,111572,20,-46,0,111476
-27,135,35,110877,36,-66,1,111045
-28,84,35,110123,63,-106,1,110098
-37,42,38,109393,108,-173,1,109498
-23,8,30,108658,116,-301,0,108840
-4,-22,9,108063,7,-611,0,-107624
18,-39,-18,107615,-109,-572,0,108079
33,-56,-57,107323,-102,-478,1,107182
41,-68,-90,107210,-65,-459,1,107376
39,-74,-92,107294,-85,-426,1,107221
37,-72,-68,107517,-104,-434,1,107017
34,-74,-49,107858,-106,-456,1,107684
31,-68,-41,108375,-98,-452,1,108162
13,-56,-31,109114,-67,-474,0,109447
-8,-35,-23,110097,45,-429,0,110497
-48,8,-8,111251,309,-146,1,-111381
-41,67,20,112355,101,14,1,-112373
-65,104,42,113457,87,4,0,-113507
-46,121,42,114464,41,18,1,-114535
-38,130,42,115191,33,33,1,-115066
-41,148,46,115816,25,54,1,-115927
-31,156,47,116442,0,36,1,-116305
-19,151,47,116984,-6,38,0,116851
-24,152,50,117390,5,28,0,-117289
-15,150,54,117703,-5,18,0,117629
-13,146,61,117873,6,2,0,-117973
-23,148,78,117952,25,-19,0,117765
-20,147,90,118081,15,-51,0,118180
-31,154,92,118199,31,-79,1,118077
-37,172,90,118294,22,-84,1,118402
-37,188,70,118261,30,-85,1,118114
-44,198,60,117993,42,-75,1,117851
-34,196,53,117382,37,-65,1,117296
-28,142,44,116568,37,-74,1,116622
-32,94,53,115880,60,-127,0,115868
-37,56,48,115245,99,-180,1,115410
-40,26,36,114673,155,-249,1,114568
-31,4,27,114077,169,-324,1,113781
-11,-14,10,113494,109,-518,0,-112946
14,-36,-25,112871,-89,-553,0,113312
35,-76,-70,112367,-97,-497,1,112465
59,-75,-85,112100,-130,-443,1,111865
63,-82,-95,112107,-105,-428,1,111643
46,-79,-75,112379,-102,-428,1,112412
31,-70,-46,112800,-96,-455,1,112973
26,-65,-38,113358,-85,-462,1,113451
5,-52,-28,114116,-37,-485,0,113707
-20,-21,-6,115058,166,-384,0,114859
-42,13,16,116003,230,-142,1,116095
-51,39,40,116859,142,-84,1,116888
-30,73,63,117660,35,-25,1,117711
-48,86,60,118418,75,-39,1,118457
-52,108,59,119211,62,5,0,-119287
-38,131,59,119912,28,37,1,-120016
-37,152,54,120537,18,57,1,-120444
-27,171,56,121262,-9,70,1,121194
-8,188,70,121972,-22,69,0,122075
-13,185,81,122469,-2,33,0,122531
-7,167,82,122688,-5,-9,0,-122814
0,148,76,122707,-11,-34,0,122786
-6,142,73,122688,-1,-48,0,-122800
-20,152,70,122665,16,-59,0,122828
-27,161,61,122564,15,-47,1,122464
-26,176,67,122378,18,-81,1,122529
-24,180,60,122094,24,-72,0,121900
-30,166,55,121672,34,-76,1,121774
-25,135,57,121199,32,-92,1,121265
-27,103,67,120692,42,-133,0,120806
-25,67,53,120153,56,-158,1,120209
-25,35,44,119608,86,-239,1,119700
-18,10,30,119095,89,-288,0,118902
0,-17,-2,118635,-30,-684,0,118222
14,-49,-49,118313,-67,-503,0,118673
16,-86,-90,118134,-43,-488,0,117925
33,-87,-97,118100,-73,-448,1,117943
31,-89,-86,118245,-69,-450,1,117873
20,-87,-63,118544,-55,-472,0,118415
7,-74,-40,118928,-32,-499,0,119062
-6,-69,-31,119356,0,-510,0,119708
6,-55,-17,119907,-44,-534,0,120447
-24,-34,-1,120708,133,-460,0,120574
-43,-8,0,121623,292,-278,1,-121609
-49,24,7,122590,200,-129,1,122554
-10,72,20,123485,-48,105,0,123468
2,122,49,124362,-44,63,0,-124310
-25,145,45,125126,10,72,1,-124964
-20,166,40,125713,-5,89,0,125907
-13,178,47,126287,-26,89,0,126364
-2,182,61,126807,-23,73,0,126848
-11,176,66,127285,-4,46,0,127458
-9,160,63,127721,-5,22,0,127598
-8,147,61,128036,-6,5,0,128143
10,144,69,128217,-31,-14,0,128023
17,151,78,128330,-31,-34,0,128447
6,164,77,128425,-27,-38,0,128379
-6,185,63,128481,-12,-33,0,-128332
-11,201,55,128509,0,-55,0,128317
9,202,52,128259,-19,-26,0,128509
6,173,51,127744,10,-59,0,-127915
-3,122,49,127188,12,-82,0,127170
-18,69,58,126688,49,-159,0,126499
-38,58,75,126169,66,-189,1,126064
-23,46,70,125607,26,-224,0,125470
1,27,46,125110,-32,-255,0,125025
11,3,0,124761,-307,-284,0,124794
10,-43,-67,124543,-42,-480,0,124905
17,-63,-94,124473,-46,-443,0,124894
10,-82,-95,124528,-34,-450,0,124823
16,-90,-74,124649,-53,-470,0,124682
15,-88,-43,124814,-51,-514,0,124365
11,-80,-36,125071,-49,-526,0,125655
4,-70,-38,125452,-22,-497,0,125839
0,-58,-30,125942,-7,-486,0,125491
-8,-35,-25,126554,40,-433,0,126973
-20,-3,-6,127343,262,-243,0,127117
-24,37,11,128233,100,-17,0,128166
-22,90,23,129241,29,70,0,-129241
-25,138,42,130271,5,72,1,-130090
-25,169,51,131232,0,75,1,-131179
-15,192,55,132177,-31,83,0,132327
-5,199,55,133042,-33,88,0,132924
7,193,66,133688,-34,70,0,-133850
-6,177,72,134137,0,35,0,-133925
-15,156,66,134411,7,5,0,-134620
-10,143,67,134591,-2,-9,0,-134514
-7,146,85,134713,-2,-38,0,-134879
-18,154,89,134716,4,-54,0,134877
-15,164,73,134568,12,-60,0,134526
-14,170,58,134283,16,-55,0,134194
-23,165,49,133877,27,-63,0,133712
-26,163,53,133410,21,-73,1,133619
-35,157,72,132939,29,-101,1,133062
-35,131,70,132407,33,-117,1,132486
-28,101,75,131847,30,-147,0,132028
-30,63,65,131317,58,-188,1,131092
-19,37,65,130771,34,-237,0,130665
-6,26,45,130221,12,-236,0,130170
-3,2,-1,129545,154,-202,0,-129625
24,-49,-62,129049,-90,-493,0,129467
33,-61,-77,128893,-78,-457,1,128682
24,-75,-81,128951,-69,-453,0,128567
27,-84,-72,129108,-78,-461,1,129497
28,-80,-48,129349,-89,-483,1,129152
21,-76,-36,129685,-75,-500,0,129875
16,-60,-32,130143,-62,-487,0,130482
-2,-48,-29,130761,9,-471,0,130854
-25,-17,-8,131460,209,-357,0,131132
-43,-3,11,132239,269,-225,1,-132419
-34,36,44,133019,95,-78,1,133027
-49,66,59,133789,108,-45,1,133783
-74,98,71,134492,107,-34,0,134520
-56,112,69,135175,53,-2,1,135218
-44,149,64,136002,19,40,1,-136069
-25,183,73,136791,-12,59,1,136834
-13,198,90,137633,-26,29,0,137527
0,186,98,138328,-22,23,0,-138369
-2,162,91,138723,-2,-11,0,-138515
-3,139,80,138893,0,-33,0,138870
-7,131,76,139033,5,-48,0,139256
-9,133,75,139205,-1,-53,0,-139062
-16,142,71,139346,11,-54,0,139432
-19,154,65,139397,19,-55,0,139371
-22,163,56,139313,26,-55,0,139409
-30,168,54,139100,30,-66,1,139139
-29,171,65,138733,26,-83,1,138576
-32,159,64,138226,38,-114,1,138086
-25,130,63,137704,24,-103,1,137520
-28,105,70,137116,43,-136,0,136966
-21,67,56,136423,45,-161,0,136199
-13,38,40,135703,38,-184,0,135814
6,5,1,134977,-226,-209,0,135024
31,-29,-42,134325,-138,-469,1,134593
43,-63,-83,133804,-95,-480,1,133993
56,-68,-90,133554,-131,-419,1,133299
48,-76,-75,133580,-113,-435,1,133180
36,-77,-47,133783,-111,-467,1,133998
36,-74,-24,134084,-119,-489,1,133667
33,-75,-16,134507,-101,-498,1,134297
16,-68,-21,135141,-35,-505,0,134778
-21,-35,-14,136018,131,-425,0,135744
-56,2,-4,136961,319,-220,1,-136913
-32,62,17,137912,76,6,1,-137922
-37,99,36,138755,73,39,0,-138765
-48,120,43,139515,69,37,1,-139493
-39,131,39,140196,42,57,1,-140087
-24,152,34,140891,10,86,0,-140969
-23,175,38,141647,8,93,0,-141704
-19,182,50,142311,12,80,0,-142128
-26,176,58,142861,30,48,1,-143028
-27,159,63,143293,27,12,1,-143124
-27,152,63,143580,28,-10,1,143479
-32,154,59,143730,32,-24,1,143864
-31,157,60,143765,36,-42,1,143652
-31,170,63,143699,25,-46,1,143855
-38,181,50,143483,31,-56,1,143602
-36,184,42,143099,25,-60,1,142955
-37,188,50,142581,22,-66,1,142347
-36,185,57,141872,19,-73,1,142027
-20,150,52,140978,0,-49,0,140849
-15,97,36,140141,7,-56,0,140052
-14,28,13,139432,76,-129,0,139386
-8,-13,2,138850,104,-581,0,-138310
1,-30,-10,138363,-35,-629,0,138810
8,-49,-28,137957,-58,-565,0,137417
31,-60,-50,137650,-107,-497,1,137278
35,-76,-65,137534,-95,-480,1,137364
37,-84,-67,137592,-94,-473,1,137418
35,-90,-58,137737,-91,-480,1,138188
34,-85,-46,137952,-95,-485,1,137986
34,-77,-45,138268,-101,-474,1,138720
21,-55,-37,138782,-71,-445,0,139233
1,-42,-25,139494,-13,-455,0,139550
9,-12,-21,140404,-76,-294,0,140558
-13,53,-11,141518,59,78,0,141450
-37,131,10,142825,54,85,1,-142629
-33,165,33,144086,26,87,1,-143933
-44,173,32,145092,43,80,1,-144923
-48,185,20,145908,38,87,1,-145669
-40,194,24,146706,32,95,1,-146836
-36,188,35,147418,44,108,1,-147238
-37,177,37,147876,38,48,1,-147714
-25,156,31,148100,16,28,1,-147985
-22,139,30,148219,17,25,0,-148082
-30,137,38,148333,31,5,1,-148423
-43,144,46,148401,52,-26,1,148235
-41,151,45,148349,41,-43,1,148463
-46,163,35,148151,45,-55,1,147970
-42,172,28,147747,37,-59,1,147878
-32,163,24,147164,30,-49,1,147029
-40,154,39,146476,50,-73,1,146639
-71,151,62,145611,79,-121,1,145424
-57,119,64,144644,59,-111,1,144733
-48,75,59,143664,97,-199,1,143819
-35,41,39,142728,100,-175,1,142701
-24,-6,12,141926,219,-407,0,-142136
-21,-28,1,141274,114,-534,0,-140722
3,-44,-22,140662,-54,-567,0,141130
32,-58,-54,140229,-117,-494,1,139891
41,-74,-81,139987,-97,-459,1,140106
44,-75,-83,139943,-100,-435,1,140097
34,-80,-63,140065,-94,-456,1,140011
26,-80,-36,140276,-89,-497,1,139817
23,-81,-27,140559,-79,-514,0,141087
24,-68,-23,140982,-93,-505,0,141149
5,-54,-22,141612,-40,-502,0,141529
3,-13,-13,142481,-68,-410,0,142666
-17,38,2,143496,88,76,0,-143531
-17,104,33,144525,25,72,0,-144520
-35,135,58,145626,41,43,1,-145477
-38,149,62,146705,22,46,1,-146853
-17,146,56,147582,-8,32,0,147681
-13,149,41,148193,-4,48,0,148064
-12,158,36,148671,-6,72,0,148545
-3,150,41,149199,-19,66,0,149024
-8,145,46,149677,-2,45,0,149563
-16,136,49,150054,4,17,0,-150152
0,134,55,150323,-26,0,0,-150426
5,142,67,150511,-25,-17,0,150317
1,156,79,150608,-12,-39,0,150701
-4,173,84,150557,0,-60,0,150750
-6,214,97,150361,-3,-80,0,-150437
10,244,87,150134,-15,-72,0,150164
9,218,38,149777,-2,-34,0,149958
-2,154,12,149217,13,-11,0,149107
-16,78,15,148553,51,-57,0,148494
-21,26,33,147839,89,-194,0,147914
-21,7,51,147140,93,-341,0,147439
-17,-9,57,146538,47,-378,0,-146720
0,-22,45,146051,-24,-425,0,-146183
3,-42,21,145681,-39,-591,0,-146245
22,-58,-14,145436,-106,-593,0,145925
46,-78,-68,145368,-103,-491,1,145015
40,-95,-95,145539,-61,-455,1,145746
25,-83,-77,145897,-29,-442,1,145480
0,-84,-40,146263,-19,-512,0,146124
9,-80,-19,146578,-52,-555,0,147165
6,-72,-7,146927,-47,-576,0,147387
1,-63,-5,147384,-25,-573,0,146853
-2,-39,1,148006,-3,-558,0,147501
-16,-7,12,148750,177,-290,0,-148634
-26,26,22,149626,128,-35,1,149710
-30,77,42,150622,38,14,1,-150544
-21,102,57,151484,12,27,0,-151523
-13,132,56,152210,-5,33,0,152069
-16,157,48,152959,-8,78,0,152982
14,174,52,153693,-54,58,0,-153797
9,180,57,154423,-29,74,0,-154600
1,176,61,155053,-16,48,0,-154909
-5,159,59,155541,-6,23,0,155429
-6,142,58,155885,-10,2,0,155733
-12,133,57,156093,17,-2,0,155928
-24,139,63,156168,36,-14,0,156288
-33,153,68,156067,46,-32,1,156012
-37,173,60,155716,43,-41,1,155889
-29,192,48,155115,27,-40,1,154936
-31,198,41,154307,27,-51,1,154136
-28,189,40,153252,19,-51,1,153096
-36,149,44,152141,22,-52,1,152305
-17,94,50,151087,8,-111,0,151095
-22,49,58,150217,45,-199,0,150078
-25,25,56,149488,87,-285,1,149121
-33,1,44,148817,128,-340,1,148620
-22,-4,36,148151,114,-368,0,-148379
-4,-24,5,147425,24,-618,0,-146820
10,-52,-31,146905,-47,-556,0,147449
33,-70,-53,146559,-99,-500,1,146877
51,-87,-66,146345,-130,-476,1,146132
70,-93,-69,146289,-151,-450,1,146043
56,-94,-53,146467,-131,-463,1,146749
36,-82,-29,146845,-119,-498,1,146544
31,-63,-15,147332,-120,-487,1,147001
10,-58,-10,147917,-60,-536,0,148441
15,-25,4,148639,-145,-443,0,-148901
-13,-2,14,149517,154,-238,0,-149628
-18,45,26,150549,54,33,0,-150567
-20,82,42,151633,21,31,0,-151603
-32,115,40,152661,47,54,1,-152588
-26,148,38,153494,39,80,1,-153418
-48,167,35,154306,59,72,1,-154138
-43,185,44,155254,8,76,1,-155279
-6,192,63,156199,-37,71,0,156348
-8,187,72,156997,-17,42,0,157065
-8,174,74,157434,-14,0,0,157206
-6,153,68,157586,-12,-15,0,-157518
-7,135,64,157609,-1,-26,0,-157556
-14,132,68,157613,10,-40,0,157519
-26,140,69,157560,25,-53,1,157574
-32,154,62,157392,29,-58,1,157260
-35,164,57,157066,27,-68,1,157038
-27,167,60,156534,10,-54,1,156619
-25,162,64,155774,8,-60,1,155828
-37,125,68,154998,24,-120,1,154887
-28,106,103,154365,5,-174,0,154177
-26,87,105,153780,19,-198,1,153670
-13,63,67,153196,27,-206,0,153288
-17,13,2,152600,173,-200,0,152687
9,-16,-29,152029,-102,-466,0,151665
33,-35,-52,151624,-138,-460,1,151865
40,-59,-75,151524,-107,-444,1,151150
25,-72,-82,151661,-56,-446,1,152043
27,-66,-70,151863,-77,-435,1,151765
30,-76,-58,152069,-96,-464,1,152570
31,-77,-47,152347,-97,-461,1,152265
28,-64,-30,152768,-102,-462,1,152917
15,-50,-19,153348,-73,-478,0,153279
5,-22,4,154023,-60,-500,0,-153722
-14,9,31,154712,79,-173,0,154786
-34,55,68,155410,79,-65,1,155468
-43,57,72,156026,90,-87,1,155950
-55,68,68,156745,100,-65,1,156760
-45,88,69,157552,53,-45,1,157531
-11,142,62,158567,-11,54,0,158691
-17,176,53,159666,2,80,0,-159608
-9,194,55,160612,-21,86,0,160729
7,187,61,161365,-46,68,0,-161472
16,171,68,161978,-44,55,0,-161884
1,168,76,162428,-15,18,0,-162440
-6,161,86,162659,1,-19,0,162688
-16,161,84,162595,15,-49,0,162788
-19,172,76,162330,12,-63,0,162520
-22,182,67,161976,11,-74,0,161816
-20,192,61,161522,9,-67,0,161365
-5,187,62,161045,10,-92,0,161223
-9,163,62,160655,1,-77,0,160597
5,128,64,160239,-23,-100,0,160093
4,94,76,159819,-30,-124,0,159801
7,74,89,159414,-32,-195,0,159357
5,75,90,159016,-30,-192,0,159132
3,63,43,158667,-41,-106,0,158623
13,0,-49,158485,-57,-377,0,-158315
6,-63,-96,158449,-19,-445,0,158522
13,-79,-100,158580,1,-450,0,-158359
-6,-91,-84,158784,35,-476,0,159158
-27,-99,-58,159021,41,-500,1,158901
-23,-88,-28,159220,30,-532,0,159649
-20,-86,-13,159342,23,-553,0,158745
1,-68,-7,159504,-20,-571,0,159103
-2,-56,-16,159821,1,-528,0,160376
-13,-30,-16,160369,59,-428,0,160765
-6,8,-13,161104,55,-93,0,-161081
7,77,-5,162088,-44,123,0,162100
-5,128,18,163147,-8,116,0,163244
-18,167,43,164101,12,88,0,-164303
-13,176,56,164987,-6,78,0,165046
-12,174,46,165713,-4,64,0,165787
-13,171,39,166321,-6,54,0,166144
-21,175,42,166906,10,59,0,-166745
-16,168,47,167373,4,41,0,-167275
-20,154,47,167673,15,22,0,-167493
-16,138,48,167859,10,7,0,-167690
-20,136,52,167975,17,-6,0,168094
-25,144,61,167994,21,-27,1,168067
-28,155,62,167858,23,-44,1,167731
-34,162,57,167595,26,-61,1,167476
-34,171,58,167206,18,-79,1,167369
-41,182,60,166616,24,-80,1,166446
-24,160,54,165849,10,-74,0,165657
-25,118,57,165112,26,-104,1,165073
-23,65,54,164428,47,-161,0,164512
-30,33,62,163823,71,-249,1,163665
-25,5,70,163283,41,-305,1,162962
-14,-4,69,162812,0,-363,0,-162528
8,-15,25,162476,-98,-473,0,-162569
13,-59,-36,162308,-36,-588,0,161914
13,-65,-51,162236,-26,-518,0,162781
21,-80,-67,162174,-45,-491,0,161954
40,-77,-61,162172,-109,-465,1,161947
35,-85,-45,162340,-107,-494,1,162811
39,-75,-28,162675,-115,-488,1,162451
5,-80,-13,163147,-29,-563,0,163617
-2,-60,3,163740,-13,-573,0,163223
0,-36,11,164358,-31,-505,0,-164811
6,-6,16,165100,-90,-290,0,-165254
-31,32,21,165975,142,-46,1,166108
-28,86,49,166949,26,-5,1,166980
-17,123,70,167828,-2,6,0,167868
-22,133,68,168609,14,37,0,-168541
-29,148,51,169299,11,32,1,-169409
-27,165,42,169989,-8,56,1,170156
-4,179,47,170652,-39,90,0,170621
0,185,55,171164,-35,58,0,-171017
