-13,99,3,-462,2,-2,0,-417
-13,99,4,-498,2,-2,0,-412
-13,100,3,-534,3,-3,0,-638
-13,101,4,-573,-1,-3,0,593
-16,104,3,-611,3,-7,0,-514
-22,126,7,-658,0,-11,0,-758
-42,163,2,-714,-12,-23,1,607
-10,159,12,-856,-83,16,0,-910
24,145,28,-1131,-110,-22,0,-1158
-13,150,28,-1267,-37,-24,0,1093
-30,135,-3,-1221,-7,-42,1,-1137
-14,63,-9,-1246,7,-35,0,1216
-19,32,27,-1253,83,-132,0,-1056
-37,65,79,-1075,42,-167,1,-1176
-37,107,90,-765,21,-165,0,-603
-31,139,64,-583,11,-148,1,-521
-19,177,44,-807,0,-104,0,-973
-23,194,59,-1250,-18,-116,0,1134
-4,172,85,-1537,-46,-148,0,1606
10,127,77,-1784,-44,-144,0,-1642
1,70,37,-2013,-22,-153,0,-1842
-4,29,11,-2210,14,-136,0,-2112
-6,-14,-7,-2419,66,-620,0,-2904
2,-45,-18,-2579,-31,-674,0,-2193
7,-71,-36,-2698,-35,-610,0,-2219
-1,-102,-69,-2760,-11,-568,0,2265
1,-102,-57,-2704,-36,-552,0,-2262
8,-79,-28,-2605,-61,-562,0,-2175
3,-52,-6,-2452,-37,-598,0,-3030
-20,-23,0,-2305,154,-450,0,2140
-15,28,14,-2165,75,-70,0,-2149
-17,78,36,-1974,16,-8,0,-2011
-21,114,44,-1770,19,7,0,1717
-10,140,53,-1492,-15,15,0,-1377
-16,161,55,-1255,18,22,0,1145
-35,170,55,-982,25,15,1,895
-23,167,52,-585,-10,13,0,-716
-8,164,42,-175,-19,19,0,-37
-17,157,36,90,4,3,0,-247
-21,156,43,266,5,4,0,-427
-13,154,58,378,-9,-33,0,-509
-6,153,71,382,-20,-58,0,-398
-7,155,75,323,-20,-86,0,-466
-12,160,70,241,-18,-114,0,-127
-14,176,59,109,-16,-103,0,-129
-6,203,57,-47,-22,-107,0,164
-4,223,38,-314,-12,-82,0,411
-7,207,16,-782,-4,-63,0,1003
-14,154,14,-1303,-4,-72,0,1481
-13,100,30,-1789,2,-116,0,-1786
-16,71,55,-2249,14,-222,0,-2151
-23,56,63,-2675,32,-243,0,-2740
-21,43,53,-3177,33,-231,0,-3240
-1,-5,2,-3836,23,-626,0,3225
27,-58,-59,-4262,-112,-564,1,-4835
43,-73,-88,-4420,-85,-510,1,-4318
21,-90,-104,-4425,-28,-504,0,-4238
10,-100,-78,-4396,-57,-521,0,-4926
25,-87,-42,-4392,-113,-539,1,-4905
20,-78,-13,-4359,-104,-568,0,-4866
11,-46,17,-4240,-88,-521,0,4837
6,-11,39,-4109,-65,-344,0,4402
2,26,44,-3933,-36,-136,0,-4047
-21,55,49,-3704,36,-76,0,-3593
-12,91,45,-3529,-2,16,0,-3495
-28,126,43,-3405,19,-13,1,-3359
-13,162,54,-3434,-8,24,0,-3565
-21,174,60,-3503,1,20,0,3391
-10,171,64,-3530,-20,17,0,-3372
1,162,65,-3534,-22,7,0,3391
-6,169,68,-3514,-11,-2,0,3416
5,175,84,-3507,-22,-19,0,-3402
-6,166,90,-3554,-6,-77,0,3411
-8,152,75,-3681,-12,-94,0,3808
-13,145,59,-3788,-8,-107,0,3586
-22,155,52,-3910,1,-109,0,-3985
-22,174,56,-4064,0,-116,0,-3886
-23,189,55,-4303,0,-113,0,-4129
-22,190,64,-4631,-8,-122,0,4737
-19,196,95,-5126,-17,-148,0,5133
3,141,63,-5757,-34,-115,0,-5789
-1,67,27,-6186,1,-133,0,-6391
-27,15,9,-6535,232,-292,1,-6227
-27,-18,-6,-6927,207,-531,1,-6623
-16,-39,-13,-7360,59,-610,0,-7875
3,-52,-25,-7878,-44,-614,0,-7330
25,-70,-57,-8409,-93,-552,1,-8901
54,-78,-87,-8815,-129,-485,1,-8997
61,-84,-83,-9022,-143,-472,1,-8796
49,-76,-57,-8994,-148,-482,1,-8723
35,-69,-34,-8837,-137,-518,1,-8269
30,-54,-25,-8573,-143,-482,1,-8228
14,-22,-12,-8148,-133,-458,0,-7821
-20,19,2,-7612,158,-106,0,-7501
-33,90,25,-7009,50,-22,0,-6951
-25,141,51,-6502,16,12,1,6620
-43,159,57,-6131,23,3,1,5993
-22,168,61,-5849,-9,15,0,-5726
-21,161,58,-5719,0,7,0,5852
-19,150,49,-5720,5,0,0,5861
-17,147,39,-5723,12,9,0,5881
-33,147,34,-5735,41,5,1,5848
-29,149,41,-5728,30,0,1,5858
-32,158,59,-5728,27,-24,1,-5867
-27,170,82,-5745,10,-64,1,-5797
-33,168,78,-5806,13,-115,1,-5656
-39,176,65,-5991,9,-117,1,-6096
-41,220,77,-6162,4,-124,1,-6357
-38,256,51,-6507,7,-99,1,-6171
-30,233,2,-7152,5,-73,1,-7000
-32,165,-10,-7901,11,-90,1,7742
-36,115,26,-8596,29,-127,1,-8634
-23,68,34,-9337,46,-167,0,-9347
-32,28,24,-10049,140,-261,1,-9937
-28,14,24,-10801,150,-293,1,-11149
6,-4,-1,-11588,-256,-539,0,-12194
39,-30,-39,-12218,-172,-492,1,-12007
52,-65,-97,-12724,-104,-486,1,-12327
56,-91,-115,-13115,-103,-475,1,-12950
72,-83,-82,-13402,-172,-452,1,-13690
67,-85,-48,-13437,-179,-486,1,-13585
54,-77,-31,-13268,-161,-499,1,-13031
24,-76,-21,-12939,-98,-565,0,-12443
21,-52,-13,-12460,-110,-514,0,-13040
-4,-15,-5,-11885,43,-525,0,-11329
-11,43,5,-11198,35,34,0,11162
-26,94,26,-10511,27,38,0,10604
-17,121,47,-10002,10,10,0,10069
-29,123,43,-9744,40,7,1,9839
-39,138,34,-9645,68,14,1,9579
-63,156,26,-9491,79,-1,1,-9703
-49,164,25,-9250,48,17,1,9358
-52,170,30,-8989,50,-4,1,-9130
-57,172,44,-8732,50,-23,1,-8837
-45,166,58,-8649,34,-32,1,-8519
-38,154,60,-8672,25,-63,1,-8569
-35,143,54,-8780,23,-84,1,-8856
-42,138,47,-8968,33,-102,1,-9165
-51,146,53,-9162,38,-123,1,-8964
-63,169,51,-9477,39,-162,1,-9510
-62,186,51,-9932,33,-112,1,-9779
-51,184,50,-10461,16,-128,1,-10249
-46,150,54,-11080,28,-144,1,-11099
-47,122,80,-11718,34,-192,1,-11616
-30,88,81,-12328,21,-222,1,-12537
-23,51,59,-12874,47,-248,0,-12942
-8,16,24,-13364,70,-299,0,-13651
-13,-15,-12,-13824,139,-539,0,-14182
-18,-44,-48,-14327,50,-545,0,-13812
19,-56,-76,-14856,-84,-509,0,-15302
36,-81,-98,-15327,-103,-501,1,-14939
39,-88,-87,-15549,-103,-493,1,-15636
20,-84,-62,-15531,-71,-514,0,-16022
0,-86,-39,-15404,-45,-552,0,-15954
9,-78,-24,-15244,-78,-560,0,-14777
16,-51,-7,-15019,-108,-543,0,-14586
-5,-19,5,-14691,35,-529,0,15168
-27,22,28,-14282,122,-142,1,-14126
-11,57,40,-13796,-18,-44,0,13760
-1,92,32,-13330,-20,23,0,-13420
-8,145,32,-12937,3,48,0,12815
-37,173,33,-12547,42,36,1,12711
-38,177,25,-12190,28,41,1,12070
-39,185,23,-11718,20,45,1,11639
-41,188,32,-11124,23,38,1,11253
-38,181,42,-10763,24,19,1,10936
-20,173,51,-10818,4,-12,0,-10946
-8,164,56,-11067,-12,-41,0,11136
-11,158,60,-11244,-11,-63,0,11125
-23,165,56,-11353,0,-89,0,-11402
-35,181,43,-11472,8,-104,1,-11296
-34,197,29,-11699,3,-94,1,-11543
-28,199,25,-12183,7,-62,1,-12139
-31,181,35,-12865,10,-78,1,-12941
-35,136,46,-13570,21,-112,1,-13821
-39,100,72,-14208,34,-200,0,-14227
-42,83,85,-14877,41,-239,1,-15096
-19,66,56,-15558,26,-210,0,-15461
2,34,7,-16306,-2,-93,0,-16330
-27,-3,-24,-17090,185,-424,1,-17364
24,-16,-46,-17874,-135,-464,0,-17569
68,-48,-88,-18698,-166,-455,1,-18518
101,-77,-110,-19266,-186,-448,1,-18945
97,-84,-92,-19445,-186,-433,1,-19096
79,-73,-53,-19250,-189,-430,1,-18961
50,-58,-30,-18725,-161,-445,1,-18478
1,-47,-9,-17964,-32,-600,0,-17479
-15,-24,3,-17098,91,-488,0,17261
-27,25,20,-16345,131,-87,1,-16154
-37,68,35,-15673,79,-70,1,-15731
-35,108,40,-14957,27,-3,0,-14866
-19,139,45,-14259,3,23,0,14096
-11,151,50,-13659,-2,24,0,-13807
-27,148,39,-13243,30,8,1,13062
-21,140,22,-12993,23,17,0,12874
-37,146,19,-12771,45,13,1,12644
-32,161,26,-12487,34,27,1,12376
-44,170,34,-12235,50,6,1,12126
-43,172,49,-12058,33,-18,1,-12190
-40,171,63,-11904,19,-51,1,-12015
-41,176,70,-11892,16,-87,1,-12009
-45,192,66,-12137,19,-99,1,-12213
-46,224,54,-12685,14,-89,1,-12579
-33,239,31,-13410,-6,-87,1,13537
-19,205,24,-14178,-5,-77,0,14316
-21,161,38,-14980,7,-80,0,-14939
-23,107,41,-15840,18,-115,0,-15850
-17,60,46,-16600,11,-198,0,-16410
-15,36,53,-17270,12,-271,0,-17003
-5,-1,9,-17844,72,-430,0,17497
7,-32,-27,-18303,-59,-573,0,-17785
29,-51,-86,-18729,-60,-513,1,-19307
41,-68,-132,-18969,-71,-463,1,-19323
42,-67,-115,-18974,-90,-438,1,-19433
23,-66,-70,-18859,-80,-461,0,-18489
11,-62,-28,-18670,-74,-524,0,-19073
9,-59,-14,-18414,-58,-589,0,-17829
-15,-40,0,-18011,60,-565,0,17529
-23,-16,7,-17521,183,-395,0,17745
-29,28,31,-16992,95,-125,1,-16993
-37,58,60,-16520,62,-101,1,-16637
-36,85,61,-16029,45,-58,1,-16065
-27,122,50,-15359,1,0,1,15278
-11,158,37,-14737,-8,44,0,-14601
-25,173,25,-14359,13,29,1,14505
-21,188,28,-13940,-15,34,0,-14058
5,185,44,-13393,-46,22,0,13561
0,179,54,-13058,-16,4,0,13197
-6,162,54,-13039,-2,-22,0,12905
-4,147,47,-13232,4,-31,0,-13065
-21,150,53,-13343,12,-53,0,-13460
-26,166,75,-13330,4,-85,1,-13495
-34,181,70,-13431,17,-109,1,-13531
-34,199,51,-13743,9,-112,1,-13599
-28,216,43,-14170,0,-97,1,-14291
-20,215,38,-14775,-1,-88,0,14593
-24,183,39,-15527,7,-99,0,-15431
-19,141,49,-16329,2,-124,0,-16158
-20,101,52,-17150,17,-159,0,-16947
-22,72,59,-18008,28,-209,0,-18176
-9,44,46,-18842,-8,-231,0,18800
11,9,16,-19553,-170,-300,0,-19955
28,-25,-18,-20117,-202,-577,1,-19468
41,-60,-68,-20495,-110,-537,1,-21034
46,-76,-107,-20762,-85,-484,1,-20643
51,-84,-110,-20882,-101,-463,1,-20534
38,-89,-66,-20734,-114,-491,1,-20827
33,-75,-19,-20384,-136,-524,1,-19818
18,-63,-1,-19959,-82,-589,0,-20422
-10,-35,7,-19495,60,-546,0,19989
-44,-8,23,-19024,208,-299,1,19341
-16,25,26,-18673,52,-104,0,-18606
-17,71,48,-18279,15,-42,0,-18214
-33,107,58,-17782,31,-26,0,-17665
-23,127,63,-17303,1,-11,0,-17354
-22,139,60,-16872,-8,1,0,-16706
-15,152,57,-16508,-32,39,0,-16623
-7,165,56,-16205,-31,-1,0,16331
2,165,59,-15992,-37,-9,0,-16070
0,167,64,-15923,-30,-9,0,-16067
3,162,79,-15991,-31,-58,0,-16062
20,156,87,-16184,-48,-87,0,-16276
22,150,95,-16409,-40,-113,0,-16531
9,156,97,-16622,-17,-137,0,-16516
2,176,93,-16821,-20,-114,0,-16700
-10,194,77,-16998,-7,-104,0,17024
-26,208,66,-17182,4,-119,1,-17384
-24,205,64,-17448,5,-117,0,-17615
-30,185,57,-17939,25,-120,1,-18147
-28,155,36,-18789,26,-109,1,-18870
-18,72,3,-19735,22,-100,0,-19772
4,31,0,-20461,-58,-73,0,-20357
17,-1,-26,-21038,-151,-390,0,-21301
26,-44,-82,-21480,-71,-491,1,-21033
26,-71,-100,-21815,-75,-484,1,-21668
39,-79,-78,-22102,-120,-491,1,-22512
41,-91,-53,-22331,-131,-523,1,-22007
42,-89,-30,-22446,-138,-538,1,-21842
42,-78,-18,-22413,-137,-542,1,-21869
28,-63,-17,-22170,-101,-525,1,-21697
4,-21,-7,-21712,-39,-529,0,-22254
-23,20,11,-21137,168,-104,0,-21077
-30,62,30,-20567,68,-61,1,-20497
-16,103,42,-19988,0,-17,0,-20036
-35,124,56,-19532,29,-35,1,-19474
-41,144,55,-19325,40,-1,1,-19417
-38,151,51,-19089,23,9,1,18956
-24,172,59,-18780,9,19,0,18883
-18,185,65,-18448,0,20,0,18672
-10,181,70,-18227,-11,-10,0,18377
-2,172,76,-18123,-17,-29,0,17957
-6,154,85,-18069,-9,-70,0,17937
-20,143,91,-18046,6,-103,0,-18137
-31,144,87,-18060,17,-123,1,-17979
-33,163,81,-18176,19,-124,1,-17991
-34,194,80,-18465,23,-129,1,-18440
-35,204,54,-18990,24,-113,1,-19103
-31,188,37,-19704,20,-125,1,-19484
-30,157,40,-20494,20,-114,1,-20676
-24,115,46,-21363,26,-140,0,-21420
-32,83,55,-22314,69,-193,1,-22485
-48,63,52,-23319,98,-212,1,-23425
-24,37,36,-24256,50,-239,0,-24184
6,2,8,-25022,-191,-354,0,-24685
21,-51,-49,-25630,-118,-573,0,-26178
49,-70,-57,-26022,-148,-525,1,-26486
58,-98,-76,-26189,-117,-523,1,-25634
36,-114,-73,-26191,-69,-549,1,-25649
26,-102,-47,-26043,-75,-566,1,-26520
14,-83,-29,-25765,-57,-583,0,-26265
-13,-70,-22,-25378,24,-570,0,-24927
-16,-38,0,-24807,56,-510,0,24843
-16,4,20,-24164,131,-245,0,-24074
-54,32,19,-23372,186,-142,1,-23418
-22,87,17,-22436,-9,28,0,-22503
-15,134,39,-21565,-28,30,0,-21653
-20,156,36,-20854,-21,40,0,-20961
-13,162,34,-20373,-24,25,0,-20245
-4,174,41,-20004,-32,22,0,-20141
2,171,46,-19687,-28,36,0,19548
-11,169,46,-19519,1,12,0,19644
-8,167,54,-19467,-8,-21,0,19597
-13,161,59,-19429,2,-34,0,-19284
-17,155,64,-19430,0,-62,0,-19218
-15,153,62,-19521,-7,-81,0,19645
-16,161,62,-19704,-9,-95,0,19507
-20,181,65,-19966,-4,-109,0,19831
-19,191,48,-20376,1,-104,0,-20335
-26,176,35,-20894,4,-99,1,-20851
-23,167,55,-21414,-5,-122,0,21340
-23,157,66,-21944,0,-115,0,-21775
-13,132,46,-22553,-1,-147,0,22574
-15,90,34,-23214,33,-133,0,-23165
-30,39,14,-23950,147,-205,1,-24038
-24,6,2,-24702,274,-344,0,-24618
4,-25,-16,-25447,-70,-596,0,-24930
30,-66,-57,-26184,-122,-566,1,-25712
65,-82,-76,-26702,-149,-508,1,-27003
39,-100,-71,-26987,-74,-554,1,-27404
26,-99,-50,-27145,-87,-566,1,-26658
41,-88,-34,-27323,-137,-547,1,-26701
49,-81,-36,-27351,-149,-508,1,-27641
44,-55,-25,-27031,-164,-479,1,-26859
16,-26,-17,-26338,-112,-451,0,-26456
-16,28,-6,-25405,100,-54,0,25465
-33,92,32,-24435,32,17,0,24349
-40,116,74,-23992,24,-42,1,-23965
-47,108,61,-23793,44,-60,0,-23707
-27,109,64,-23570,14,-32,0,-23606
-30,136,65,-23191,23,-9,1,-23135
-35,145,62,-22775,34,-6,1,-22624
-32,150,60,-22428,28,-5,1,-22326
-31,156,66,-22144,23,-32,1,-22197
-20,157,79,-21999,7,-52,0,-21786
-15,153,85,-22006,6,-66,0,-21875
-12,152,89,-22011,-6,-87,0,21857
-12,153,94,-21981,-5,-107,0,21884
-21,163,95,-22021,5,-114,0,-22171
-30,179,82,-22170,12,-111,1,-22021
-38,196,70,-22438,21,-132,1,-22424
-38,214,76,-22857,16,-129,1,-22885
-36,208,68,-23458,17,-124,1,-23424
-35,179,54,-24281,20,-122,1,-24082
-18,116,34,-25278,19,-116,0,-25241
-19,60,22,-26186,43,-146,0,-26314
0,26,5,-26979,-35,-113,0,-26926
12,-17,-31,-27636,-110,-490,0,-27256
3,-50,-60,-28168,-80,-533,0,-27736
39,-68,-74,-28569,-160,-514,1,-27945
49,-88,-83,-28800,-121,-509,1,-29133
26,-94,-67,-28771,-58,-527,1,-29268
6,-85,-38,-28636,-21,-572,0,-28034
5,-84,-25,-28551,-27,-600,0,-28040
7,-79,-18,-28444,-46,-597,0,-27961
8,-58,-8,-28211,-57,-609,0,-27743
3,-29,-6,-27893,-45,-586,0,-28298
-4,15,-1,-27470,37,34,0,-27461
-10,66,14,-26891,10,38,0,26977
-4,108,34,-26262,-26,30,0,-26334
-3,146,43,-25506,-26,34,0,-25380
-17,175,54,-24807,0,29,0,24688
-30,176,54,-24404,13,20,1,24530
-18,173,48,-24103,-18,11,0,-24243
-6,172,49,-23776,-30,10,0,-23635
-16,170,53,-23500,-11,-18,0,23362
-16,164,58,-23306,-26,-31,0,23453
5,151,67,-23312,-47,-58,0,-23500
5,151,74,-23580,-37,-81,0,-23734
6,160,79,-23947,-41,-105,0,-23842
2,168,73,-24309,-40,-120,0,-24134
9,173,68,-24589,-53,-129,0,-24667
8,178,73,-24682,-50,-132,0,-24619
20,179,84,-24684,-57,-146,0,-24628
24,160,80,-24729,-46,-153,0,-24776
-2,123,66,-24796,-13,-156,0,24694
-11,78,46,-24890,12,-168,0,-25083
-25,36,35,-25035,87,-244,1,-24947
-26,7,28,-25245,140,-359,1,-25464
-15,-12,7,-25526,155,-528,0,24865
-12,-54,-61,-25868,14,-577,0,-26438
6,-83,-103,-26181,-58,-498,0,-26557
22,-92,-102,-26337,-70,-486,0,-26475
19,-87,-60,-26364,-70,-515,0,-25793
22,-78,-14,-26356,-83,-576,0,-25803
17,-67,10,-26321,-64,-588,0,25855
8,-52,6,-26214,-33,-615,0,25628
-20,-39,8,-25947,91,-504,0,25801
-12,-3,19,-25587,93,-312,0,25216
-9,38,28,-25118,4,-54,0,-25117
-3,97,37,-24617,-27,16,0,-24679
-14,148,47,-24101,-4,3,0,-24209
-18,177,57,-23612,-8,1,0,-23719
-19,178,55,-23196,-15,3,0,-23044
9,171,56,-22857,-49,-4,0,-23012
14,159,59,-22643,-36,-19,0,-22764
-5,142,61,-22484,5,-20,0,-22385
-20,146,70,-22381,12,-56,0,-22419
-18,162,84,-22307,-1,-67,0,22405
-13,169,94,-22245,-14,-82,0,22081
-10,170,92,-22277,-17,-100,0,22410
-15,177,76,-22480,-12,-108,0,22366
-8,186,67,-22854,-15,-112,0,23000
-8,204,68,-23445,0,-117,0,-23406
-24,214,53,-24310,16,-104,0,-24181
-26,190,37,-25304,6,-97,1,-25137
-24,143,40,-26187,6,-92,0,-26278
-17,98,46,-27021,10,-151,0,-26959
-15,66,44,-27818,15,-160,0,-27740
3,34,22,-28600,-46,-155,0,-28470
26,0,-10,-29312,-282,-400,1,29433
41,-37,-52,-29930,-117,-511,1,-30047
35,-75,-87,-30462,-61,-517,1,-29946
49,-92,-83,-30828,-116,-506,1,-31195
53,-112,-63,-31022,-141,-526,1,-31692
46,-117,-32,-31071,-133,-554,1,-31670
57,-90,-4,-30937,-160,-519,1,-31266
35,-68,-6,-30577,-103,-537,1,-30057
4,-36,-5,-30028,-29,-595,0,-30501
-14,-4,0,-29302,263,-359,0,29208
-16,34,2,-28451,60,0,0,28467
-6,87,19,-27451,-34,47,0,-27512
-11,128,24,-26332,-28,52,0,-26213
-16,170,39,-25455,-22,44,0,-25560
-22,180,42,-24965,-8,38,0,-24877
-15,171,34,-24603,-21,34,0,-24746
-16,163,36,-24235,-12,34,0,-24074
-17,159,43,-23990,1,38,0,23860
-26,173,54,-23875,0,-2,1,-24003
4,180,75,-23720,-47,-38,0,-23638
21,178,96,-23613,-57,-71,0,-23688
16,171,96,-23754,-39,-101,0,-23635
7,173,83,-23980,-33,-112,0,-23840
-2,192,74,-24122,-29,-119,0,24282
-8,219,62,-24287,-19,-131,0,24238
-6,230,56,-24597,-12,-98,0,24743
-11,207,42,-25121,1,-91,0,-25239
-11,152,32,-25785,7,-94,0,-25683
-24,92,36,-26446,41,-120,0,-26495
-35,61,42,-27148,75,-186,1,-27344
-13,33,31,-27841,19,-225,0,-27652
12,6,8,-28423,-247,-332,0,-28348
23,-28,-42,-28872,-127,-496,0,-29042
13,-61,-80,-29242,-63,-511,0,-29574
29,-82,-87,-29531,-104,-508,1,-29408
44,-108,-70,-29741,-119,-532,1,-30281
52,-107,-43,-29860,-127,-548,1,-30346
48,-93,-25,-29824,-116,-547,1,-30298
32,-78,-26,-29606,-73,-545,1,-29115
16,-54,-21,-29213,-68,-543,0,-28787
-1,-23,-10,-28663,3,-531,0,-28155
-22,18,0,-28077,177,-100,0,-28028
-26,60,27,-27425,48,-51,1,-27424
-9,95,51,-26863,-10,-14,0,26764
-29,113,59,-26309,25,-19,1,-26267
-17,154,60,-25695,-7,12,0,-25825
-37,173,49,-25150,12,21,1,25247
-17,189,45,-24667,-18,43,0,-24803
-28,201,61,-24244,-1,26,1,-24134
-16,190,86,-24142,3,-11,0,-24226
-15,169,95,-24278,1,-60,0,-24086
-9,154,100,-24374,-17,-94,0,24460
-9,151,102,-24372,-20,-115,0,24489
-20,164,99,-24411,-5,-124,0,24563
-30,185,85,-24533,3,-125,1,-24410
-33,206,68,-24719,1,-123,1,-24669
-25,208,47,-25018,-1,-101,1,24889
-20,195,41,-25478,-2,-96,0,25376
-14,167,40,-26066,-6,-125,0,25896
-10,136,45,-26713,-6,-94,0,26798
-7,104,42,-27459,0,-133,0,-27521
-8,74,28,-28303,4,-130,0,-28249
4,34,-1,-29186,-62,-75,0,29266
32,-9,-43,-29937,-181,-441,1,-30206
49,-66,-102,-30458,-113,-491,1,-30582
50,-90,-116,-30644,-106,-485,1,-30246
42,-89,-85,-30606,-104,-484,1,-30253
24,-91,-45,-30512,-93,-538,0,-29959
33,-81,-18,-30405,-127,-549,1,-29950
41,-65,-8,-30198,-148,-515,1,-30474
17,-42,-7,-29776,-103,-556,0,-30271
-2,0,-2,-29190,198,-297,0,29673
-7,47,12,-28517,16,54,0,28517
-23,97,22,-27632,30,26,0,27528
-41,147,37,-26563,22,17,1,26456
-37,163,51,-25699,14,15,1,25812
-38,168,55,-25084,12,10,1,24900
-20,171,60,-24606,-20,8,0,-24705
-4,177,69,-24147,-26,0,0,-24255
-8,171,70,-23732,-7,-14,0,23632
-14,157,68,-23462,1,-47,0,-23389
-23,144,67,-23346,17,-59,0,-23518
-24,138,77,-23348,12,-78,0,-23457
-28,145,90,-23430,18,-100,1,-23336
-42,160,89,-23669,31,-117,1,-23757
-38,175,78,-24144,25,-136,1,-24087
-25,193,65,-24874,22,-115,1,-25047
-31,195,53,-25959,48,-113,1,-26062
-54,189,54,-27224,56,-131,1,-27217
-54,163,47,-28478,38,-138,1,-28457
-44,129,47,-29557,31,-125,1,-29586
-34,115,51,-30507,10,-155,1,-30681
-9,77,20,-31472,-16,-131,0,31281
-2,27,-11,-32310,-20,-139,0,-32447
9,-37,-62,-33009,-74,-524,0,-33441
37,-77,-89,-33513,-104,-529,1,-32942
31,-104,-105,-33756,-61,-524,1,-33280
13,-103,-80,-33714,-37,-524,0,-33209
2,-87,-45,-33532,-15,-554,0,-32935
-16,-79,-25,-33263,44,-562,0,-33705
-35,-69,-15,-32952,91,-543,1,-33434
-32,-39,-2,-32576,123,-473,1,-32424
-38,-16,7,-32156,203,-352,1,31777
-15,14,19,-31726,77,-137,0,-31546
-9,61,38,-31232,-7,-54,0,31197
-29,95,54,-30711,24,-30,0,-30597
-6,116,48,-30127,-27,9,0,-30207
-22,144,29,-29475,5,43,0,29590
-23,171,26,-28841,-10,53,0,-28722
-19,192,38,-28225,-14,50,0,-28298
-25,204,59,-27655,-12,31,1,-27903
-7,189,76,-27342,-18,-12,0,27170
-9,171,80,-27408,-4,-56,0,27594
-9,156,72,-27683,-8,-78,0,27830
-12,141,62,-27973,-4,-96,0,28066
-18,147,60,-28255,1,-104,0,-28293
-25,168,58,-28559,6,-110,1,-28525
-35,185,55,-28943,14,-120,1,-29145
-33,185,56,-29462,12,-121,1,-29636
-32,162,59,-30117,19,-158,1,-30128
-36,128,63,-30831,30,-162,1,-30799
-36,100,68,-31587,37,-194,0,-31624
-33,78,67,-32356,39,-218,1,-32436
-10,55,37,-33152,14,-159,0,-33271
5,7,-11,-34004,-90,-287,0,34206
21,-34,-48,-34799,-86,-508,0,-34394
36,-65,-69,-35512,-90,-544,1,-35027
57,-81,-73,-36022,-143,-510,1,-36325
78,-89,-70,-36336,-169,-491,1,-36094
65,-92,-57,-36430,-150,-502,1,-36621
45,-84,-33,-36257,-144,-526,1,-36736
40,-74,-20,-35923,-155,-527,1,-36536
49,-46,-17,-35453,-206,-466,1,-35696
31,-12,-23,-34768,-187,-317,1,-34377
-16,33,-22,-33793,73,-83,0,33826
-44,90,27,-32608,39,-19,0,-32515
-22,102,52,-31559,-8,-15,0,31498
-44,124,47,-30710,32,-8,1,-30634
-25,196,39,-29610,-37,47,1,-29531
-8,228,43,-28455,-77,57,0,-28570
24,224,59,-27896,-106,61,0,27746
43,197,71,-28081,-76,-8,1,-27991
24,169,81,-28360,-44,-34,0,-28208
13,164,98,-28480,-36,-79,0,-28572
4,173,110,-28575,-23,-105,0,-28454
-5,187,99,-28766,-15,-121,0,28917
-17,202,79,-28975,-11,-127,0,29133
-26,225,62,-29255,-4,-110,1,29421
-11,237,57,-29737,-6,-98,0,29840
-11,220,52,-30373,-3,-97,0,30246
5,187,57,-31044,-33,-112,0,-31114
11,137,32,-31728,-41,-99,0,-31494
2,70,-4,-32365,-36,-37,0,32302
16,25,-34,-32924,-101,-267,0,33247
17,-7,-66,-33405,-58,-405,0,-33670
7,-53,-100,-33832,-8,-501,0,-34183
15,-78,-99,-34201,-59,-497,0,-33905
42,-84,-79,-34545,-124,-499,1,-34638
48,-99,-66,-34828,-127,-516,1,-35431
57,-89,-54,-34929,-133,-497,1,-35156
34,-82,-44,-34777,-92,-523,1,-34259
29,-52,-32,-34388,-108,-460,1,-34754
30,-8,-19,-33776,-217,-312,1,-33289
9,48,-9,-32849,-46,37,0,-32876
-12,105,11,-31675,6,63,0,31720
-7,137,40,-30489,-23,34,0,-30602
-31,154,42,-29343,-1,19,1,-29217
-7,168,32,-28409,-42,49,0,-28269
-1,185,31,-27706,-37,61,0,-27781
-4,202,30,-27169,-21,66,0,-27300
-20,203,41,-26685,-6,49,0,-26876
-14,193,57,-26336,-14,18,0,-26168
-9,184,73,-26246,-12,-26,0,26220
-9,178,80,-26409,-8,-61,0,26619
-14,177,78,-26714,-7,-86,0,26874
-18,187,71,-27116,-8,-102,0,26982
-25,204,61,-27649,-5,-114,1,27807
-29,221,49,-28283,-8,-101,1,28394
-28,238,58,-28944,-8,-104,1,29091
-20,231,56,-29780,0,-77,0,-29906
-31,193,48,-30824,18,-109,1,-30966
-14,144,26,-32040,-3,-90,0,32249
4,69,-1,-33193,-48,-58,0,33277
14,21,-12,-34155,-159,-208,0,34089
34,-10,-44,-34951,-185,-444,1,-35207
56,-43,-102,-35565,-136,-464,1,-35793
87,-45,-128,-35828,-140,-414,1,-35555
69,-60,-112,-35703,-121,-419,1,-35519
53,-73,-61,-35379,-145,-478,1,-35646
46,-68,-31,-34996,-161,-500,1,-35217
26,-73,-26,-34524,-111,-540,1,-34023
9,-50,-23,-33841,-65,-512,0,-34212
-19,3,-3,-32962,279,-214,0,33042
-29,63,21,-32064,80,-41,1,-32115
-88,96,40,-31104,156,-80,0,-31154
-62,118,47,-30388,74,-32,1,-30338
-54,131,44,-29694,51,-35,1,-29558
-38,150,47,-28945,16,-11,1,-29078
-25,162,50,-28344,0,0,1,28220
-26,165,50,-27776,0,-3,1,-27889
-28,174,65,-27215,-2,-19,1,27306
-23,178,86,-26868,3,-35,0,-26659
-35,163,87,-26748,20,-82,1,-26860
-27,146,70,-26747,8,-100,1,-26845
-27,135,52,-26815,14,-98,1,-26748
-25,142,49,-26961,8,-92,1,-27048
-28,158,56,-27156,10,-102,1,-27331
-28,172,63,-27479,4,-119,1,-27568
-18,180,63,-28011,1,-148,0,-28001
-32,169,55,-28720,21,-126,1,-28870
-32,146,61,-29558,18,-144,1,-29532
-29,103,51,-30382,27,-161,0,-30301
-37,71,62,-31147,59,-225,1,-31024
-31,43,32,-31937,82,-225,1,-31845
-5,11,-10,-32747,32,-217,0,32534
30,-18,-68,-33571,-113,-484,1,-33535
51,-50,-110,-34329,-108,-472,1,-34761
74,-60,-125,-34842,-133,-434,1,-35107
75,-67,-102,-35094,-154,-424,1,-34885
77,-67,-73,-35098,-179,-436,1,-34909
66,-64,-50,-34770,-181,-429,1,-34439
44,-48,-37,-34153,-148,-426,1,-33911
14,-6,-30,-33294,-76,-279,0,-33605
-64,42,-10,-32472,220,-150,1,32385
-48,84,22,-31663,85,-29,1,-31626
-43,122,24,-30648,53,12,1,30661
-49,167,30,-29592,19,24,1,29462
-25,202,40,-28621,-14,47,1,-28440
-25,206,43,-27857,-20,46,1,-27668
-6,201,57,-27321,-33,61,0,-27219
-10,190,71,-26935,-13,0,0,-27081
-15,177,81,-26797,1,-43,0,-26732
-11,166,85,-26942,1,-77,0,-27020
-12,159,83,-27169,-4,-92,0,27325
-6,169,85,-27396,-12,-111,0,27549
-16,182,76,-27695,2,-122,0,-27811
-29,191,58,-28165,13,-118,1,-28391
-28,183,51,-28754,10,-113,1,-28856
-27,156,52,-29426,21,-126,1,-29225
-44,128,66,-30150,52,-170,1,-30131
-48,105,70,-30845,47,-199,0,-30872
-37,92,70,-31564,43,-182,0,-31722
-27,83,45,-32531,40,-173,1,-32754
-9,53,-1,-33763,5,-60,0,33763
49,-32,-92,-34715,-147,-471,1,-34473
65,-55,-119,-35128,-109,-449,1,-34970
46,-77,-109,-35172,-80,-468,1,-35059
35,-86,-82,-35140,-97,-495,1,-35050
34,-88,-52,-35176,-126,-525,1,-35668
46,-77,-41,-35243,-159,-507,1,-34952
49,-66,-38,-35149,-162,-490,1,-34899
35,-43,-31,-34752,-148,-439,1,-34447
5,0,-24,-34071,-64,-261,0,33853
-31,50,17,-33302,90,-66,1,-33329
-22,67,39,-32638,18,-34,0,-32574
-18,99,38,-31996,-8,7,0,-31918
0,164,36,-31253,-39,50,0,31362
-5,215,48,-30441,-24,50,0,-30253
-10,231,61,-29757,-25,40,0,-29918
-8,218,60,-29363,-14,33,0,-29310
-29,189,54,-29321,36,9,1,29233
-45,169,57,-29643,58,-28,1,-29525
-35,158,64,-30101,27,-59,1,-30027
-30,150,63,-30481,5,-89,1,-30715
-35,151,55,-30835,11,-99,1,-30875
-41,157,51,-31260,17,-112,1,-31457
-42,165,50,-31791,17,-121,1,-31995
-51,176,58,-32394,23,-137,1,-32430
-58,181,63,-33025,30,-120,1,-33242
-54,169,73,-33750,28,-132,1,-33693
-44,145,73,-34539,19,-165,1,-34478
-43,102,51,-35310,48,-177,0,-35089
-26,62,19,-36096,53,-154,1,-35941
-10,25,-22,-36828,50,-221,0,36658
0,-19,-77,-37472,-21,-434,0,-37799
12,-64,-100,-38171,-56,-490,0,-38039
61,-63,-93,-38854,-153,-449,1,-38594
83,-73,-77,-39329,-176,-451,1,-39066
78,-76,-50,-39462,-189,-470,1,-39804
74,-63,-31,-39226,-214,-449,1,-38982
55,-45,-28,-38650,-199,-446,1,-38786
16,-15,-22,-37740,-138,-403,0,-37498
-20,39,0,-36615,96,-9,0,-36697
-41,95,25,-35486,47,-6,0,-35548
-33,136,57,-34353,-7,-3,1,34470
-43,157,64,-33353,-6,-4,1,33466
-36,173,66,-32616,-19,5,1,-32704
-25,182,66,-32125,-24,16,1,-32149
-12,192,84,-31801,-29,-18,0,31912
18,196,110,-31687,-42,-46,0,-31609
0,180,112,-31729,-16,-68,0,-31611
5,154,99,-31897,-28,-102,0,-31769
-1,138,82,-32101,-21,-109,0,32198
-17,141,78,-32265,-4,-110,0,32439
-30,165,85,-32452,7,-121,1,-32339
-31,189,86,-32805,6,-136,1,-32852
-27,194,77,-33322,2,-135,1,-33340
-27,177,61,-33928,2,-150,1,-33926
-27,144,51,-34534,10,-131,1,-34520
-24,108,55,-35177,13,-160,0,-35253
-11,77,59,-35832,-5,-195,0,35663
1,45,41,-36454,-32,-210,0,-36525
2,15,10,-37038,-60,-180,0,-36897
13,-5,-28,-37559,-127,-445,0,-37733
13,-59,-97,-38015,-70,-536,0,-38522
36,-79,-107,-38383,-103,-479,1,-37974
50,-80,-88,-38507,-117,-476,1,-38893
22,-92,-60,-38432,-66,-537,0,-37939
27,-82,-43,-38305,-79,-534,1,-38809
16,-78,-32,-38139,-59,-549,0,-38565
14,-53,-10,-37880,-78,-554,0,-37283
15,-14,9,-37491,-177,-393,0,37699
-7,3,18,-36911,71,-221,0,-37025
-5,33,26,-36162,7,-80,0,-36149
0,85,34,-35170,-11,12,0,35090
-24,155,47,-34014,34,25,0,33863
-62,181,45,-32895,74,8,1,32922
-62,190,38,-31948,40,4,1,31809
-59,184,37,-31014,4,3,1,31110
-30,178,56,-30200,-43,9,1,-30017
-4,167,75,-29682,-45,-21,0,29476
-12,157,77,-29521,-11,-57,0,29627
-19,154,78,-29559,-2,-72,0,29684
-21,152,78,-29673,1,-84,0,-29563
-29,155,69,-29915,12,-88,1,-29761
-34,169,59,-30301,12,-98,1,-30338
-32,184,56,-30813,7,-104,1,-30881
-27,199,60,-31479,0,-92,1,-31312
-22,197,55,-32314,-2,-110,0,32432
-26,171,48,-33279,6,-114,1,-33033
-22,120,42,-34272,6,-129,0,-34077
-25,74,45,-35231,32,-206,1,-35088
-24,38,42,-36105,59,-225,0,-36299
-4,14,22,-36931,5,-270,0,-37204
16,-13,-17,-37651,-159,-524,0,-37258
28,-48,-59,-38284,-94,-516,1,-38880
43,-70,-84,-38761,-102,-502,1,-38599
60,-73,-81,-39034,-141,-477,1,-39183
51,-80,-61,-39095,-140,-496,1,-39314
41,-78,-39,-38927,-131,-515,1,-39632
29,-66,-24,-38537,-114,-526,1,-38077
14,-48,-11,-37941,-84,-543,0,-38481
0,-17,0,-37178,-13,-604,0,37756
-41,35,25,-36296,164,-113,1,-36099
-56,69,44,-35419,114,-107,1,-35360
-62,97,51,-34644,95,-58,0,-34649
-39,122,48,-34050,40,-13,1,-34123
-53,135,49,-33441,61,-15,1,-33299
-60,148,56,-32837,58,-23,1,-33021
-76,150,63,-32258,72,-64,1,-32408
-75,148,81,-31797,63,-69,1,-31940
-58,137,86,-31521,49,-89,1,-31661
-60,132,83,-31385,68,-98,1,-31315
-65,137,95,-31416,60,-124,1,-31334
-63,144,107,-31519,44,-142,1,-31610
-63,161,114,-31689,31,-162,1,-31641
-78,193,104,-31947,30,-177,1,-31876
-56,195,73,-32304,6,-143,1,-32282
-33,170,60,-32756,9,-131,1,-32718
-42,134,55,-33342,36,-177,1,-33331
-36,84,56,-33967,37,-197,1,-33796
-20,49,59,-34553,16,-251,0,-34314
-23,19,48,-35120,58,-322,0,-34916
-16,7,33,-35595,59,-358,0,-35456
0,-21,-1,-36068,-20,-719,0,-36393
20,-54,-41,-36500,-85,-588,0,-35976
32,-80,-86,-36858,-64,-534,1,-36331
47,-90,-100,-37108,-103,-481,1,-37220
62,-82,-77,-37156,-141,-463,1,-36930
51,-66,-46,-36927,-153,-479,1,-37157
32,-47,-25,-36492,-134,-477,1,-36808
2,-22,-8,-35876,-31,-553,0,-36360
-22,1,10,-35181,239,-267,0,-34966
-45,39,30,-34370,158,-93,1,-34454
-64,86,55,-33532,87,-77,1,-33470
-48,106,67,-32786,23,-50,0,-32820
-22,140,67,-32135,-4,-6,0,32088
-44,160,58,-31506,21,2,1,31668
-10,173,49,-31079,-22,36,0,-31169
1,166,45,-30745,-26,38,0,30895
-12,163,52,-30379,-15,35,0,-30234
-8,160,66,-30092,-13,-19,0,30066
-13,160,75,-29951,-3,-47,0,29751
-12,157,76,-29890,-2,-69,0,29788
-11,160,71,-29915,-5,-82,0,29792
-8,173,67,-30036,-8,-89,0,30183
-9,191,61,-30253,-6,-97,0,30401
-5,201,49,-30651,-6,-98,0,30496
-9,199,41,-31189,-8,-66,0,31094
-13,178,38,-31815,-4,-69,0,31899
-12,132,37,-32418,-4,-84,0,32345
-12,82,32,-33043,29,-135,0,-33267
-45,49,46,-33792,126,-253,1,-33614
-41,38,51,-34560,91,-281,1,-34691
-15,20,34,-35332,45,-267,0,-35615
11,0,2,-36080,-346,-408,0,-35883
5,-17,-42,-36744,-52,-465,0,-36443
22,-60,-102,-37348,-96,-509,0,-36875
55,-67,-112,-37840,-129,-465,1,-37511
53,-74,-101,-38026,-116,-458,1,-38185
44,-71,-79,-37903,-112,-462,1,-38284
38,-61,-64,-37605,-103,-428,1,-37648
26,-49,-44,-37140,-99,-440,1,-37061
1,-22,-27,-36462,-12,-419,0,-36809
-34,8,-5,-35624,275,-207,1,35540
-45,56,18,-34756,116,-86,1,-34792
-57,94,57,-34046,67,-61,0,-34016
-35,116,61,-33533,18,-24,1,-33426
-38,140,65,-33040,15,11,1,33248
-32,159,69,-32541,11,-1,1,-32722
-28,163,65,-32151,-2,1,1,-32109
-22,165,60,-31891,-2,3,0,-31775
-25,171,81,-31734,-4,-23,1,31489
-26,165,100,-31708,2,-66,1,-31556
-14,155,115,-31728,-10,-102,0,31588
-16,146,116,-31748,-4,-128,0,31892
-27,143,100,-31811,11,-140,1,-31793
-34,158,91,-31911,17,-137,1,-31961
-43,181,85,-32087,28,-139,1,-32010
-47,191,71,-32449,33,-139,1,-32447
-42,183,56,-33031,31,-126,1,-33218
-44,162,57,-33765,36,-163,1,-33746
-39,141,64,-34534,23,-155,1,-34433
-32,101,47,-35270,41,-161,0,-35100
-40,80,27,-36128,79,-144,1,-36273
-11,42,-2,-37271,31,-82,0,37371
30,4,-39,-38350,-189,-383,1,37936
68,-43,-90,-39210,-155,-458,1,-38991
93,-62,-116,-39754,-141,-447,1,-39532
80,-73,-107,-39897,-135,-446,1,-39571
70,-76,-69,-39799,-181,-460,1,-39492
73,-65,-47,-39556,-217,-449,1,-39872
60,-52,-38,-39091,-202,-432,1,-39422
11,-27,-23,-38372,-80,-472,0,-38015
-49,0,1,-37652,344,-257,1,-37754
-28,31,22,-36779,101,-93,1,-36739
-39,72,22,-35657,74,-27,1,-35684
-45,136,24,-34503,38,17,1,34382
-38,178,48,-33606,-5,24,1,-33790
-28,182,49,-33132,-9,31,1,-33252
-12,179,49,-32827,-38,37,0,-32946
15,191,73,-32418,-63,15,0,32363
8,184,88,-32058,-30,-7,0,-32201
0,156,77,-31990,-11,-62,0,-31762
-3,135,60,-32063,-16,-68,0,32201
2,136,67,-32032,-28,-74,0,-32135
-10,157,81,-31937,-5,-86,0,31830
-23,185,86,-31869,-3,-93,0,31961
-4,195,82,-31824,-23,-120,0,31934
0,207,69,-32130,-6,-117,0,-32121
-7,207,52,-32827,2,-100,0,-32933
-9,179,53,-33662,-5,-110,0,33688
-7,150,75,-34357,-21,-150,0,34412
-1,125,46,-34966,-9,-123,0,34998
-9,53,-14,-35647,36,-112,0,35655
-13,7,-26,-36389,89,-345,0,36661
2,-19,-45,-37182,-40,-494,0,-37066
16,-43,-63,-37825,-84,-517,0,-37266
36,-62,-85,-38370,-102,-497,1,-37947
53,-73,-93,-38827,-124,-471,1,-38438
74,-75,-79,-39160,-170,-456,1,-39381
84,-72,-68,-39223,-193,-442,1,-38941
77,-61,-64,-38925,-178,-418,1,-39250
37,-45,-51,-38237,-108,-388,1,-38029
1,0,-28,-37290,-31,-283,0,37045
-46,45,8,-36285,138,-81,1,-36206
-52,72,40,-35392,45,-68,1,-35330
-27,112,54,-34748,-48,-13,1,34759
13,144,73,-34582,-76,-7,0,-34703
12,163,73,-34698,-31,3,0,34672
-16,179,71,-34621,-21,36,0,-34806
19,176,84,-34530,-53,-27,0,-34363
16,164,86,-34494,-33,-20,0,-34415
10,163,87,-34403,-14,-32,0,-34445
-10,164,92,-34335,4,-62,0,-34517
-9,158,87,-34437,-3,-90,0,34332
-8,145,75,-34610,-13,-93,0,34750
-10,149,76,-34771,-11,-117,0,34686
-18,165,80,-34988,-1,-122,0,34868
-20,183,79,-35351,0,-135,0,-35450
-11,192,84,-35842,-2,-139,0,35862
-14,179,77,-36510,16,-114,0,-36366
-50,149,67,-37446,76,-160,1,-37491
-48,119,60,-38509,56,-175,1,-38558
-26,85,51,-39556,28,-180,1,-39505
-8,51,28,-40508,8,-163,0,-40636
38,19,-11,-41313,-225,-301,1,41104
3,-31,-62,-41967,0,-482,0,41517
8,-46,-76,-42589,-57,-482,0,-42986
72,-55,-86,-43179,-195,-447,1,-43519
82,-85,-97,-43524,-167,-455,1,-43783
54,-82,-64,-43464,-143,-478,1,-43216
46,-69,-38,-43184,-156,-490,1,-43410
30,-57,-36,-42715,-119,-502,1,-42848
2,-21,-21,-41956,-55,-443,0,-41584
1,17,-20,-40999,-46,-101,0,41070
-38,94,0,-39856,58,-11,0,-39911
-68,141,43,-38776,36,-18,1,-38821
-35,160,59,-37963,-22,7,1,-38115
-14,186,68,-37096,-52,18,0,-36920
2,195,73,-36437,-69,18,0,36488
19,189,76,-35988,-77,6,0,35897
20,178,70,-35694,-73,-15,0,-35786
21,155,64,-35569,-55,-31,0,-35349
9,143,58,-35605,-33,-45,0,-35751
2,139,63,-35712,-23,-55,0,-35820
0,146,78,-35818,-16,-73,0,-35697
-19,156,81,-35995,14,-96,0,-35863
-23,163,70,-36321,9,-109,0,-36213
-22,176,66,-36754,0,-119,0,-36611
-11,188,70,-37292,-11,-126,0,37166
-14,189,60,-37942,-4,-140,0,37939
-36,185,63,-38559,11,-129,1,-38580
-21,151,49,-39221,10,-121,0,-39415
-22,97,31,-39994,46,-129,0,-40191
-23,46,13,-40877,90,-142,0,-40781
-12,0,4,-41823,251,-402,0,-41530
5,-37,2,-42568,-93,-704,0,42117
16,-65,14,-43125,-130,-652,0,43554
47,-62,6,-43482,-208,-584,1,43846
20,-63,-49,-43722,-90,-580,0,-43212
31,-75,-91,-43852,-91,-507,1,-43752
31,-80,-91,-43753,-71,-487,1,-43842
14,-76,-68,-43431,-32,-493,0,-43090
-4,-62,-50,-42971,1,-487,0,-42545
-12,-46,-32,-42504,37,-472,0,-42959
-23,-16,-3,-42033,208,-395,0,-42356
-26,15,5,-41392,206,-140,1,-41467
-37,91,16,-40639,58,4,0,40685
-35,151,41,-39932,21,21,1,39780
-32,169,55,-39288,-1,17,1,-39397
-13,171,56,-38824,-20,25,0,-38705
-5,173,56,-38484,-23,23,0,-38594
-8,175,60,-38207,-15,2,0,-38309
-17,163,61,-37987,4,-20,0,-38138
-21,146,62,-37840,11,-51,0,-37709
-19,133,63,-37759,6,-67,0,-37777
-16,136,71,-37705,-4,-80,0,37830
-11,154,91,-37694,-11,-114,0,37775
-17,173,92,-37836,3,-128,0,-37717
-33,191,78,-38145,22,-135,1,-38211
-48,209,75,-38596,32,-136,1,-38611
-40,207,73,-39251,21,-131,1,-39272
-31,172,70,-40012,19,-115,1,-40158
-30,120,59,-40897,31,-134,1,-40712
-28,79,46,-41900,43,-157,1,-41830
-13,32,35,-42905,23,-240,0,-42862
3,-1,23,-43718,-71,-390,0,43792
19,-18,-5,-44357,-207,-550,0,-44972
36,-33,-48,-44823,-141,-509,1,-44623
47,-50,-99,-45095,-100,-462,1,-45560
52,-51,-119,-45159,-108,-421,1,-45531
53,-59,-105,-45087,-126,-417,1,-45480
46,-58,-74,-44875,-145,-434,1,-44599
39,-53,-56,-44489,-141,-436,1,-44241
19,-39,-40,-43920,-102,-425,0,-43603
-13,8,-5,-43152,187,-161,0,43158
-23,53,23,-42318,45,-26,0,-42320
-28,99,40,-41486,14,-4,0,-41555
-42,144,71,-40705,1,5,1,40953
-28,142,61,-40191,-7,0,1,-40020
-33,172,52,-39671,6,21,1,39518
-36,202,59,-39172,0,25,1,39371
-13,195,78,-38773,-25,12,0,-38884
5,177,85,-38536,-31,-16,0,-38518
-1,166,89,-38528,-4,-49,0,38577
-10,158,88,-38693,10,-78,0,-38831
-15,156,83,-38903,0,-95,0,-38764
-26,160,78,-39111,11,-113,1,-38986
-42,179,79,-39355,22,-132,1,-39418
-40,200,76,-39724,18,-136,1,-39711
-43,205,68,-40358,30,-129,1,-40348
-49,186,66,-41191,32,-139,1,-41096
-32,142,69,-42104,22,-155,1,-42029
-16,88,50,-42982,26,-167,0,-42815
-45,38,36,-43886,152,-244,1,-43820
-61,45,50,-44913,126,-284,1,-44598
-16,30,31,-45966,24,-238,0,-45941
20,10,3,-46865,-281,-291,0,-46902
51,-13,-46,-47547,-191,-444,1,-47279
49,-55,-104,-48115,-92,-469,1,-47647
92,-65,-114,-48531,-174,-429,1,-48382
99,-70,-92,-48623,-188,-422,1,-48271
68,-67,-65,-48314,-165,-453,1,-48541
34,-61,-44,-47744,-115,-485,1,-48096
9,-47,-30,-47073,-62,-525,0,-46570
-10,-31,-14,-46334,41,-509,0,-46385
-10,0,-7,-45429,173,-235,0,45374
-36,57,14,-44378,82,-58,1,-44326
-37,91,42,-43455,23,-26,0,-43496
-20,126,64,-42790,-9,-10,0,42763
-45,146,64,-42184,7,-12,1,-42039
-17,167,61,-41738,-35,16,0,-41908
0,178,65,-41398,-47,20,0,41342
1,178,69,-41202,-34,9,0,41005
-3,168,75,-41141,-20,-16,0,41035
-3,156,81,-41110,-20,-42,0,41058
2,150,91,-41079,-29,-68,0,-41189
5,145,100,-41042,-30,-96,0,-41186
0,137,94,-41030,-20,-116,0,-41201
-6,140,85,-41051,-11,-129,0,40974
-16,155,81,-41121,3,-123,0,-40991
-21,179,81,-41318,7,-111,0,-41465
-22,198,77,-41664,5,-107,0,-41549
-23,196,66,-42144,11,-121,0,-42111
-26,184,77,-42750,11,-138,1,-42641
-19,153,72,-43452,7,-147,0,-43504
-19,113,68,-44226,16,-195,0,-44087
-9,85,52,-45075,2,-170,0,-45267
3,31,6,-45903,-51,-72,0,-45860
25,-1,-28,-46575,-188,-411,1,-46287
41,-36,-77,-47053,-115,-460,1,-46641
38,-57,-101,-47346,-87,-459,1,-47381
48,-59,-101,-47474,-112,-448,1,-47309
46,-70,-94,-47464,-118,-455,1,-47330
36,-69,-64,-47283,-116,-481,1,-47486
25,-65,-42,-46981,-98,-516,1,-46486
13,-65,-41,-46587,-61,-522,0,-47017
11,-51,-35,-46025,-63,-487,0,-45578
-5,-10,-21,-45216,32,-360,0,-45508
-44,29,-7,-44142,181,-150,1,44158
-18,81,10,-43022,-28,66,0,-43037
1,137,15,-42219,-31,74,0,42043
-48,190,17,-41339,20,16,1,41469
-31,223,17,-40366,-42,40,1,-40320
49,240,43,-39482,-120,15,1,39592
62,215,67,-38972,-103,-17,1,-39141
44,176,65,-39100,-64,-42,1,-39028
27,148,51,-39581,-25,-44,1,-39441
2,125,40,-39876,-10,-41,0,-39864
2,114,41,-39842,-37,-43,0,-39925
8,131,60,-39664,-49,-60,0,-39506
11,162,87,-39559,-29,-89,0,-39487
-1,193,90,-39670,0,-105,0,-39429
-8,217,76,-40034,14,-138,0,-40055
-19,233,58,-40572,7,-102,0,-40667
-17,232,51,-41221,-6,-71,0,41358
-15,217,57,-41958,-6,-80,0,41795
-15,181,47,-42833,4,-105,0,-42923
-10,124,27,-43751,8,-96,0,-43742
-2,68,9,-44650,-4,-77,0,44648
8,15,-14,-45479,-103,-255,0,45366
16,-17,-26,-46179,-140,-516,0,-46834
48,-39,-62,-46783,-164,-474,1,-47085
59,-65,-94,-47214,-133,-482,1,-47406
68,-59,-100,-47297,-140,-445,1,-47594
51,-72,-99,-47102,-106,-460,1,-46667
37,-73,-82,-46767,-99,-473,1,-46892
22,-66,-60,-46303,-82,-472,0,-46391
1,-58,-51,-45718,-30,-480,0,-45920
-16,-30,-31,-45091,42,-429,0,-45483
-24,-7,-8,-44474,218,-323,0,-44086
-25,30,1,-43968,126,-83,1,-43928
-22,77,15,-43377,23,0,0,43314
-26,140,22,-42570,-18,44,1,-42741
-12,207,42,-41758,-56,52,0,-41971
1,221,63,-41167,-55,12,0,40981
24,207,78,-40774,-74,15,0,40856
17,193,87,-40553,-34,-7,0,-40651
-1,171,80,-40525,-2,-46,0,40601
-1,144,64,-40647,-7,-64,0,40493
-7,127,57,-40731,-11,-69,0,40726
-4,127,69,-40709,-22,-79,0,40804
0,136,85,-40679,-23,-99,0,-40526
-14,147,89,-40742,9,-111,0,-40840
-39,179,97,-41026,29,-117,1,-41184
-47,218,96,-41548,25,-148,1,-41559
-35,232,80,-42266,13,-101,1,-42474
-22,215,68,-43258,10,-92,0,-43053
5,151,37,-44524,0,-74,0,44311
-38,70,21,-45765,116,-148,1,-45655
-36,35,25,-46939,143,-249,1,-46904
-32,-1,25,-48003,180,-376,1,47684
-33,-10,32,-48989,134,-426,1,48761
-19,-16,12,-49922,114,-523,0,49514
6,-33,-25,-50674,-82,-568,0,-51116
45,-46,-75,-51229,-154,-473,1,-51477
72,-65,-118,-51556,-141,-442,1,-51241
76,-75,-115,-51673,-143,-435,1,-51348
60,-72,-76,-51552,-151,-459,1,-51249
44,-65,-44,-51255,-152,-483,1,-51464
31,-54,-32,-50834,-130,-508,1,-51166
11,-36,-26,-50207,-74,-486,0,-50562
-27,-22,-8,-49367,158,-408,1,-49621
1,28,19,-48488,-54,-36,0,-48510
-24,75,35,-47522,40,-41,0,-47581
-51,114,53,-46544,29,-30,1,-46522
-29,149,67,-45702,-31,-3,1,45648
-7,175,73,-45196,-68,9,0,-45092
10,174,70,-44929,-55,12,0,44890
-5,169,60,-44652,-23,22,0,-44793
-14,162,58,-44365,-21,14,0,-44482
7,160,78,-44165,-45,-35,0,-44130
12,159,101,-44023,-37,-57,0,-43807
-7,161,115,-43965,-8,-97,0,43789
-10,163,106,-44089,-8,-124,0,44166
-9,168,86,-44394,-5,-138,0,44304
-21,185,77,-44772,3,-103,0,-44645
-25,200,69,-45275,7,-123,1,-45106
-23,199,59,-45913,2,-90,0,-46060
-21,197,76,-46677,1,-130,0,-46668
-27,173,78,-47518,4,-145,1,-47604
-29,131,62,-48373,12,-154,1,-48324
-25,98,43,-49336,25,-150,0,-49257
-11,54,15,-50423,19,-121,0,-50349
15,29,-9,-51354,-148,-169,0,51386
43,1,-39,-52085,-216,-398,1,51745
56,-40,-80,-52611,-144,-476,1,-52358
42,-52,-113,-52955,-112,-447,1,-53090
67,-64,-132,-53292,-151,-421,1,-53734
78,-72,-106,-53415,-167,-403,1,-53746
57,-61,-69,-53148,-141,-420,1,-52983
28,-54,-43,-52624,-101,-476,1,-52273
8,-37,-24,-51961,-50,-481,0,-51985
-22,0,19,-51228,177,-260,0,-51630
-37,29,40,-50625,117,-169,1,-50448
-33,52,46,-50148,49,-88,1,-50109
-32,84,65,-49717,16,-63,1,-49684
0,126,82,-49391,-35,-31,0,-49405
-28,140,73,-49031,20,-15,1,-48962
-16,153,63,-48725,-7,7,0,-48895
-3,165,48,-48311,-11,35,0,-48139
-20,188,50,-47763,7,36,0,47662
-12,188,63,-47232,-12,25,0,-47336
-9,176,74,-46972,-12,-22,0,46997
1,162,73,-47068,-25,-60,0,-46865
5,147,60,-47325,-34,-76,0,-47135
13,137,55,-47560,-50,-76,0,-47373
3,151,64,-47709,-34,-84,0,-47865
-8,179,72,-47894,-16,-114,0,48021
-15,204,66,-48204,-10,-117,0,48308
-14,210,59,-48620,-5,-107,0,48483
-13,197,63,-49113,0,-115,0,-48991
-8,160,52,-49662,-2,-116,0,49438
-25,101,39,-50232,30,-142,0,-50429
-13,55,51,-50844,6,-192,0,-50729
0,35,59,-51424,-35,-279,0,-51698
6,10,40,-51892,-55,-369,0,-52180
2,-8,14,-52262,-56,-501,0,52719
12,-27,-24,-52589,-90,-558,0,-53020
18,-53,-73,-52913,-61,-530,0,-52466
35,-68,-118,-53174,-88,-477,1,-52777
51,-70,-136,-53297,-97,-437,1,-53527
38,-69,-109,-53202,-89,-430,1,-52778
28,-59,-70,-52931,-94,-444,1,-53061
19,-49,-50,-52524,-86,-450,0,-52400
4,-34,-35,-51965,-50,-433,0,-52089
-23,0,-1,-51299,313,-261,0,51275
-33,38,39,-50638,79,-111,1,-50639
-22,77,66,-50139,0,-67,0,-50049
-24,91,76,-49642,4,-65,0,-49584
-26,116,68,-49142,0,-28,1,-49093
-17,147,71,-48722,-26,-4,0,48781
-10,170,65,-48343,-28,-8,0,48170
-1,179,61,-47966,-47,25,0,-48103
3,174,66,-47670,-35,-6,0,-47872
-3,163,74,-47552,-23,-18,0,47441
0,153,86,-47558,-25,-55,0,-47399
2,153,106,-47669,-20,-97,0,-47797
-4,147,105,-47891,-12,-123,0,48024
-9,144,101,-48123,-5,-141,0,48013
-14,155,101,-48376,4,-148,0,-48274
-26,176,97,-48689,12,-132,1,-48757
-35,191,85,-49101,18,-121,1,-49006
-40,196,83,-49670,26,-143,1,-49699
-38,167,74,-50472,29,-173,1,-50526
-34,122,70,-51276,28,-173,1,-51430
-31,84,68,-52041,36,-209,1,-52146
-23,55,60,-52780,37,-239,0,-52992
-21,35,47,-53491,55,-266,0,-53719
-17,10,19,-54223,113,-318,0,-53898
