-12,99,6,-773,1,3,0,874
-13,99,7,-817,2,1,0,857
-13,99,7,-861,3,1,0,820
-16,100,7,-907,9,-4,0,-1007
-55,115,6,-988,73,-67,1,-913
-74,131,6,-1358,92,-85,1,-1419
-93,133,-5,-2032,107,-104,1,1853
-117,143,-10,-2895,121,-112,1,2985
-128,149,-6,-4072,128,-119,1,4093
-139,126,-15,-5354,145,-139,1,5131
-100,105,-10,-6636,107,-121,0,6649
-72,75,-6,-7918,115,-129,1,7700
-43,50,10,-9199,71,-120,1,-9168
-31,17,34,-10471,68,-243,1,-10367
-20,-6,67,-11511,-16,-366,0,-11716
-27,-35,67,-12277,22,-442,1,11811
-40,-42,82,-12867,33,-431,1,13202
-24,-53,77,-13320,-1,-459,0,-13730
-15,-64,55,-13645,-6,-483,0,-13488
-16,-52,33,-13785,23,-483,0,13362
-13,-28,36,-13724,36,-422,0,13355
3,-9,32,-13583,-50,-314,0,13359
13,18,34,-13391,-98,-144,0,-13472
12,46,44,-13111,-57,-73,0,-13131
-11,57,52,-12840,32,-79,0,-12877
-61,62,60,-12767,143,-149,1,-12793
-63,56,76,-12902,100,-213,1,-12957
-15,41,106,-13122,5,-255,0,-13302
-14,27,115,-13546,32,-306,0,-13728
-66,10,124,-13973,98,-359,1,-14245
-46,-8,123,-14354,62,-381,1,14593
-68,-20,137,-14699,90,-415,1,14452
-74,-26,145,-15014,72,-433,1,15263
-46,-48,122,-15313,44,-473,1,14943
-35,-57,96,-15581,61,-499,1,15722
-72,-67,82,-15840,118,-492,1,15382
-65,-64,82,-16177,96,-469,1,16042
-44,-71,66,-16568,59,-506,1,16729
-46,-81,55,-16971,49,-518,1,16439
-33,-92,50,-17407,12,-534,1,16813
-16,-95,39,-17810,-2,-544,0,-18428
-29,-73,26,-18020,43,-499,1,18423
1,-36,40,-18070,-59,-422,0,18178
20,-12,46,-17980,-124,-331,0,18233
15,15,55,-17763,-89,-191,0,-17842
25,25,42,-17504,-135,-150,1,-17510
32,34,26,-17249,-153,-100,1,-17281
-9,61,57,-17108,37,-87,0,-17071
-50,67,91,-17203,98,-178,1,-17356
-52,42,97,-17488,85,-253,1,-17566
-42,25,110,-17800,59,-291,1,-17604
-29,24,116,-18245,42,-330,1,-18005
-47,-7,119,-18711,81,-398,1,18582
-61,-28,125,-19139,80,-429,1,19303
-47,-40,135,-19478,73,-457,1,19737
-67,-43,129,-19757,94,-424,1,19519
-68,-46,139,-20062,81,-436,1,20313
-58,-46,135,-20360,75,-440,1,20203
-68,-41,123,-20661,88,-415,1,20833
-57,-47,94,-21008,81,-448,1,21418
-58,-57,52,-21344,107,-479,1,21212
-66,-68,35,-21620,112,-474,1,22008
-48,-64,50,-21894,70,-468,1,21553
-21,-62,59,-22176,0,-470,0,22362
-5,-52,52,-22441,-41,-443,0,-22076
5,-26,52,-22580,-64,-363,0,22860
15,-3,63,-22581,-89,-289,0,22908
33,6,64,-22420,-133,-231,1,-22422
9,26,54,-22125,-33,-155,0,-22258
-15,38,47,-21912,77,-101,0,-21948
-17,47,59,-21831,45,-146,0,-22013
-30,49,74,-21813,64,-177,1,-21922
-30,43,87,-21857,49,-208,1,-22013
-40,39,100,-21976,67,-253,1,-21776
-50,35,99,-22323,95,-277,1,-22028
-71,41,122,-22768,90,-300,1,-22921
-46,27,138,-23218,40,-315,1,-23325
-44,10,148,-23645,59,-365,1,-23998
-60,-8,134,-24052,90,-375,1,23654
-88,-9,146,-24479,119,-397,1,24235
-77,-21,124,-24947,112,-409,1,24765
-70,-18,120,-25400,102,-391,1,25336
-68,-20,117,-25875,100,-397,1,25820
-71,-40,83,-26372,115,-436,1,26354
-60,-53,60,-26877,96,-468,1,27007
-52,-74,46,-27261,86,-490,1,27540
-54,-67,44,-27457,104,-448,1,27343
-39,-52,31,-27479,75,-439,1,27298
-2,-36,35,-27319,-43,-436,0,-27437
6,-12,43,-27011,-73,-315,0,26836
11,13,43,-26560,-89,-210,0,-26394
18,37,39,-26039,-99,-92,0,-26014
9,67,42,-25581,-18,-24,0,-25481
-17,75,54,-25297,72,-56,0,-25281
-55,64,51,-25221,154,-131,1,-25307
-70,59,57,-25343,159,-184,1,-25235
-87,56,70,-25664,167,-222,1,-25711
-95,48,80,-26189,164,-270,1,-26585
-101,43,94,-26765,141,-284,1,-26889
-88,41,118,-27325,104,-320,1,-27617
-84,10,106,-27991,127,-369,1,-27754
-89,-16,111,-28592,120,-406,1,28281
-70,-18,122,-29149,78,-411,1,28709
-74,-31,125,-29635,89,-437,1,29190
-72,-39,123,-30093,86,-423,1,29797
-69,-46,112,-30551,95,-449,1,30419
-59,-54,84,-31031,107,-482,1,30948
-56,-74,61,-31554,97,-500,1,31379
-59,-82,40,-32055,91,-496,1,31938
-41,-71,28,-32407,63,-485,1,32572
-28,-50,30,-32516,57,-456,1,32458
-13,-41,33,-32457,17,-450,0,32543
8,-22,46,-32268,-71,-378,0,32517
17,0,43,-31908,-120,-225,0,-31757
23,29,37,-31445,-125,-120,0,-31475
15,58,25,-30893,-59,-1,0,-30905
-26,85,48,-30477,64,-59,1,-30474
-55,69,52,-30421,155,-133,1,-30352
-99,44,68,-30499,205,-234,1,-30480
-88,46,98,-30609,134,-255,1,-30705
-70,31,98,-30952,123,-297,1,-31120
-102,33,99,-31436,175,-308,1,-31604
-87,12,110,-31948,116,-349,1,-32213
-71,17,111,-32434,126,-343,1,-32675
-122,1,103,-32968,179,-356,1,-33036
-93,-13,113,-33552,134,-397,1,33319
-94,-30,110,-34157,144,-407,1,33863
-95,-46,95,-34806,126,-467,1,34422
-77,-53,101,-35420,107,-455,1,35816
-94,-50,88,-35988,141,-430,1,36228
-70,-54,64,-36575,114,-458,1,36694
-57,-62,45,-37076,98,-477,1,37190
-53,-63,39,-37383,83,-460,1,37808
-28,-54,31,-37486,49,-495,1,37760
-11,-44,31,-37374,-9,-468,0,-36891
-4,-31,35,-37121,-32,-419,0,-36994
11,-20,17,-36848,-137,-429,0,36544
25,16,12,-36561,-233,-133,1,-36539
9,54,30,-36185,-43,-15,0,-36192
-42,70,71,-35937,108,-114,1,-35927
-66,46,65,-35916,160,-203,1,-35853
-79,38,98,-35878,146,-237,1,-35923
-77,30,125,-35980,102,-278,1,-36309
-59,27,127,-36253,93,-294,1,-36026
-92,37,132,-36632,117,-304,1,-36533
-39,30,134,-37049,47,-320,1,-37142
-78,20,123,-37501,123,-327,1,-37729
-107,-4,111,-38023,164,-388,1,38308
-87,-19,119,-38541,118,-407,1,38748
-82,-26,117,-39001,130,-432,1,39243
-86,-31,106,-39449,137,-422,1,39702
-84,-38,88,-39919,140,-432,1,39648
-76,-48,64,-40398,137,-453,1,40103
-66,-62,43,-40829,125,-479,1,40587
-60,-58,35,-41141,111,-463,1,41271
-51,-53,36,-41316,83,-445,1,41133
-26,-43,41,-41363,17,-431,1,41012
-4,-30,48,-41259,-54,-383,0,-41038
6,-13,34,-41039,-93,-335,0,41334
8,10,26,-40810,-101,-195,0,-40918
10,33,36,-40538,-72,-87,0,-40518
0,50,60,-40309,0,-103,0,40222
-30,51,78,-40261,85,-160,1,-40430
-59,35,79,-40351,135,-230,1,-40362
-76,40,99,-40491,136,-234,1,-40521
-46,38,117,-40779,71,-265,1,-40569
-73,36,106,-41236,137,-282,1,-41095
-110,21,102,-41789,187,-332,1,-41682
-99,12,117,-42354,137,-330,1,-42154
-87,17,130,-42962,124,-346,1,-42547
-105,2,119,-43632,156,-383,1,-43924
-105,-23,97,-44394,158,-443,1,44113
-91,-34,98,-45076,137,-433,1,45360
-86,-40,89,-45644,140,-425,1,45895
-86,-47,70,-46160,144,-446,1,46428
-74,-56,48,-46652,135,-459,1,46907
-62,-64,46,-47117,83,-465,1,47520
-40,-60,44,-47498,38,-471,1,47178
-20,-61,35,-47713,-6,-498,0,-48027
-9,-49,38,-47687,-15,-487,0,-48051
5,-34,42,-47490,-71,-407,0,47197
10,-12,50,-47159,-80,-306,0,47481
2,7,46,-46750,-37,-240,0,-46720
11,30,42,-46403,-63,-112,0,-46383
0,56,60,-46204,1,-90,0,46117
-25,66,67,-46197,69,-117,1,-46176
-57,52,64,-46298,142,-172,1,-46260
-54,48,80,-46354,87,-213,1,-46533
-58,38,110,-46465,83,-261,1,-46246
-66,48,117,-46758,89,-270,1,-47095
-43,49,136,-47139,60,-285,1,-47507
-59,35,130,-47570,95,-313,1,-47151
-88,21,123,-48051,128,-324,1,-47692
-88,17,119,-48630,153,-364,1,-48182
-96,4,118,-49264,154,-367,1,-49590
-87,0,115,-49871,131,-370,1,-49947
-77,-10,93,-50437,150,-390,1,50188
-86,-21,69,-50991,182,-403,1,50701
-73,-35,59,-51490,150,-419,1,51271
-68,-48,61,-51915,110,-434,1,52039
-59,-56,61,-52188,71,-438,1,51738
-33,-57,50,-52302,19,-459,1,52669
-21,-50,45,-52218,8,-443,0,51777
-17,-34,47,-52055,22,-391,0,51930
-10,-11,51,-51876,20,-327,0,52163
-9,12,49,-51640,28,-196,0,-51552
-10,35,40,-51332,30,-98,0,-51453
-14,68,46,-50926,28,-44,0,-50880
-32,78,57,-50515,75,-88,1,-50470
-58,75,65,-50331,135,-123,1,-50264
-64,67,60,-50373,152,-156,1,-50309
-86,70,72,-50581,165,-197,1,-50606
-98,72,68,-50946,168,-229,1,-50980
-83,65,72,-51496,134,-248,1,-51471
-81,52,80,-52146,145,-261,1,-51732
-104,28,69,-52921,214,-348,1,-53001
-107,12,65,-53662,213,-363,1,-53255
-107,-9,66,-54375,219,-393,1,54550
-118,-15,74,-55026,210,-388,1,55186
-117,-20,79,-55657,206,-388,1,55310
-111,-29,74,-56322,194,-396,1,56691
-86,-34,70,-56931,156,-404,1,57180
-82,-47,63,-57517,144,-428,1,57812
-84,-63,51,-58067,143,-452,1,58307
-64,-67,39,-58529,104,-470,1,58692
-51,-67,30,-58786,87,-479,1,58437
-30,-55,19,-58778,55,-491,1,58495
-12,-35,30,-58451,13,-440,0,58845
-7,-11,31,-57923,11,-329,0,58128
-9,15,22,-57334,51,-145,0,-57158
-16,42,16,-56833,66,-4,0,-56951
-17,81,53,-56402,26,-48,0,-56339
-37,80,64,-56133,72,-112,1,-56149
-62,68,67,-56261,152,-166,1,-56257
-99,52,64,-56496,188,-231,1,-56545
-87,36,77,-56810,172,-271,1,-56440
-106,38,80,-57354,204,-290,1,-57849
-114,41,81,-57986,184,-297,1,-58140
-110,28,89,-58650,178,-325,1,-58565
-118,9,81,-59376,195,-345,1,-58971
-117,-5,88,-60133,185,-372,1,60165
-112,-20,85,-60877,171,-414,1,60624
-93,-32,82,-61571,147,-428,1,61864
-94,-37,79,-62198,147,-424,1,62452
-88,-44,68,-62772,140,-431,1,62506
-73,-55,51,-63361,110,-458,1,63081
-56,-66,50,-63909,66,-480,1,63614
-37,-76,47,-64403,31,-510,1,64051
-13,-65,43,-64765,-30,-490,0,-64878
2,-46,41,-64907,-69,-450,0,64523
15,-24,40,-64863,-110,-395,0,64651
22,0,46,-64750,-132,-250,0,-64686
22,19,44,-64640,-116,-174,0,-64651
14,40,50,-64488,-60,-113,0,-64443
-4,54,62,-64360,22,-121,0,-64257
-46,46,67,-64309,132,-180,1,-64321
-50,33,97,-64308,92,-250,1,-64485
-51,27,108,-64348,104,-278,1,-64097
-64,22,120,-64468,98,-303,1,-64206
-66,18,120,-64677,121,-326,1,-64945
-95,11,125,-64977,135,-337,1,-64557
-68,-3,121,-65347,105,-381,1,65132
-85,-8,122,-65730,140,-390,1,66018
-88,-20,122,-66205,131,-394,1,66475
-89,-38,110,-66770,151,-454,1,66963
-84,-41,104,-67322,139,-435,1,67536
-93,-40,81,-67874,167,-419,1,67597
-82,-46,52,-68486,168,-448,1,68313
-69,-62,40,-69093,132,-481,1,68818
-58,-70,38,-69639,91,-494,1,70121
-38,-70,34,-70042,48,-514,1,70633
-25,-70,23,-70271,10,-523,1,69687
-11,-62,9,-70299,-4,-585,0,-69870
7,-25,20,-70054,-95,-450,0,69683
13,11,34,-69535,-115,-182,0,-69504
0,35,56,-68909,-27,-122,0,-68951
-4,45,58,-68472,-4,-116,0,68369
-5,56,48,-68330,3,-100,0,-68232
-67,70,98,-68300,118,-187,1,-68195
-68,31,94,-68386,115,-268,1,-68185
-55,16,111,-68472,94,-304,1,-68173
-69,9,113,-68661,119,-331,1,-68919
-56,18,120,-68911,92,-328,1,-68716
-64,7,118,-69235,120,-355,1,-69414
-90,-3,112,-69632,146,-366,1,69160
-88,-14,111,-70076,156,-403,1,69763
-108,-29,95,-70610,198,-426,1,70293
-115,-44,92,-71170,192,-435,1,71541
-105,-43,90,-71744,170,-425,1,71974
-90,-50,81,-72336,142,-430,1,72598
-80,-56,75,-72894,117,-437,1,73036
-80,-58,62,-73412,120,-437,1,73540
-69,-56,47,-73886,111,-445,1,74001
-50,-67,24,-74307,59,-480,1,74702
-20,-63,20,-74514,13,-549,0,73987
5,-47,27,-74436,-70,-513,0,73908
3,-25,31,-74092,-65,-410,0,73908
17,6,37,-73653,-126,-217,0,-73506
6,33,50,-73220,-44,-142,0,-73395
0,47,56,-72938,-2,-109,0,-72850
-22,49,51,-72817,93,-107,0,-72787
-58,50,62,-72840,150,-184,1,-72849
-77,44,82,-72955,125,-251,1,-72781
-49,20,108,-73152,64,-300,1,-72864
-70,15,121,-73434,114,-320,1,-73637
-79,13,122,-73805,130,-335,1,-74171
-90,2,136,-74221,126,-357,1,-73767
-71,-2,132,-74670,96,-357,1,74345
-85,-7,125,-75116,144,-384,1,74920
-110,-16,115,-75582,178,-397,1,75281
-110,-19,100,-76152,182,-399,1,75863
-95,-24,79,-76810,180,-414,1,77093
-102,-41,65,-77543,181,-434,1,77805
-81,-45,68,-78252,142,-431,1,78000
-69,-64,53,-78886,108,-472,1,79315
-56,-76,22,-79345,80,-494,1,78884
-41,-59,21,-79565,61,-463,1,79675
-3,-50,32,-79647,-66,-481,0,-79535
11,-30,28,-79555,-123,-429,0,79644
22,7,37,-79320,-159,-215,0,-79274
18,27,32,-79017,-112,-107,0,-78983
-2,44,35,-78737,3,-74,0,-78807
-26,49,44,-78547,93,-103,1,-78575
-40,45,68,-78469,124,-171,1,-78368
-89,45,93,-78468,163,-228,1,-78569
-99,50,122,-78549,144,-241,1,-78494
-88,53,116,-78833,134,-254,1,-78751
-77,53,104,-79303,117,-253,1,-79198
-95,43,104,-79830,135,-299,1,-79463
-93,32,101,-80388,131,-343,1,-80845
-90,15,109,-80959,133,-339,1,-81362
-89,-7,102,-81591,146,-402,1,81806
-92,-22,106,-82221,143,-420,1,81959
-81,-30,102,-82820,125,-412,1,82509
-84,-45,86,-83397,138,-448,1,83163
-77,-49,72,-83933,126,-452,1,83542
-60,-57,51,-84427,95,-480,1,84089
-46,-65,28,-84781,72,-505,1,84718
-28,-58,23,-84936,46,-524,1,84436
-13,-52,29,-84878,3,-515,0,84396
-8,-36,35,-84611,-13,-430,0,-84775
-4,-8,53,-84096,-29,-290,0,-84338
-2,15,60,-83471,-31,-197,0,83684
-3,36,56,-82952,-20,-121,0,83056
-10,57,53,-82566,6,-75,0,-82639
-16,68,65,-82419,23,-102,0,-82313
-30,67,70,-82484,47,-140,1,-82573
-34,58,94,-82643,60,-197,1,-82541
-53,52,120,-82938,82,-245,1,-82725
-63,48,115,-83409,106,-274,1,-83158
-64,38,125,-83895,101,-303,1,-83611
-76,33,122,-84417,105,-302,1,-84120
-63,17,131,-84948,89,-347,1,-84608
-92,3,134,-85481,133,-365,1,-85213
-92,5,127,-86048,138,-360,1,-86481
-80,3,107,-86672,143,-364,1,-86864
-85,-11,84,-87362,164,-393,1,87140
-84,-30,61,-88069,174,-427,1,88432
-73,-40,51,-88701,148,-445,1,88843
-53,-51,46,-89175,95,-476,1,89593
-36,-64,31,-89482,50,-519,1,90045
-28,-58,31,-89539,23,-497,1,89115
-9,-43,35,-89347,-21,-461,0,-89306
-15,-20,32,-89024,36,-379,0,88798
-4,-11,32,-88653,-6,-358,0,-88840
-3,18,51,-88197,-16,-174,0,88071
-12,40,71,-87796,26,-145,0,-87584
-33,39,73,-87593,90,-179,1,-87694
-61,27,77,-87519,140,-235,1,-87506
-82,23,107,-87523,116,-266,1,-87218
-52,18,151,-87673,45,-293,1,-88005
-56,18,148,-87967,70,-306,1,-87644
-54,36,125,-88376,76,-291,1,-88119
-55,34,117,-88811,85,-301,1,-89074
-69,23,116,-89247,100,-314,1,-89576
-81,7,122,-89722,120,-361,1,-89928
-87,-2,116,-90225,141,-377,1,90533
-97,-15,109,-90786,156,-377,1,90949
-106,-23,95,-91435,178,-398,1,91190
-90,-19,86,-92105,159,-399,1,91847
-79,-27,61,-92750,178,-412,1,92942
-69,-39,39,-93346,153,-437,1,93642
-25,-50,39,-93818,20,-508,1,94107
-39,-51,40,-94155,55,-472,1,93717
-3,-57,28,-94411,-52,-555,0,-94968
10,-54,29,-94492,-113,-511,0,94389
26,-40,30,-94383,-181,-410,1,94627
40,-15,30,-94074,-235,-318,1,93845
33,24,44,-93588,-142,-157,1,-93589
-1,55,70,-93157,15,-100,0,-93180
-30,51,71,-92874,73,-154,1,-92788
-61,52,83,-92631,115,-190,1,-92481
-72,54,112,-92593,114,-219,1,-92443
-71,39,119,-92766,107,-261,1,-92968
-62,36,120,-93078,102,-284,1,-92811
-72,31,125,-93485,111,-311,1,-93268
-72,26,117,-93907,107,-309,1,-94119
-71,3,112,-94444,118,-371,1,-94682
-83,-1,117,-94961,132,-361,1,95032
-91,-16,104,-95541,162,-400,1,95271
-96,-27,102,-96136,163,-413,1,95896
-93,-37,97,-96736,159,-435,1,96488
-88,-41,92,-97315,146,-424,1,97591
-82,-43,77,-97865,144,-428,1,98118
-72,-49,59,-98338,135,-437,1,98653
-70,-43,53,-98711,129,-416,1,98513
-54,-44,53,-98963,77,-430,1,99162
-29,-51,48,-99120,20,-475,1,99068
-23,-57,37,-99159,0,-499,0,98989
-17,-53,36,-99052,7,-493,0,99074
-14,-42,41,-98803,1,-456,0,98363
-9,-35,36,-98448,-7,-446,0,-98617
0,-19,54,-98094,-46,-344,0,97905
7,0,74,-97722,-57,-254,0,-97588
4,27,86,-97378,-22,-183,0,-97418
-14,45,81,-97175,39,-134,0,-97096
-19,46,77,-97095,37,-158,0,-97166
-32,54,91,-97145,56,-179,1,-97156
-45,54,96,-97389,79,-213,1,-97423
-62,49,103,-97781,106,-248,1,-97538
-66,37,108,-98228,99,-278,1,-97999
-66,28,117,-98690,113,-311,1,-98542
-85,22,131,-99153,123,-337,1,-99002
-92,20,130,-99709,130,-351,1,-99439
-88,-1,118,-100317,142,-388,1,100083
-95,-19,102,-100939,152,-408,1,101228
-80,-21,100,-101510,133,-402,1,101805
-86,-21,93,-102009,146,-392,1,102258
-76,-28,88,-102512,123,-395,1,102805
-60,-41,75,-102990,95,-432,1,103398
-59,-49,67,-103383,73,-437,1,103009
-50,-57,53,-103707,60,-462,1,103636
-35,-62,42,-103988,26,-491,1,104437
-14,-60,31,-104218,-22,-522,0,-103727
7,-48,31,-104355,-75,-509,0,103969
14,-27,32,-104385,-125,-404,0,103961
37,0,36,-104344,-219,-275,1,-104030
22,42,57,-104228,-71,-92,0,-104250
-22,56,58,-104233,81,-92,0,-104248
-42,49,63,-104328,124,-150,1,-104267
-45,45,104,-104468,95,-210,1,-104696
-66,34,103,-104749,145,-252,1,-104770
-62,28,94,-105202,139,-278,1,-105236
-71,28,103,-105767,143,-298,1,-105663
-104,20,117,-106378,153,-335,1,-106076
-97,1,121,-107060,136,-356,1,-107460
-120,0,111,-107737,190,-380,1,-107783
-121,-9,105,-108451,185,-388,1,108162
-111,-22,90,-109189,182,-404,1,109443
-110,-35,74,-109880,180,-420,1,109606
-88,-33,72,-110466,163,-413,1,110210
-86,-33,58,-110978,173,-414,1,110845
-80,-42,40,-111431,163,-428,1,111107
-61,-50,38,-111795,120,-455,1,111908
-40,-57,36,-112031,56,-483,1,111740
-30,-59,37,-112103,39,-501,1,111668
-15,-57,41,-112020,0,-498,0,111743
-14,-35,50,-111769,-6,-388,0,-111874
1,0,54,-111410,-65,-231,0,-111523
5,23,51,-111061,-49,-181,0,-110964
5,39,46,-110797,-31,-105,0,-110773
-8,44,53,-110614,33,-123,0,-110675
-44,35,58,-110524,144,-189,1,-110503
-64,36,83,-110414,137,-227,1,-110446
-87,54,127,-110395,136,-230,1,-110412
-90,46,120,-110556,133,-262,1,-110168
-98,48,122,-110912,131,-272,1,-110748
-86,43,125,-111416,118,-300,1,-111211
-88,35,109,-112058,134,-321,1,-111718
-82,6,91,-112830,146,-364,1,-112972
-87,3,105,-113573,139,-367,1,-113279
-77,-9,116,-114316,114,-378,1,114611
-100,-29,108,-115028,148,-426,1,114814
-101,-41,84,-115691,152,-449,1,115369
-83,-43,60,-116309,149,-439,1,116528
-66,-57,37,-116863,124,-472,1,117130
-42,-64,24,-117276,63,-505,1,117713
-21,-55,23,-117428,24,-505,0,117604
-23,-31,36,-117282,54,-399,0,117687
-2,-9,33,-116990,-28,-322,0,-117134
3,15,48,-116608,-61,-171,0,-116696
-2,23,48,-116215,-10,-167,0,116093
-20,34,57,-115855,69,-164,0,-115811
-44,24,63,-115518,137,-221,1,-115560
-63,18,82,-115215,138,-266,1,-115697
-72,11,110,-115068,142,-298,1,-114942
-84,8,110,-115147,151,-321,1,-114732
-95,0,110,-115400,177,-360,1,-115491
-98,7,123,-115736,145,-344,1,-116176
-94,1,103,-116227,159,-365,1,-116682
-109,-6,98,-116783,177,-385,1,117015
-103,-27,90,-117435,162,-422,1,117656
-106,-43,86,-118079,162,-440,1,117821
-101,-53,84,-118682,157,-445,1,118463
-94,-53,84,-119269,140,-434,1,119015
-89,-54,81,-119865,121,-430,1,120275
-76,-57,70,-120471,99,-437,1,120695
-61,-62,60,-121064,67,-454,1,121183
-30,-64,45,-121610,26,-503,1,121577
-13,-58,31,-122021,-25,-511,0,-122219
15,-44,20,-122263,-133,-496,0,122063
34,-18,21,-122338,-241,-353,1,121940
42,11,35,-122267,-209,-227,1,-122282
18,32,41,-122086,-70,-113,0,-122058
-1,46,52,-121916,15,-107,0,-121927
-13,41,66,-121865,67,-167,0,-121993
-67,33,86,-121849,149,-246,1,-121775
-51,23,105,-121842,101,-274,1,-121547
-50,23,111,-121902,106,-289,1,-122158
-101,7,82,-122167,245,-344,1,-122023
-120,0,74,-122598,248,-353,1,-122692
-119,3,81,-123115,227,-346,1,-123256
-115,-12,72,-123759,229,-381,1,123589
-115,-27,65,-124435,224,-406,1,124749
-150,-34,60,-125098,238,-401,1,125276
-118,-33,63,-125779,197,-416,1,125537
-114,-39,54,-126392,216,-416,1,126098
-108,-44,47,-126977,189,-417,1,127345
-84,-48,50,-127533,152,-432,1,127830
-86,-55,54,-128045,136,-432,1,128349
-62,-58,53,-128527,89,-453,1,128929
-52,-56,48,-128951,81,-459,1,128538
-39,-53,43,-129260,51,-456,1,129317
-19,-52,41,-129437,5,-483,0,129137
-7,-43,47,-129437,-29,-437,0,-129078
1,-26,56,-129242,-59,-362,0,129448
17,-9,59,-128919,-96,-293,0,128717
9,10,57,-128530,-48,-221,0,-128731
0,31,60,-128113,-9,-161,0,-128250
-10,46,57,-127759,36,-128,0,-127818
-44,44,64,-127488,124,-178,1,-127351
-70,33,77,-127198,135,-231,1,-127127
-47,32,121,-126968,64,-253,1,-126784
-57,34,122,-126954,96,-276,1,-126714
-68,30,113,-127108,98,-299,1,-127461
-48,32,119,-127291,57,-302,1,-127062
-47,14,119,-127526,82,-339,1,-127858
-73,2,115,-127816,128,-368,1,-127635
-76,-6,123,-128159,132,-386,1,128429
-91,-22,116,-128605,166,-408,1,128853
-115,-32,112,-129147,174,-410,1,129363
-104,-36,102,-129755,156,-402,1,130038
-97,-36,83,-130414,164,-411,1,130112
-81,-37,65,-131098,146,-416,1,131362
-58,-47,57,-131754,111,-444,1,131920
-55,-50,51,-132309,95,-445,1,132352
-34,-47,53,-132700,37,-443,1,133117
-15,-41,54,-132907,2,-447,0,132740
-1,-43,50,-132967,-53,-446,0,-132854
17,-38,43,-132855,-115,-428,0,132914
12,-18,42,-132519,-95,-353,0,132269
6,1,44,-132078,-58,-274,0,-131821
5,29,59,-131655,-36,-180,0,-131832
9,41,71,-131324,-23,-165,0,-131117
-24,34,77,-131097,86,-213,0,-131297
-54,16,79,-130934,133,-281,1,-130690
-68,16,89,-130806,158,-295,1,-130885
-90,17,99,-130797,162,-308,1,-130902
-72,8,103,-130891,139,-339,1,-130745
-95,-7,95,-131091,193,-370,1,131494
-118,-15,98,-131436,202,-386,1,131130
-108,-27,90,-131897,195,-406,1,131654
-121,-28,83,-132412,211,-399,1,132181
-104,-28,72,-132969,208,-403,1,132637
-113,-34,56,-133539,232,-406,1,133301
-98,-42,50,-134135,206,-421,1,133861
-91,-55,52,-134699,174,-436,1,135020
-96,-67,59,-135245,152,-442,1,135496
-80,-70,68,-135770,118,-450,1,136099
-74,-65,72,-136278,104,-445,1,136643
-68,-67,65,-136778,97,-460,1,137120
-49,-66,51,-137244,76,-484,1,137717
-35,-60,39,-137603,52,-492,1,137312
-17,-52,32,-137834,11,-506,0,138138
0,-42,32,-137900,-47,-490,0,138087
5,-28,41,-137789,-74,-409,0,138200
13,-7,55,-137533,-100,-301,0,137293
20,11,52,-137222,-110,-232,0,-137383
4,32,56,-136882,-38,-176,0,-136742
-5,34,60,-136535,-1,-162,0,136687
-26,29,75,-136170,75,-204,1,-135974
-53,23,86,-135812,138,-248,1,-135817
-49,17,108,-135524,108,-283,1,-135260
-55,14,117,-135353,105,-307,1,-135598
-82,4,104,-135317,171,-345,1,-135514
-103,-14,95,-135494,204,-386,1,135231
-114,-12,99,-135806,204,-384,1,136148
-123,-19,93,-136222,217,-396,1,136569
-137,-27,79,-136701,237,-398,1,136258
-134,-28,69,-137224,243,-389,1,137640
-120,-26,63,-137794,230,-378,1,138124
-105,-28,54,-138405,218,-378,1,138561
-97,-42,50,-139022,190,-399,1,138821
-92,-48,56,-139626,163,-406,1,139280
-82,-47,60,-140214,140,-406,1,140012
-69,-43,62,-140706,119,-410,1,140316
-61,-47,52,-141145,119,-438,1,140991
-55,-48,60,-141567,85,-431,1,141603
-39,-52,67,-141979,33,-440,1,142169
-16,-48,66,-142350,-14,-443,0,-142811
-5,-50,53,-142636,-26,-476,0,-142572
12,-37,51,-142817,-95,-416,0,142392
28,-15,46,-142805,-153,-328,1,142388
22,10,51,-142604,-117,-220,0,-142730
29,31,53,-142287,-119,-176,1,-142116
24,48,48,-141857,-58,-97,0,-141924
-21,46,41,-141447,90,-121,0,-141494
-39,38,47,-141133,138,-183,1,-141149
-65,38,69,-140744,192,-208,1,-140777
-97,34,79,-140453,206,-258,1,-140646
-105,35,81,-140438,213,-276,1,-140619
-129,38,91,-140643,214,-293,1,-140399
-119,31,101,-140962,185,-305,1,-141096
-119,23,110,-141370,193,-325,1,-141745
-122,18,101,-141897,192,-337,1,-142294
-112,6,102,-142489,181,-353,1,-142658
-121,-4,90,-143118,206,-362,1,142984
-123,-13,78,-143759,210,-368,1,143368
-120,-15,72,-144421,205,-368,1,144820
-108,-21,59,-145101,201,-376,1,145205
-104,-28,49,-145775,201,-384,1,145558
-91,-31,45,-146417,183,-388,1,146094
-71,-32,47,-147001,147,-396,1,147285
-58,-35,46,-147490,119,-407,1,147958
-38,-35,46,-147856,68,-420,1,147522
-16,-35,48,-148099,5,-433,0,148264
-11,-32,51,-148193,-20,-415,0,-148298
7,-21,63,-148134,-92,-356,0,148403
11,-11,68,-147963,-88,-334,0,147623
24,-1,62,-147665,-134,-284,0,147818
21,7,55,-147274,-108,-249,0,-147454
11,18,54,-146879,-51,-202,0,-146793
5,32,61,-146516,-16,-168,0,-146658
-26,36,80,-146070,30,-193,1,-145958
8,38,97,-145603,-32,-196,0,-145492
-35,49,100,-145411,96,-196,1,-145622
-39,43,107,-145390,105,-233,1,-145162
-51,38,97,-145543,129,-263,1,-145784
-90,37,115,-145797,166,-300,1,-145414
-96,17,113,-146166,165,-323,1,-146223
-131,16,111,-146580,197,-338,1,-146938
-100,10,105,-147045,170,-345,1,-147350
-117,4,99,-147559,202,-346,1,-147942
-115,0,97,-148120,191,-349,1,-148325
-110,-11,87,-148765,188,-357,1,148727
-111,-21,82,-149471,183,-369,1,149042
-103,-24,80,-150177,169,-372,1,150360
-97,-30,70,-150881,168,-382,1,150669
-84,-35,60,-151570,153,-393,1,151886
-59,-38,54,-152229,109,-416,1,152444
-32,-42,46,-152863,56,-453,1,152825
-13,-42,44,-153363,-2,-469,0,-153293
0,-37,46,-153689,-59,-446,0,154071
13,-28,44,-153808,-116,-406,0,153873
25,-10,44,-153774,-161,-316,1,153865
12,12,56,-153586,-72,-217,0,-153429
-5,27,67,-153271,-3,-181,0,153182
-5,24,68,-152886,8,-183,0,-153042
-14,39,77,-152438,34,-165,0,-152471
-19,51,84,-151964,48,-155,0,-151879
-25,58,94,-151565,51,-178,1,-151794
-47,55,102,-151266,92,-213,1,-151062
-58,41,99,-151121,111,-267,1,-151366
-62,42,110,-151073,97,-290,1,-151323
-48,23,111,-151141,85,-336,1,-151339
-74,1,102,-151334,147,-359,1,-151294
-85,-16,103,-151599,160,-401,1,151841
-74,-29,104,-151902,141,-421,1,151626
-107,-41,93,-152259,203,-420,1,152502
-126,-38,87,-152769,211,-400,1,152976
-104,-35,87,-153439,176,-397,1,153203
-92,-40,79,-154225,169,-411,1,154483
-81,-48,75,-154994,144,-421,1,154738
-72,-55,74,-155726,121,-431,1,156066
-73,-59,72,-156428,109,-429,1,156403
-49,-61,63,-157044,60,-454,1,156858
-28,-64,42,-157543,33,-507,1,157360
-9,-50,35,-157828,-11,-502,0,-158053
-2,-30,32,-157867,-36,-432,0,-157977
9,-4,39,-157754,-95,-284,0,158035
15,16,49,-157565,-101,-191,0,-157579
8,35,55,-157333,-55,-138,0,-157238
0,49,59,-157200,-22,-119,0,-157285
6,58,78,-157132,-21,-154,0,-156983
-25,58,89,-157078,48,-182,1,-157033
-18,32,79,-157073,38,-242,0,-156988
-46,27,107,-157040,78,-281,1,-156776
-39,19,114,-157121,59,-337,1,-156912
-29,-22,112,-157186,48,-399,1,157637
-57,-22,118,-157099,100,-409,1,156686
-50,-35,119,-157029,74,-414,1,156884
-62,-40,122,-156971,102,-431,1,156801
-77,-54,115,-157024,122,-449,1,156908
-79,-56,108,-157201,131,-459,1,157519
-81,-49,95,-157480,144,-437,1,157247
-81,-51,85,-157884,147,-441,1,158116
-72,-59,76,-158375,126,-453,1,158510
-77,-73,69,-158942,127,-471,1,159030
-73,-77,65,-159566,110,-478,1,159416
-58,-79,62,-160232,84,-489,1,159761
-44,-75,56,-160880,52,-487,1,161255
-31,-66,37,-161440,40,-491,1,161572
-10,-39,38,-161831,-3,-447,0,-162194
3,-23,25,-162078,-65,-434,0,162018
26,-4,24,-162166,-224,-285,1,161972
23,21,34,-162070,-146,-143,0,-162089
18,47,46,-161840,-85,-105,0,-161795
8,68,83,-161619,-33,-137,0,-161768
-14,52,86,-161456,27,-170,0,-161393
-31,38,99,-161283,58,-222,1,-161470
-37,25,105,-161156,92,-264,1,-160912
-46,22,108,-161124,93,-288,1,-160886
-40,30,110,-161134,93,-295,1,-160835
-49,27,103,-161153,121,-316,1,-160910
-72,17,96,-161196,167,-346,1,-160865
-88,0,86,-161292,190,-362,1,-161759
-110,-19,83,-161467,222,-412,1,161744
-126,-41,70,-161789,239,-438,1,161462
-132,-57,51,-162238,227,-447,1,161899
-108,-51,53,-162741,205,-437,1,162466
-96,-46,49,-163327,199,-429,1,163029
-88,-56,56,-163936,157,-448,1,164134
-81,-64,60,-164517,134,-454,1,164791
-75,-64,61,-165028,122,-454,1,165207
-72,-68,54,-165493,105,-457,1,165860
-62,-71,49,-165903,83,-466,1,166341
-52,-71,42,-166245,71,-474,1,166054
-29,-69,37,-166474,32,-497,1,166887
-17,-53,39,-166485,27,-463,0,166784
-12,-26,41,-166275,17,-354,0,166091
4,0,48,-165947,-52,-274,0,-166191
-3,23,59,-165623,-11,-178,0,165473
-5,33,57,-165394,-3,-162,0,165548
-7,41,43,-165285,6,-117,0,-165329
-18,68,76,-165148,21,-130,0,-165269
-54,66,61,-165062,130,-141,1,-164995
-75,51,42,-165176,205,-182,1,-165152
-84,44,78,-165391,159,-241,1,-165460
-52,29,96,-165640,108,-288,1,-165434
-106,27,108,-165991,181,-324,1,-166286
-74,12,134,-166396,84,-360,1,-165897
-99,1,122,-166784,141,-364,1,-166532
-98,-5,107,-167183,148,-399,1,166937
-91,-18,90,-167596,160,-419,1,167867
-96,-30,86,-168027,163,-431,1,168256
-94,-36,87,-168458,159,-430,1,168721
-93,-43,84,-168920,153,-435,1,168669
-79,-49,76,-169383,130,-435,1,169127
-67,-55,63,-169847,115,-457,1,169605
-67,-63,54,-170303,110,-464,1,170198
-54,-68,50,-170737,76,-477,1,170791
-38,-74,42,-171142,44,-503,1,171290
-24,-65,42,-171400,18,-495,0,171012
-12,-54,44,-171499,-13,-473,0,-171055
5,-41,46,-171452,-63,-432,0,171051
10,-17,57,-171230,-77,-324,0,171507
14,4,64,-170886,-68,-253,0,-170867
2,17,47,-170529,-13,-201,0,-170715
-10,27,33,-170109,43,-141,0,-170219
-26,54,58,-169564,52,-134,1,-169725
-38,47,62,-169205,124,-165,1,-168988
-104,53,64,-169243,218,-218,1,-169225
-105,44,87,-169482,180,-260,1,-169903
-106,23,92,-169843,209,-303,1,-169645
-126,2,85,-170271,219,-344,1,-170172
-105,-2,94,-170724,189,-352,1,170805
-113,-6,90,-171238,196,-355,1,171375
-113,-15,86,-171844,197,-387,1,171567
-119,-35,77,-172509,205,-418,1,172202
-116,-43,71,-173202,198,-432,1,173541
-121,-37,60,-173920,227,-420,1,173692
-117,-36,53,-174668,217,-404,1,174944
-107,-47,52,-175412,195,-420,1,175136
-80,-55,45,-176098,148,-449,1,175842
-70,-60,39,-176678,122,-458,1,177100
-59,-63,30,-177103,98,-469,1,176737
-48,-58,28,-177355,85,-467,1,177476
-36,-56,39,-177497,47,-466,1,177302
-18,-53,43,-177562,-9,-455,0,-177244
-13,-42,46,-177511,2,-453,0,177321
1,-23,46,-177317,-57,-366,0,177610
14,4,50,-177002,-102,-241,0,-177095
7,22,48,-176631,-54,-169,0,-176457
4,29,49,-176287,-27,-152,0,-176186
-14,39,70,-175983,45,-173,0,-176002
-29,30,73,-175776,83,-225,1,-175717
-78,32,75,-175649,201,-248,1,-175676
-94,28,86,-175623,199,-272,1,-176091
-121,22,105,-175664,201,-299,1,-176073
-91,25,112,-175806,158,-303,1,-175934
-99,19,109,-176144,171,-319,1,-176518
-108,12,104,-176654,172,-323,1,-177136
-107,6,93,-177307,198,-344,1,-177466
-137,0,79,-178088,228,-357,1,-177892
-122,-8,79,-178838,200,-358,1,178954
-124,-15,84,-179555,193,-376,1,179446
-111,-19,81,-180236,172,-372,1,180730
-89,-25,69,-180887,158,-389,1,181130
-79,-35,60,-181504,150,-412,1,181665
-74,-47,53,-182096,117,-446,1,181974
-54,-59,44,-182617,93,-483,1,182471
-40,-65,44,-183054,45,-500,1,182939
-21,-71,18,-183404,4,-559,0,183811
3,-53,21,-183587,-78,-527,0,184129
26,-21,27,-183552,-198,-370,1,183645
4,15,47,-183279,-57,-182,0,-183110
22,29,48,-182928,-138,-113,0,-182864
22,44,47,-182637,-106,-92,0,-182602
8,52,49,-182510,-50,-103,0,-182454
0,52,60,-182528,-5,-116,0,-182403
-36,54,82,-182647,80,-171,1,-182729
-23,53,107,-182855,36,-216,0,-183040
-31,47,122,-183145,69,-250,1,-183197
-45,55,120,-183470,109,-248,1,-183384
-73,52,108,-183870,163,-266,1,-184197
-94,49,103,-184257,174,-283,1,-183933
-104,35,95,-184704,186,-294,1,-184569
-126,25,80,-185330,246,-330,1,-184954
-136,11,63,-186067,268,-351,1,-185905
-128,-11,51,-186866,281,-378,1,186836
-137,-21,42,-187690,273,-386,1,187660
-125,-29,51,-188492,229,-386,1,188799
-114,-35,51,-189266,206,-394,1,189045
-102,-40,46,-190016,187,-403,1,190329
-92,-40,43,-190720,168,-408,1,190868
-71,-41,41,-191342,132,-423,1,190987
-56,-45,35,-191861,102,-448,1,191638
-40,-46,35,-192278,39,-453,1,192220
-5,-48,29,-192562,-36,-528,0,-193066
14,-38,32,-192654,-116,-471,0,192801
22,-21,39,-192491,-151,-355,0,192057
17,-5,47,-192153,-106,-275,0,192475
10,25,57,-191755,-62,-158,0,-191875
6,48,58,-191361,-20,-94,0,-191425
-21,55,45,-191141,101,-54,0,-191225
-28,57,58,-191059,101,-115,1,-191071
-59,54,74,-191087,168,-178,1,-191027
-103,50,81,-191318,188,-247,1,-191258
-94,38,92,-191695,179,-288,1,-191815
-113,38,118,-192155,153,-303,1,-192271
-111,15,108,-192745,183,-365,1,-192830
-129,-6,94,-193469,215,-418,1,193042
-114,-20,94,-194177,182,-412,1,194450
-110,-29,86,-194878,192,-422,1,194684
-122,-37,76,-195586,199,-421,1,195952
-99,-35,73,-196314,173,-416,1,196577
-100,-41,63,-197049,171,-424,1,196803
-76,-55,60,-197807,124,-453,1,197972
-56,-74,50,-198536,65,-506,1,198256
-43,-82,27,-199084,62,-538,1,199663
-19,-68,18,-199398,16,-560,0,198811
3,-47,24,-199414,-68,-502,0,199540
5,-24,40,-199188,-63,-376,0,199522
1,0,41,-198896,-27,-257,0,-199136
-7,24,36,-198583,22,-145,0,-198409
-19,54,56,-198258,51,-60,0,-198248
-15,64,49,-198026,52,-56,0,-198136
-54,70,52,-197918,145,-110,1,-198054
-69,62,52,-197978,168,-163,1,-197919
-95,66,77,-198113,151,-216,1,-198131
-83,51,87,-198325,120,-258,1,-198649
-59,33,101,-198683,89,-316,1,-198918
-77,16,110,-199142,123,-336,1,-198881
-84,-2,104,-199631,142,-393,1,199409
-94,-19,106,-200045,144,-416,1,199749
-88,-18,110,-200345,111,-393,1,200532
-58,-34,97,-200627,97,-447,1,200215
-90,-48,84,-200956,157,-440,1,201200
-85,-56,80,-201373,142,-452,1,201697
-79,-66,71,-201905,134,-482,1,202140
-71,-69,64,-202514,111,-490,1,202454
-55,-74,58,-203152,80,-510,1,202852
-43,-82,39,-203745,61,-542,1,203167
-30,-82,20,-204184,48,-554,1,204757
-19,-66,11,-204352,25,-545,0,203868
0,-46,33,-204283,-33,-495,0,203834
-3,-25,53,-204024,-15,-352,0,-204172
-13,-15,48,-203657,24,-297,0,203400
12,20,43,-203289,-94,-157,0,-203497
4,57,55,-202904,-24,-68,0,-202956
-27,63,46,-202525,84,-61,1,-202621
-47,65,44,-202304,135,-87,1,-202415
-54,71,73,-202268,133,-133,1,-202275
-59,61,62,-202340,159,-155,1,-202333
-79,63,59,-202467,200,-172,1,-202441
-98,72,66,-202659,177,-205,1,-202680
-105,79,65,-202901,154,-234,1,-202883
-101,59,66,-203351,162,-281,1,-203763
-111,40,75,-204131,193,-329,1,-204006
-132,13,83,-205027,183,-377,1,-205300
-90,-18,96,-205827,135,-403,1,206140
-97,-28,99,-206524,151,-445,1,206731
-98,-41,83,-207157,155,-421,1,206866
-86,-49,67,-207796,153,-450,1,207566
-78,-64,60,-208451,122,-474,1,208812
-47,-66,73,-209080,54,-479,1,209274
-43,-66,71,-209676,56,-477,1,209600
-40,-61,67,-210219,41,-468,1,210059
-19,-63,50,-210681,5,-496,0,210702
-10,-54,33,-210939,4,-502,0,210452
0,-36,29,-210942,-29,-455,0,210459
4,-15,45,-210726,-46,-325,0,210537
3,0,51,-210379,-34,-279,0,-210128
-4,12,52,-209970,9,-206,0,-210125
-4,30,64,-209607,0,-189,0,-209446
-5,48,64,-209331,33,-119,0,-209300
-41,61,48,-209268,132,-132,1,-209235
-69,52,43,-209284,191,-180,1,-209368
-98,43,86,-209241,179,-242,1,-209158
-87,22,89,-209271,165,-293,1,-209134
-85,29,104,-209444,163,-303,1,-209805
-115,13,88,-209804,195,-343,1,-209467
-100,-9,88,-210277,183,-395,1,210025
-101,-22,85,-210764,194,-398,1,210467
-119,-22,84,-211293,220,-393,1,211004
-132,-32,74,-211913,229,-403,1,211562
-129,-35,68,-212550,225,-398,1,212940
-122,-31,64,-213195,217,-387,1,213429
-108,-38,61,-213844,194,-399,1,213615
-94,-42,59,-214481,164,-413,1,214180
-85,-42,66,-215061,146,-417,1,215322
-85,-49,61,-215613,142,-431,1,215878
-81,-53,47,-216113,132,-440,1,216395
-64,-60,28,-216514,117,-477,1,216179
-36,-65,17,-216751,33,-513,1,216318
-9,-55,18,-216783,-38,-537,0,-216286
17,-38,12,-216586,-146,-495,0,216908
26,2,17,-216170,-254,-232,1,-216186
24,46,28,-215718,-105,-47,0,-215756
-12,72,46,-215348,32,-27,0,-215399
-24,73,50,-215281,61,-79,0,-215278
-52,55,63,-215337,133,-163,1,-215352
-73,53,101,-215390,113,-224,1,-215529
-48,41,106,-215588,81,-255,1,-215780
-68,45,113,-215910,116,-265,1,-215558
-79,37,113,-216373,145,-307,1,-216207
-101,30,98,-216911,200,-328,1,-216795
-134,10,80,-217600,253,-367,1,-217265
-117,-9,71,-218362,246,-392,1,218544
-126,-28,58,-219152,257,-414,1,219340
-129,-38,50,-219962,249,-421,1,219888
-117,-38,45,-220698,239,-414,1,220948
-115,-43,38,-221348,223,-409,1,221593
-100,-53,31,-221959,188,-435,1,221763
-99,-54,29,-222509,177,-431,1,222330
-90,-51,28,-223055,154,-435,1,222738
-52,-54,16,-223547,80,-490,1,223382
-40,-61,8,-223839,59,-510,1,224136
-17,-51,27,-223863,-9,-493,0,-224170
-1,-39,40,-223618,-45,-453,0,-223334
-2,-22,50,-223158,-38,-346,0,-222958
9,2,53,-222573,-69,-244,0,-222696
-10,31,63,-221969,17,-174,0,-222088
-17,38,65,-221514,40,-144,0,-221596
-26,39,67,-221231,67,-179,1,-221346
-42,41,69,-221055,93,-204,1,-221103
-32,40,92,-221017,73,-228,1,-221083
-58,33,97,-221097,133,-265,1,-220768
-75,38,93,-221308,154,-275,1,-221634
-82,25,90,-221654,175,-313,1,-221268
-109,16,86,-222110,216,-343,1,-221755
-121,-7,82,-222680,225,-385,1,222361
-127,-27,76,-223267,223,-410,1,223567
-123,-29,75,-223855,218,-403,1,224008
-120,-29,71,-224455,216,-397,1,224701
-118,-32,66,-225061,213,-394,1,224851
-102,-40,63,-225663,184,-406,1,225325
-98,-48,63,-226255,161,-413,1,225921
-95,-49,66,-226792,148,-408,1,226507
-82,-50,64,-227279,132,-417,1,227017
-69,-44,70,-227709,85,-405,1,227479
-45,-48,56,-228038,47,-438,1,228199
-21,-46,48,-228202,-3,-455,0,-228007
-9,-36,53,-228140,-27,-416,0,-228019
13,-20,62,-227800,-102,-326,0,227541
-9,-8,57,-227204,12,-319,0,226949
-14,-4,54,-226585,30,-297,0,226324
4,-1,51,-226073,-41,-286,0,225816
4,22,60,-225611,-18,-196,0,-225717
-21,35,73,-225226,64,-191,0,-225100
-43,32,60,-225062,141,-207,1,-225108
-53,27,55,-225214,175,-236,1,-225251
-71,39,84,-225417,152,-246,1,-225492
-78,32,98,-225693,144,-277,1,-225301
-113,9,84,-226113,216,-332,1,-226046
-103,-4,96,-226571,165,-354,1,226504
-106,-6,93,-227110,184,-361,1,227015
-119,-18,87,-227748,196,-383,1,227370
-122,-26,87,-228434,199,-404,1,228657
-124,-29,81,-229132,198,-394,1,228977
-100,-31,79,-229845,169,-400,1,229571
-96,-38,81,-230515,159,-404,1,230742
-86,-40,81,-231128,139,-403,1,231406
-74,-43,74,-231693,115,-414,1,231624
-60,-48,65,-232172,88,-431,1,232267
-47,-50,68,-232571,52,-436,1,232869
-32,-54,66,-232884,29,-455,1,232451
-16,-50,51,-233012,-9,-456,0,-233460
-6,-37,43,-232879,-23,-426,0,-232474
-13,-24,43,-232509,24,-391,0,232848
-8,-1,52,-232046,7,-263,0,232285
-9,22,65,-231613,0,-189,0,-231518
-7,33,63,-231209,-2,-160,0,231340
-4,44,68,-230965,3,-151,0,-231113
-15,45,66,-230918,33,-166,0,-231139
-14,47,81,-230920,22,-195,0,-231075
-38,37,96,-230986,84,-251,1,-231045
-71,19,106,-231109,137,-304,1,-231263
-50,31,127,-231330,92,-307,1,-231070
-56,10,115,-231674,127,-347,1,-231826
-81,3,108,-232086,177,-374,1,-232302
-95,-20,98,-232563,191,-395,1,232811
-135,-26,85,-233111,233,-392,1,233265
-142,-28,82,-233732,225,-391,1,233635
-131,-31,76,-234394,212,-389,1,234010
-106,-34,68,-235069,184,-393,1,235267
-92,-34,61,-235714,168,-392,1,235946
-82,-34,60,-236287,143,-390,1,236475
-58,-36,56,-236737,105,-406,1,236829
-51,-37,63,-237025,75,-402,1,236560
-32,-40,64,-237159,45,-422,1,237461
-33,-34,67,-237126,45,-390,1,237484
-34,-27,62,-236925,49,-372,1,236600
-16,-18,63,-236614,9,-363,0,236805
-15,-6,61,-236257,5,-300,0,236538
-10,1,57,-235968,13,-296,0,-235687
0,11,62,-235707,-15,-250,0,-235643
-8,19,75,-235422,1,-255,0,-235328
0,13,70,-235218,-10,-281,0,-235402
-16,1,74,-235122,44,-325,0,-235360
-60,-4,85,-235054,136,-353,1,235435
-50,-21,90,-235020,106,-392,1,235418
-71,-25,112,-235026,135,-392,1,235324
-76,-36,113,-235109,116,-401,1,235418
-77,-37,107,-235211,144,-409,1,235458
-117,-34,95,-235370,192,-392,1,235047
-106,-34,98,-235621,168,-387,1,235879
-115,-33,96,-235995,187,-382,1,235565
-106,-31,99,-236442,166,-376,1,236127
-102,-37,91,-236909,162,-385,1,236631
-96,-42,78,-237432,158,-398,1,237151
-82,-48,72,-238002,137,-419,1,237743
-76,-48,69,-238583,125,-426,1,238080
-62,-46,73,-239142,95,-430,1,239501
-55,-46,70,-239676,88,-435,1,240015
-33,-55,61,-240149,22,-461,1,240614
-6,-52,46,-240373,-30,-482,0,-240403
16,-41,26,-240334,-110,-478,0,240477
7,-11,28,-239989,-80,-362,0,239681
-4,15,36,-239435,10,-163,0,-239561
-5,40,46,-238853,3,-92,0,-238941
-6,60,54,-238347,8,-95,0,-238418
-31,70,59,-237998,95,-89,1,-238027
-59,62,69,-237794,115,-184,1,-237672
-49,37,71,-237735,109,-243,1,-237673
-65,24,89,-237757,137,-292,1,-237845
-71,22,104,-237951,129,-320,1,-237820
-70,1,101,-238283,134,-365,1,-238339
-96,-7,108,-238609,149,-383,1,239053
-86,-28,116,-238948,120,-416,1,238781
-100,-34,132,-239297,128,-404,1,239382
-108,-48,123,-239698,146,-436,1,239948
-107,-53,117,-240143,147,-427,1,240415
-102,-45,99,-240680,148,-416,1,240901
-93,-44,78,-241313,147,-416,1,241558
-73,-48,71,-242035,119,-432,1,241801
-55,-53,74,-242744,82,-442,1,243095
-32,-55,61,-243366,43,-459,1,243539
-19,-52,52,-243741,18,-468,0,244170
9,-47,34,-243791,-70,-476,0,244183
5,-29,21,-243512,-48,-462,0,243419
-2,-5,28,-242988,8,-297,0,242704
-10,12,34,-242385,53,-177,0,-242289
-15,24,41,-241873,64,-155,0,-241720
-27,43,54,-241492,82,-144,1,-241547
-48,47,61,-241280,116,-186,1,-241293
-56,49,68,-241157,120,-204,1,-241399
-63,57,87,-241083,104,-219,1,-240988
-68,54,90,-241149,111,-240,1,-240977
-64,47,105,-241364,94,-268,1,-241661
-67,34,112,-241654,97,-291,1,-241318
-77,18,113,-242009,121,-350,1,-241745
-75,1,116,-242386,116,-354,1,-242681
-105,-12,105,-242819,174,-392,1,243106
-104,-27,107,-243249,151,-395,1,243512
-102,-34,104,-243678,161,-414,1,243406
-99,-37,90,-244148,158,-405,1,243878
-91,-41,75,-244711,158,-410,1,244443
-73,-48,72,-245345,121,-424,1,245650
-49,-48,79,-245937,74,-426,1,246016
-50,-48,76,-246439,85,-422,1,246535
-40,-45,61,-246821,64,-423,1,247287
-20,-40,52,-247024,25,-430,0,247129
-14,-34,60,-247042,8,-399,0,246933
-8,-29,56,-246876,4,-391,0,247288
-11,-16,43,-246542,35,-354,0,246371
-19,1,44,-246065,75,-285,0,-245851
-32,9,43,-245575,132,-246,1,-245514
-31,13,52,-245137,95,-248,1,-245021
-41,14,65,-244740,96,-265,1,-245008
-37,9,68,-244420,67,-288,1,-244726
-20,16,105,-244133,11,-277,0,-243924
-31,30,119,-243903,26,-272,1,-244192
-9,25,133,-243808,25,-302,0,-244222
-53,29,136,-243846,89,-315,1,-244037
-51,8,131,-243990,94,-362,1,-243865
-95,-9,146,-244217,146,-399,1,243747
-103,-32,119,-244559,157,-438,1,244331
-83,-41,116,-244926,137,-439,1,245135
-91,-44,100,-245293,163,-436,1,245546
-90,-45,84,-245716,178,-438,1,245494
-102,-48,71,-246195,183,-417,1,245931
-92,-50,63,-246737,170,-421,1,246408
-82,-52,56,-247303,153,-426,1,247663
-69,-54,49,-247820,132,-439,1,248186
-54,-51,51,-248237,91,-426,1,247913
-43,-55,52,-248506,61,-437,1,248603
-15,-44,53,-248670,-26,-408,0,-248514
12,-32,40,-248638,-87,-433,0,248546
0,-9,37,-248435,-15,-322,0,248594
3,6,41,-248117,-29,-230,0,-248292
1,23,53,-247674,-15,-197,0,-247699
-15,31,48,-247211,68,-155,0,-247128
-38,32,57,-246852,133,-198,1,-246845
-52,26,46,-246705,178,-237,1,-246763
-81,20,50,-246728,236,-281,1,-246343
-102,21,75,-246859,209,-298,1,-247179
-114,5,68,-247138,235,-334,1,-247029
-132,-11,73,-247505,238,-360,1,247706
-121,-10,80,-247907,212,-365,1,248312
-139,-22,64,-248399,248,-380,1,248593
-138,-37,47,-248936,260,-417,1,248898
-154,-38,37,-249448,274,-390,1,249450
-143,-33,41,-250036,261,-378,1,249931
-126,-31,45,-250662,234,-379,1,250616
-116,-33,43,-251288,221,-385,1,251057
-113,-36,43,-251911,207,-392,1,252213
-99,-39,49,-252531,179,-402,1,252710
-94,-45,41,-253146,173,-418,1,253326
-69,-47,32,-253660,139,-440,1,253870
-50,-53,25,-253984,110,-472,1,254393
-38,-51,30,-254058,62,-470,1,254344
-2,-41,33,-253877,-39,-491,0,-253555
-4,-18,43,-253470,-26,-355,0,-253790
-1,0,28,-252976,-21,-252,0,253150
-10,35,33,-252333,19,-50,0,-252296
-23,59,57,-251665,47,-80,0,-251751
-42,49,62,-251172,109,-143,1,-251366
-62,32,72,-250895,139,-228,1,-250929
-61,29,94,-250826,113,-251,1,-250687
-42,33,101,-250944,68,-266,1,-251165
-63,19,92,-251264,141,-315,1,-251067
-91,32,109,-251651,140,-315,1,-251553
-90,11,110,-252062,168,-351,1,-252245
-154,7,116,-252510,200,-348,1,-252712
-108,-7,114,-253060,176,-383,1,253265
-119,-13,92,-253658,214,-384,1,253781
-119,-22,80,-254302,217,-390,1,254001
-117,-25,73,-254979,211,-386,1,255350
-102,-38,62,-255688,195,-410,1,255968
-94,-50,53,-256381,176,-433,1,256038
-87,-52,52,-257065,159,-439,1,257363
-77,-55,43,-257694,136,-452,1,257924
-64,-57,32,-258186,117,-469,1,258316
-57,-59,21,-258493,120,-483,1,258098
-35,-62,26,-258556,34,-504,1,258088
-4,-58,32,-258368,-49,-510,0,-258283
-3,-43,25,-257940,-27,-494,0,-257624
-7,-23,23,-257347,17,-454,0,257171
1,5,32,-256724,-39,-212,0,-256513
-11,36,54,-256181,10,-140,0,-256048
-12,51,56,-255820,7,-133,0,-255947
-25,51,79,-255600,15,-172,1,-255661
-24,48,98,-255536,12,-201,0,-255661
-20,38,105,-255634,19,-244,0,-255536
-44,22,100,-255786,76,-280,1,-255529
-30,28,116,-255917,33,-281,1,-255716
-20,20,132,-256044,42,-319,0,-256447
-67,9,131,-256190,108,-346,1,-256324
-64,-2,153,-256367,94,-368,1,256251
-82,-6,141,-256587,129,-372,1,256866
-81,-9,124,-256874,137,-375,1,256689
-91,-13,112,-257221,156,-376,1,257290
-99,-19,98,-257632,168,-373,1,257938
-95,-26,86,-258125,172,-386,1,258419
-94,-32,77,-258670,176,-400,1,258910
-95,-33,80,-259228,158,-395,1,259490
-83,-36,73,-259811,151,-402,1,260063
-81,-36,63,-260361,157,-399,1,260180
-60,-40,54,-260841,112,-419,1,260883
-37,-52,44,-261183,72,-477,1,261522
-24,-54,40,-261279,33,-483,0,261461
-10,-47,39,-261047,-4,-471,0,-260706
-7,-33,47,-260553,-6,-407,0,-260177
-18,-12,48,-259894,48,-323,0,259695
-23,8,59,-259179,45,-246,0,-259222
-6,29,73,-258478,-20,-194,0,258348
-13,46,85,-257939,12,-191,0,-257878
-23,41,59,-257725,70,-181,0,-257609
-32,36,48,-257633,108,-187,1,-257727
