-14,87,7,-1710,0,0,0,1778
-14,90,8,-1611,-2,2,0,-1557
-14,95,9,-1444,-5,4,0,-1531
-45,107,8,-1249,47,-48,0,-1198
-99,132,18,-1233,99,-97,1,-1061
-168,170,22,-1601,122,-141,1,-1711
-179,177,1,-2488,113,-153,1,-2400
-136,148,-2,-3779,105,-140,1,3633
-95,103,-8,-5069,89,-132,0,4906
-55,79,0,-6333,72,-96,1,-6354
-51,55,3,-7650,85,-133,1,-7478
-30,33,22,-8940,64,-153,1,-8731
-23,14,47,-10128,28,-265,0,-9903
-17,12,86,-11100,-26,-308,0,10809
-8,-38,85,-11802,-38,-442,0,-12273
-14,-62,88,-12344,-28,-476,0,-12702
-5,-65,73,-12675,-49,-493,0,-12370
-23,-66,45,-12685,22,-497,0,12306
-32,-54,39,-12563,57,-452,1,12518
-17,-39,48,-12470,10,-408,0,12588
-9,-22,49,-12499,-6,-374,0,-12685
10,8,46,-12572,-111,-229,0,-12736
27,38,64,-12586,-129,-157,1,-12620
7,45,61,-12492,-41,-118,0,-12420
-32,47,53,-12316,84,-133,1,-12494
-64,38,62,-12257,145,-202,1,-12189
-92,29,65,-12321,164,-239,1,-12399
-41,30,98,-12365,-5,-248,1,12520
13,28,128,-12496,-52,-269,0,-12644
-37,33,142,-12780,42,-279,1,-12384
-41,34,158,-13020,12,-317,1,-13181
-1,27,149,-13127,-38,-337,0,12991
-20,24,156,-13139,6,-348,0,-12955
-33,6,157,-13100,34,-379,1,-13004
-47,-8,133,-13120,49,-375,1,13015
-45,-17,112,-13245,57,-413,1,12886
-61,-34,88,-13490,95,-421,1,13580
-56,-51,67,-13872,94,-455,1,14322
-42,-61,51,-14352,67,-489,1,14721
-35,-70,36,-14779,44,-499,1,14372
-24,-63,26,-15068,16,-502,0,15119
-15,-40,30,-15109,-18,-445,0,-15005
33,-5,60,-15055,-201,-266,1,15125
27,15,71,-14996,-124,-224,1,-14952
7,22,56,-15047,-37,-166,0,-14957
-27,27,45,-15098,91,-151,1,-14876
-23,40,75,-15130,32,-167,0,-15337
-42,50,106,-15234,50,-202,1,-15113
-32,36,109,-15411,28,-249,1,-15492
-26,29,111,-15588,12,-270,1,-15755
-28,25,127,-15683,11,-303,1,-15386
-14,24,144,-15752,-4,-327,0,15429
-14,25,148,-15753,-15,-338,0,15445
-7,17,158,-15744,-14,-356,0,15514
-31,7,149,-15722,31,-368,1,-15511
-39,7,154,-15719,40,-359,1,-15505
-31,0,131,-15812,30,-363,1,-15402
-41,-16,101,-16014,46,-389,1,16230
-41,-39,82,-16315,49,-423,1,15986
-41,-56,70,-16710,60,-452,1,16608
-45,-55,68,-17043,66,-425,1,17189
-28,-56,48,-17298,38,-432,1,16903
-18,-41,44,-17371,23,-414,0,16967
-8,-17,48,-17261,-8,-347,0,-16917
6,2,34,-17044,-79,-230,0,-16925
1,32,36,-16750,-17,-78,0,-16696
-26,54,41,-16480,73,-84,1,-16449
-75,61,73,-16419,138,-159,1,-16396
-89,62,89,-16348,106,-186,1,-16181
-58,58,110,-16402,48,-221,1,-16532
-50,47,96,-16721,56,-251,1,-16880
-49,25,96,-17038,39,-301,1,-17357
-26,53,127,-17205,-25,-281,1,16996
-25,28,152,-17298,-8,-339,1,16987
-40,18,133,-17452,46,-356,1,-17878
-49,14,137,-17665,42,-362,1,-17656
-21,4,132,-17899,6,-352,0,-17446
-43,-6,121,-18172,70,-393,1,18272
-49,-29,95,-18491,80,-414,1,18823
-43,-50,69,-18859,77,-478,1,18535
-41,-68,51,-19238,60,-506,1,19131
-32,-77,39,-19550,31,-524,1,20030
-21,-63,37,-19715,15,-495,0,19694
-19,-33,50,-19608,27,-372,0,19965
-31,-14,56,-19280,58,-297,1,19061
0,0,52,-18946,-49,-269,0,-19212
-4,29,56,-18597,-20,-134,0,18454
-19,50,48,-18247,37,-72,0,-18231
-35,66,52,-18044,78,-78,1,-17968
-62,64,56,-17954,118,-128,1,-18031
-87,67,69,-17845,98,-179,1,-17720
-13,56,93,-17802,-55,-186,0,17773
18,56,115,-17943,-66,-216,0,-18140
-38,56,121,-18234,33,-249,1,-18312
-19,67,123,-18484,-10,-254,0,18671
-18,60,143,-18717,16,-284,0,-18616
-51,45,125,-19090,78,-288,1,-19362
-83,29,138,-19526,120,-348,1,-19873
-63,14,116,-20065,132,-365,1,-20432
-111,-1,85,-20687,213,-388,1,20896
-93,0,86,-21314,164,-369,1,-21149
-76,-18,66,-21950,158,-382,1,21573
-61,-46,52,-22561,112,-450,1,22967
-56,-62,53,-23053,71,-468,1,23460
-56,-75,46,-23423,66,-483,1,23182
-35,-75,46,-23648,27,-478,1,24028
-54,-65,33,-23612,102,-433,1,23994
-36,-39,41,-23359,70,-387,1,23253
-1,-19,54,-23007,-46,-324,0,-22679
2,10,44,-22618,-41,-215,0,-22658
-11,45,47,-22110,6,-102,0,-22069
-3,57,40,-21581,-6,-47,0,21622
-58,68,60,-21048,121,-87,1,-21083
-76,64,80,-20689,112,-174,1,-20566
-61,48,70,-20724,112,-205,1,-20487
-73,50,73,-21039,128,-223,1,-21057
-70,46,75,-21475,109,-233,1,-21317
-72,50,97,-21945,82,-247,1,-21772
-45,40,122,-22349,2,-297,1,-22044
-17,38,123,-22702,3,-305,0,-22994
-69,11,115,-23080,110,-357,1,-23315
-79,-5,109,-23387,102,-388,1,23195
-71,-34,120,-23687,88,-427,1,23912
-72,-25,139,-23978,78,-406,1,23717
-52,-16,125,-24280,71,-399,1,24412
-58,-23,100,-24584,88,-396,1,24988
-61,-40,73,-24894,104,-443,1,24766
-64,-50,60,-25233,96,-452,1,25346
-56,-65,42,-25554,82,-478,1,25088
-59,-74,31,-25817,89,-463,1,25888
-59,-59,45,-25994,73,-401,1,25726
-19,-37,59,-26029,-15,-370,0,-25821
-26,-13,60,-25918,38,-317,1,25613
-3,3,55,-25871,-37,-240,0,26097
10,21,45,-25821,-87,-130,0,-25660
-2,53,64,-25653,-28,-115,0,25643
-14,45,78,-25537,5,-157,0,-25398
-34,49,88,-25514,51,-181,1,-25446
-28,42,101,-25628,15,-235,1,-25770
-23,34,116,-25804,-19,-272,0,26004
-8,30,128,-25964,-45,-302,0,25841
1,8,128,-26073,-37,-334,0,-25659
1,22,132,-26126,-16,-335,0,-26590
-22,2,130,-26181,28,-375,0,-26554
-34,-11,129,-26288,45,-399,1,26533
-39,-20,128,-26464,50,-392,1,26204
-53,-24,132,-26699,71,-417,1,26889
-50,-41,118,-26970,62,-428,1,26784
-65,-61,98,-27269,87,-467,1,27420
-61,-69,87,-27635,66,-457,1,27220
-54,-74,62,-28045,55,-465,1,27690
-42,-66,42,-28385,51,-463,1,28508
-24,-47,48,-28544,20,-426,0,28361
-27,-30,36,-28552,80,-399,1,28281
-9,-21,33,-28546,12,-410,0,28203
3,-8,45,-28447,-58,-301,0,28192
17,8,38,-28070,-134,-204,0,-28119
-1,36,42,-27555,-17,-105,0,27606
-37,56,48,-27135,91,-104,1,-27118
-73,62,88,-26979,129,-181,1,-27003
-70,43,86,-27145,129,-233,1,-27227
-74,28,109,-27383,100,-278,1,-27581
-66,28,121,-27668,72,-287,1,-28003
-63,16,121,-28037,63,-325,1,-27820
-56,18,127,-28410,47,-318,1,-28595
-53,-1,130,-28784,53,-371,1,29085
-78,-12,121,-29124,103,-388,1,28699
-74,-20,118,-29477,103,-400,1,29411
-79,-19,106,-29859,138,-397,1,30097
-87,-15,100,-30284,149,-392,1,30566
-73,-12,97,-30756,125,-371,1,30989
-70,-51,79,-31298,114,-461,1,31684
-56,-62,81,-31812,56,-456,1,32228
-49,-78,65,-32293,37,-489,1,32726
-43,-92,39,-32659,38,-516,1,32226
-49,-75,33,-32768,68,-462,1,32302
-40,-55,33,-32636,71,-456,1,32456
-22,-31,33,-32303,34,-402,0,32693
-5,3,37,-31864,-25,-207,0,31873
-4,26,32,-31404,-13,-95,0,31426
-9,45,42,-30901,9,-68,0,-30964
-24,51,61,-30514,56,-124,0,-30570
-43,40,72,-30372,99,-197,1,-30286
-82,29,87,-30340,156,-249,1,-30464
-82,33,103,-30392,120,-256,1,-30245
-64,39,110,-30664,84,-265,1,-30447
-68,30,120,-31072,72,-293,1,-30742
-66,35,119,-31477,50,-309,1,-31717
-45,22,109,-31909,36,-336,1,-32156
-56,10,121,-32252,47,-357,1,-31992
-64,-14,126,-32569,83,-371,1,32342
-95,-30,132,-32875,120,-395,1,33116
-64,-17,145,-33244,69,-375,1,32853
-58,-13,129,-33681,60,-365,1,33399
-61,-27,101,-34156,69,-402,1,34047
-61,-37,85,-34640,73,-415,1,34518
-53,-48,71,-35102,77,-436,1,35004
-46,-59,49,-35505,74,-473,1,35591
-22,-56,42,-35839,7,-488,0,35348
-8,-56,35,-36033,-37,-499,0,-36104
6,-33,46,-36063,-84,-396,0,36108
7,-7,44,-35890,-80,-285,0,36173
8,19,50,-35587,-67,-165,0,-35792
7,37,50,-35212,-43,-107,0,-35290
-17,50,62,-34881,31,-119,0,-34872
-48,43,85,-34617,90,-187,1,-34699
-74,32,109,-34501,116,-248,1,-34369
-62,21,106,-34644,104,-282,1,-34404
-44,20,109,-34950,68,-296,1,-35256
-52,2,113,-35388,69,-330,1,-35701
-53,1,127,-35888,51,-352,1,-36107
-52,4,147,-36335,38,-366,1,-35843
-47,-10,136,-36761,46,-393,1,36498
-55,-22,125,-37189,59,-406,1,37047
-61,-31,133,-37583,60,-394,1,37855
-75,-26,137,-37976,87,-399,1,38231
-71,-29,113,-38334,92,-406,1,37980
-69,-38,97,-38678,93,-418,1,38634
-69,-56,67,-39055,103,-449,1,39194
-62,-72,41,-39471,90,-477,1,39928
-49,-72,30,-39858,67,-473,1,39488
-18,-51,31,-40090,8,-494,0,40258
7,-31,28,-40147,-102,-416,0,40239
31,-7,24,-40105,-227,-288,1,40279
11,43,48,-39791,-63,-84,0,-39698
12,55,44,-39125,-71,-69,0,-39108
-6,60,36,-38568,22,-23,0,-38585
-60,68,48,-38300,162,-106,1,-38173
-89,57,72,-38235,167,-194,1,-38167
-79,53,96,-38491,150,-238,1,-38458
-84,28,85,-38939,149,-281,1,-39311
-84,36,84,-39449,151,-286,1,-39859
-113,35,105,-40030,151,-305,1,-40388
-94,19,108,-40598,122,-317,1,-40947
-101,8,121,-41179,129,-359,1,-41260
-99,-14,100,-41743,143,-396,1,41474
-92,-28,96,-42285,135,-390,1,41997
-102,-23,97,-42844,155,-385,1,42577
-98,-30,85,-43441,151,-385,1,43149
-86,-38,79,-44050,117,-409,1,44480
-80,-46,77,-44633,105,-416,1,44930
-71,-55,70,-45216,77,-440,1,45392
-42,-67,48,-45722,37,-495,1,45834
-34,-68,34,-46074,28,-504,1,45649
-18,-56,43,-46242,-1,-483,0,-46413
-7,-42,62,-46271,-34,-398,0,-46338
-6,-23,63,-46150,-32,-342,0,-46370
13,-6,51,-46010,-101,-311,0,45778
22,6,39,-45809,-154,-232,0,-45756
7,38,49,-45427,-70,-111,0,-45388
-9,53,57,-44857,-22,-88,0,44924
-11,56,68,-44397,10,-95,0,-44365
-49,50,73,-44269,107,-163,1,-44142
-43,48,98,-44316,53,-208,1,-44443
-28,35,118,-44496,27,-255,1,-44392
-33,31,116,-44771,28,-272,1,-44986
-35,28,134,-45046,26,-305,1,-44645
-33,26,132,-45370,20,-306,1,-45218
-39,14,154,-45657,8,-366,1,-45965
-20,7,146,-45892,8,-365,0,-45732
-51,-14,130,-46179,56,-396,1,46447
-27,-24,141,-46456,7,-405,1,46183
-44,-24,146,-46742,32,-400,1,46999
-41,-26,132,-47046,31,-404,1,46847
-45,-33,107,-47413,45,-424,1,47322
-38,-47,84,-47836,35,-457,1,47980
-36,-57,72,-48280,37,-465,1,48434
-33,-60,59,-48673,34,-476,1,49146
-20,-60,48,-49058,1,-488,0,48733
6,-54,48,-49422,-89,-470,0,49281
28,-41,48,-49647,-160,-410,1,49391
28,-21,37,-49698,-178,-370,1,50127
44,4,31,-49575,-253,-228,1,-49550
24,32,33,-49186,-117,-93,0,-49171
-22,42,47,-48850,77,-90,0,-48856
-44,43,67,-48790,110,-165,1,-48672
-42,47,86,-48880,72,-199,1,-48691
-50,43,113,-49024,75,-236,1,-49080
-70,41,127,-49176,76,-268,1,-49473
-33,26,124,-49380,18,-286,1,-49578
-29,30,131,-49598,4,-304,1,-49173
-20,19,131,-49794,-14,-320,0,49970
-25,10,137,-49981,11,-344,1,-49913
-55,4,139,-50173,49,-342,1,-49699
-38,0,151,-50344,15,-364,1,-50547
-32,-2,142,-50575,33,-370,1,50253
-49,-6,130,-50853,56,-375,1,51038
-43,-15,112,-51187,48,-390,1,50704
-49,-28,96,-51588,64,-414,1,51222
-39,-52,70,-52062,51,-472,1,51945
-26,-60,63,-52494,22,-477,1,52441
-16,-56,53,-52812,-5,-462,0,-53134
-6,-41,48,-52950,-31,-418,0,-53110
4,-29,44,-52852,-68,-401,0,53142
1,-7,29,-52600,-43,-305,0,52341
-5,17,34,-52318,7,-142,0,-52451
-14,48,42,-51922,22,-80,0,-51870
-29,67,69,-51571,52,-91,1,-51462
-35,54,73,-51448,75,-144,1,-51310
-53,54,92,-51402,76,-187,1,-51299
-49,57,105,-51384,50,-203,1,-51245
-60,69,128,-51476,58,-221,1,-51465
-51,63,116,-51730,48,-260,1,-52057
-43,62,114,-51973,34,-251,1,-52154
-31,50,140,-52208,18,-283,1,-51781
-49,44,136,-52506,52,-282,1,-52388
-69,33,108,-52897,110,-316,1,-53248
-76,25,105,-53333,121,-325,1,-53586
-74,17,98,-53835,110,-317,1,-54050
-67,6,98,-54300,98,-357,1,-54585
-59,-5,101,-54723,72,-365,1,54462
-46,-23,96,-55139,47,-396,1,54942
-53,-34,90,-55498,58,-412,1,55588
-54,-50,79,-55873,65,-434,1,56312
-39,-68,59,-56265,38,-483,1,55889
-19,-62,36,-56497,0,-497,0,56649
-9,-33,38,-56468,-15,-408,0,-56583
-2,-14,42,-56246,-40,-321,0,-56055
4,0,41,-55924,-70,-264,0,-56095
8,22,41,-55609,-76,-133,0,-55747
-4,49,58,-55361,-6,-89,0,55319
-33,70,78,-55105,41,-125,1,-55103
-40,71,84,-54964,49,-142,1,-54841
-37,59,91,-55082,54,-174,1,-55286
-40,59,105,-55321,53,-198,1,-55455
-39,58,119,-55562,34,-231,1,-55718
-34,55,117,-55941,45,-250,1,-55857
-53,50,113,-56516,86,-275,1,-56820
-72,39,99,-57090,97,-305,1,-56913
-63,25,108,-57549,76,-334,1,-57734
-68,13,116,-57990,82,-334,1,-58276
-58,-2,129,-58365,28,-405,1,58062
-38,-25,123,-58649,36,-399,1,58615
-73,-25,125,-58933,90,-404,1,59347
-62,-33,114,-59298,62,-415,1,58989
-48,-54,91,-59750,46,-453,1,59597
-42,-68,64,-60128,55,-485,1,60197
-52,-67,46,-60407,98,-469,1,59932
-44,-55,37,-60596,77,-444,1,60798
0,-46,34,-60601,-57,-463,0,60739
10,-25,31,-60403,-93,-398,0,59948
-5,-1,24,-60018,24,-283,0,60269
-15,19,19,-59570,98,-96,0,-59521
-41,52,41,-59219,113,-86,1,-59201
-56,59,57,-59127,103,-157,1,-58940
-46,57,66,-59243,81,-161,1,-59343
-82,60,111,-59477,106,-230,1,-59611
-75,35,110,-59807,81,-277,1,-59616
-69,29,127,-60070,66,-297,1,-60395
-60,33,127,-60394,59,-300,1,-60064
-51,25,131,-60758,55,-307,1,-60668
-66,21,123,-61153,92,-343,1,-61383
-85,-1,106,-61577,130,-363,1,61789
-100,-24,98,-62063,177,-432,1,62309
-101,-26,91,-62563,160,-389,1,62819
-87,-21,81,-63097,162,-401,1,63322
-80,-40,59,-63642,154,-436,1,63968
-65,-51,55,-64112,103,-451,1,64396
-63,-55,56,-64453,83,-447,1,64026
-61,-62,48,-64671,73,-454,1,64800
-66,-59,46,-64777,60,-419,1,64704
-31,-62,39,-64839,24,-493,1,64693
-30,-52,34,-64851,52,-475,1,64691
-7,-39,16,-64686,-27,-509,0,-64890
19,-2,11,-64307,-286,-270,0,64313
18,38,20,-63837,-124,-53,0,-63794
-4,71,74,-63444,5,-71,0,-63389
-26,66,78,-63281,71,-111,1,-63248
-62,54,76,-63312,124,-187,1,-63438
-85,49,63,-63449,169,-218,1,-63474
-82,48,96,-63650,120,-242,1,-63531
-80,39,106,-63932,116,-274,1,-63712
-86,31,92,-64335,161,-288,1,-64230
-122,30,91,-64842,183,-291,1,-64740
-104,24,83,-65441,173,-298,1,-65036
-131,17,81,-66148,209,-329,1,-66364
-132,2,76,-66973,205,-360,1,-66809
-115,-13,67,-67818,213,-373,1,67958
-117,-7,79,-68595,196,-355,1,68202
-105,-7,83,-69348,161,-359,1,69402
-80,-21,73,-70078,128,-387,1,69806
-71,-32,61,-70696,111,-409,1,71095
-67,-38,52,-71155,121,-415,1,70725
-58,-47,43,-71480,90,-437,1,71398
-39,-64,30,-71640,36,-493,1,71195
-20,-64,33,-71595,-2,-509,0,-71257
-11,-44,41,-71284,-20,-431,0,-71621
-17,-12,50,-70753,22,-301,0,71025
-13,16,53,-70153,6,-156,0,-70335
-8,43,67,-69641,-14,-141,0,69860
-7,58,70,-69301,-8,-124,0,69296
-30,62,71,-69139,56,-128,1,-69171
-49,62,69,-69083,83,-155,1,-68956
-47,53,83,-69091,62,-196,1,-68949
-35,41,95,-69223,44,-232,1,-69371
-64,40,101,-69485,106,-260,1,-69237
-68,35,105,-69824,88,-281,1,-70134
-69,44,113,-70179,83,-279,1,-70526
-70,30,114,-70589,87,-311,1,-70392
-82,27,122,-71016,85,-326,1,-70725
-59,10,126,-71516,67,-354,1,-71221
-72,-2,124,-72039,98,-367,1,71763
-79,0,134,-72580,87,-347,1,-72262
-63,-8,128,-73146,71,-401,1,72916
-56,-16,106,-73677,73,-380,1,73391
-55,-30,87,-74215,80,-421,1,73837
-47,-47,71,-74747,59,-459,1,74319
-30,-64,49,-75178,33,-514,1,75673
-37,-72,30,-75481,64,-516,1,74981
-28,-69,27,-75666,37,-511,1,75277
-14,-61,23,-75613,-10,-486,0,-75413
5,-24,28,-75248,-81,-406,0,74790
-3,11,30,-74671,-10,-164,0,74513
-13,41,42,-74123,20,-73,0,-74204
-23,62,78,-73754,20,-136,0,-73967
-12,46,77,-73565,8,-171,0,-73621
-40,36,79,-73527,88,-218,1,-73721
-66,34,77,-73658,130,-248,1,-73698
-74,25,94,-73839,104,-277,1,-74016
-67,22,118,-73870,52,-291,1,-74171
-30,24,126,-73893,13,-285,1,-74190
-50,33,130,-74064,55,-286,1,-73973
-48,38,141,-74301,37,-281,1,-74631
-50,23,135,-74607,59,-324,1,-74421
-65,3,152,-74981,63,-342,1,-75095
-64,2,156,-75438,82,-366,1,-75569
-94,4,124,-75976,129,-347,1,-76091
-84,0,91,-76623,139,-371,1,-76477
-66,-26,67,-77326,123,-419,1,77772
-48,-43,58,-78005,84,-455,1,78106
-36,-53,50,-78563,53,-478,1,78636
-25,-55,42,-78944,23,-484,1,79276
-19,-51,45,-79119,13,-468,0,79071
-6,-49,49,-79107,-27,-432,0,-79026
1,-29,43,-78836,-47,-407,0,78463
0,-7,37,-78308,-36,-291,0,78019
-9,16,31,-77649,30,-164,0,-77801
-21,41,31,-76990,59,-80,0,-77034
-32,76,77,-76541,47,-99,1,-76461
-42,69,78,-76369,67,-136,1,-76470
-52,60,79,-76188,67,-168,1,-76093
-49,68,103,-75965,43,-183,1,-75826
-53,69,112,-76115,60,-216,1,-76220
-44,65,110,-76496,40,-239,1,-76303
-32,56,121,-76857,28,-274,1,-77161
-58,38,122,-77322,74,-293,1,-77570
-86,29,130,-77865,101,-336,1,-78284
-71,16,138,-78354,81,-348,1,-78789
-68,5,133,-78852,88,-341,1,-79312
-61,0,126,-79304,81,-361,1,-79040
-63,0,118,-79711,78,-342,1,-79375
-77,-13,89,-80185,121,-378,1,79906
-67,-35,59,-80713,124,-428,1,80583
-50,-54,33,-81221,101,-488,1,81120
-40,-54,25,-81634,84,-483,1,81759
-34,-40,36,-81858,76,-421,1,81416
-12,-23,41,-81891,11,-390,0,81498
-2,-18,39,-81661,-28,-355,0,-81841
-6,0,43,-81154,7,-245,0,-81375
-23,30,82,-80484,32,-183,0,-80558
-25,28,65,-80022,57,-197,1,-79919
-54,35,63,-79856,130,-206,1,-79755
-71,30,73,-79767,107,-246,1,-79643
-50,24,103,-79828,49,-267,1,-79526
-53,16,121,-79950,35,-291,1,-80147
-18,11,141,-80083,-20,-312,0,80227
-40,18,147,-80206,28,-310,1,-80066
-27,12,142,-80331,8,-344,1,-79887
-38,9,138,-80453,51,-356,1,-80818
-63,-7,124,-80630,96,-389,1,80726
-69,-23,119,-80883,121,-410,1,80436
-108,-24,110,-81263,187,-403,1,80982
-91,-31,94,-81807,147,-402,1,81557
-80,-43,79,-82444,134,-425,1,82700
-78,-52,63,-83068,129,-447,1,83206
-61,-62,47,-83606,96,-473,1,83712
-55,-65,38,-84006,77,-471,1,84461
-25,-71,24,-84230,-2,-530,1,-84817
-15,-62,24,-84181,-15,-512,0,-84237
-7,-45,28,-83844,-26,-477,0,-83571
1,-29,34,-83375,-53,-411,0,83005
5,5,40,-82916,-67,-217,0,-82772
-2,40,42,-82448,-18,-71,0,82521
-32,78,62,-81930,50,-70,1,-81939
-54,69,63,-81520,82,-125,1,-81422
-39,45,62,-81247,69,-165,1,-81290
-37,46,80,-81270,66,-192,1,-81362
-41,42,93,-81513,67,-227,1,-81558
-54,47,99,-81793,75,-245,1,-81734
-51,46,115,-82074,62,-266,1,-82371
-60,51,121,-82382,89,-274,1,-82168
-85,46,116,-82799,131,-296,1,-82632
-83,26,106,-83271,131,-328,1,-83108
-92,9,100,-83695,142,-332,1,-83743
-97,7,103,-84137,144,-329,1,-84340
-112,5,98,-84602,165,-335,1,-84890
-85,-5,91,-85199,130,-358,1,85281
-68,-16,96,-85807,92,-385,1,85725
-55,-32,97,-86327,74,-416,1,86184
-74,-45,83,-86769,113,-432,1,86811
-86,-70,63,-87189,116,-467,1,87326
-89,-85,48,-87566,104,-467,1,87944
-59,-82,30,-87830,71,-496,1,87755
-28,-69,16,-87886,28,-532,1,87310
-10,-39,19,-87647,5,-512,0,87962
-5,-15,26,-87219,-6,-365,0,-87498
8,11,34,-86885,-86,-198,0,-87000
14,46,27,-86619,-83,-25,0,-86570
-15,70,35,-86237,25,-17,0,-86205
-54,81,70,-86005,88,-134,1,-85769
-66,57,57,-86123,134,-189,1,-86035
-87,36,79,-86351,151,-264,1,-86241
-81,32,90,-86698,125,-279,1,-87020
-68,14,102,-87138,107,-332,1,-87402
-81,12,106,-87617,145,-342,1,-87986
-96,0,93,-88189,194,-368,1,-88529
-131,-14,78,-88791,231,-379,1,88969
-114,-21,80,-89407,199,-387,1,89165
-129,-38,72,-90093,217,-404,1,89672
-128,-66,76,-90795,173,-429,1,91098
-120,-49,73,-91398,184,-392,1,91191
-110,-30,62,-91912,184,-364,1,91801
-96,-36,43,-92350,179,-386,1,92635
-77,-47,32,-92670,150,-425,1,92290
-64,-61,0,-92836,108,-465,1,92959
-56,-40,-1,-92837,129,-405,1,-93091
-15,-1,12,-92634,98,-267,0,92337
16,29,26,-92241,-167,-74,0,-92331
7,43,35,-91741,-85,-60,0,-91711
0,50,43,-91309,-47,-90,0,-91329
-12,53,71,-90924,-5,-145,0,91076
-14,46,82,-90657,5,-188,0,-90862
-32,35,89,-90499,57,-231,1,-90428
-33,16,106,-90430,63,-292,1,-90233
-71,18,111,-90392,128,-300,1,-90245
-82,5,121,-90448,125,-339,1,-90191
-86,3,138,-90522,111,-335,1,-90216
-81,13,148,-90664,96,-324,1,-91087
-79,-5,119,-90972,114,-365,1,90747
-78,-10,109,-91342,128,-374,1,91410
-102,-20,96,-91846,166,-390,1,92147
-92,-26,88,-92379,150,-383,1,92459
-90,-32,80,-92939,159,-403,1,92690
-81,-33,86,-93494,128,-398,1,93213
-72,-33,94,-94021,105,-389,1,93843
-75,-39,86,-94516,106,-401,1,94448
-75,-45,76,-94930,98,-401,1,94986
-66,-52,60,-95304,77,-420,1,95716
-36,-72,13,-95636,38,-525,1,96211
-18,-52,24,-95793,15,-508,0,96252
-5,-22,44,-95669,-30,-353,0,-95479
11,-1,34,-95432,-111,-254,0,95359
1,30,36,-95034,-37,-89,0,-95101
2,45,37,-94579,-24,-49,0,-94558
-29,59,48,-94252,102,-65,1,-94234
-55,62,65,-94109,127,-149,1,-94014
-80,53,69,-94089,146,-207,1,-94185
-76,48,84,-94205,125,-233,1,-94022
-90,43,88,-94457,144,-266,1,-94537
-89,41,98,-94772,116,-284,1,-95053
-82,34,109,-95138,100,-289,1,-94969
-86,19,112,-95561,113,-333,1,-95297
-85,14,120,-95988,94,-342,1,-96218
-69,4,115,-96398,93,-361,1,-96649
-89,-3,117,-96794,124,-370,1,97080
-86,-16,112,-97189,120,-391,1,96883
-84,-25,105,-97581,121,-387,1,97526
-83,-29,88,-98007,134,-410,1,98268
-72,-36,70,-98466,115,-424,1,98644
-57,-50,56,-98937,93,-452,1,99284
-51,-57,43,-99319,86,-471,1,98900
-46,-56,23,-99530,88,-469,1,99659
-29,-50,25,-99557,49,-469,1,99638
-10,-37,39,-99381,-3,-438,0,-99724
-18,-13,48,-99033,40,-303,0,99313
-16,11,58,-98614,26,-205,0,-98784
-21,32,60,-98187,50,-121,0,-98251
-24,49,62,-97883,53,-121,0,-97806
-44,50,50,-97681,120,-132,1,-97604
-75,54,58,-97598,161,-178,1,-97641
-86,51,64,-97670,158,-211,1,-97773
-86,54,82,-97865,129,-225,1,-97820
-75,51,95,-98156,97,-238,1,-98243
-67,47,94,-98546,93,-256,1,-98404
-81,43,94,-99047,115,-277,1,-99240
-87,41,96,-99565,115,-294,1,-99751
-92,26,98,-100103,125,-308,1,-99945
-91,6,96,-100617,117,-357,1,-100391
-105,-3,112,-101026,119,-372,1,101308
-64,-14,120,-101398,70,-374,1,101743
-54,-23,112,-101794,66,-410,1,101418
-48,-35,103,-102204,45,-444,1,102084
-53,-46,97,-102627,51,-434,1,102683
-45,-72,71,-103068,29,-505,1,103249
-35,-78,36,-103439,40,-540,1,104053
-38,-72,13,-103665,57,-515,1,104103
-20,-49,24,-103689,3,-475,0,103656
9,-32,39,-103464,-105,-401,0,103916
2,-13,43,-103050,-57,-290,0,103351
-2,16,56,-102630,-21,-181,0,102510
-10,36,52,-102303,9,-132,0,-102160
-12,57,65,-102108,23,-93,0,-102114
-32,62,55,-101954,73,-97,1,-102014
-62,62,67,-101872,119,-160,1,-101701
-73,61,69,-101980,107,-198,1,-102087
-42,47,84,-102181,35,-232,1,-102322
-36,54,116,-102462,41,-244,1,-102534
-53,38,113,-102887,73,-270,1,-102595
-80,40,123,-103368,106,-295,1,-103061
-75,25,118,-103858,106,-327,1,-103612
-100,15,117,-104389,153,-350,1,-103963
-111,1,115,-105037,160,-374,1,-105351
-100,-8,114,-105720,144,-385,1,105970
-94,-22,83,-106406,162,-384,1,106080
-97,-20,87,-107030,146,-359,1,107462
-82,-17,84,-107616,122,-355,1,107857
-71,-30,74,-108167,110,-385,1,108410
-51,-47,64,-108653,72,-435,1,109001
-35,-64,46,-109047,29,-493,1,108599
-15,-74,29,-109210,-22,-533,0,-108737
2,-48,32,-108919,-64,-471,0,108688
-5,-26,44,-108314,-18,-369,0,-108108
-8,-3,46,-107649,5,-285,0,107952
-6,20,53,-107042,-1,-166,0,107170
-13,44,57,-106547,21,-119,0,-106571
-24,61,49,-106162,53,-87,0,-106188
-46,65,55,-105859,97,-122,1,-105923
-53,65,55,-105706,118,-144,1,-105554
-57,71,57,-105751,105,-149,1,-105903
-70,74,72,-105878,122,-170,1,-105731
-78,67,73,-106134,144,-198,1,-106117
-76,54,68,-106575,154,-226,1,-106512
-91,48,66,-107076,168,-243,1,-107059
-103,37,68,-107630,186,-284,1,-107977
-105,24,60,-108250,214,-318,1,-108414
-117,11,62,-108902,218,-326,1,-108729
-117,4,62,-109525,215,-335,1,-109057
-127,-3,64,-110201,232,-347,1,110581
-126,-11,61,-110968,229,-364,1,110768
-106,-17,61,-111745,207,-385,1,112008
-121,-31,57,-112534,212,-404,1,112270
-106,-43,61,-113310,165,-433,1,113653
-106,-54,63,-114022,148,-429,1,113725
-100,-65,53,-114685,120,-439,1,114215
-62,-79,28,-115194,67,-492,1,114749
-32,-63,-1,-115330,36,-513,1,-114824
-12,-56,-6,-115061,-26,-550,0,115571
8,-33,3,-114515,-112,-543,0,113930
-5,-5,27,-113876,9,-290,0,114146
-8,16,36,-113419,30,-150,0,-113585
-14,45,45,-113098,34,-111,0,-113035
-53,56,51,-112802,142,-147,1,-112770
-75,45,48,-112828,198,-214,1,-112893
-95,28,45,-112996,223,-269,1,-112861
-115,26,58,-113171,225,-282,1,-113596
-122,21,80,-113482,199,-301,1,-113310
-128,14,82,-113924,180,-321,1,-113880
-115,0,86,-114430,174,-344,1,-114468
-127,-3,89,-115028,191,-353,1,114858
-129,-8,87,-115700,189,-362,1,115444
-126,-8,86,-116364,181,-364,1,116602
-108,-14,81,-117017,170,-384,1,116985
-100,-16,81,-117614,160,-363,1,117401
-90,-23,74,-118219,143,-388,1,117952
-80,-35,65,-118764,134,-404,1,118481
-69,-42,54,-119285,115,-430,1,118898
-51,-50,34,-119749,105,-468,1,119388
-45,-53,33,-120034,83,-467,1,120154
-34,-61,32,-120104,43,-489,1,120026
-22,-49,45,-119923,9,-441,0,120265
-7,-34,50,-119524,-18,-397,0,-119658
-8,-14,46,-118940,6,-324,0,119288
-19,9,52,-118235,58,-226,0,-118061
-30,24,53,-117554,97,-190,1,-117727
-55,30,53,-117023,156,-205,1,-117073
-72,25,55,-116630,184,-238,1,-116651
-81,25,62,-116374,177,-251,1,-116395
-99,27,71,-116242,177,-258,1,-116637
-93,36,80,-116213,149,-243,1,-116153
-109,51,107,-116354,137,-239,1,-116434
-104,46,96,-116703,140,-258,1,-116346
-91,32,91,-117222,141,-271,1,-116805
-114,29,90,-117892,171,-297,1,-118070
-110,17,84,-118680,176,-321,1,-118349
-118,19,100,-119502,168,-319,1,-119643
-105,9,98,-120354,157,-340,1,-120816
-117,1,85,-121168,180,-350,1,-120966
-104,-7,69,-121963,182,-369,1,122251
-90,-18,52,-122736,192,-389,1,122452
-74,-33,35,-123446,173,-437,1,123749
-62,-50,22,-123963,139,-469,1,124284
-46,-64,17,-124237,71,-504,1,124156
-28,-62,22,-124183,20,-507,1,124107
-19,-45,30,-123736,11,-456,0,123577
-13,-28,30,-123010,22,-433,0,123180
-17,-5,30,-122232,83,-285,0,121904
-27,18,31,-121489,130,-132,1,-121478
-36,51,51,-120846,86,-113,1,-120844
-53,57,64,-120392,105,-167,1,-120519
-68,39,66,-120195,152,-223,1,-120290
-85,29,68,-120142,169,-269,1,-120039
-77,14,79,-120282,161,-301,1,-119899
-107,18,89,-120450,183,-296,1,-120628
-114,18,85,-120737,206,-307,1,-120426
-132,15,81,-121141,212,-310,1,-120844
-135,17,82,-121663,201,-305,1,-121346
-135,16,75,-122329,211,-308,1,-122087
-140,15,70,-123136,225,-321,1,-123296
-127,13,65,-123964,220,-319,1,-124393
-119,9,56,-124724,223,-310,1,-124574
-104,0,58,-125421,197,-320,1,-125001
-93,-11,62,-126015,163,-343,1,126368
-95,-23,60,-126493,152,-362,1,126874
-66,-33,55,-126849,117,-394,1,126505
-50,-43,51,-127074,84,-426,1,127415
-48,-48,41,-127090,97,-434,1,127371
-36,-40,37,-126850,82,-421,1,126549
-33,-19,44,-126337,91,-356,1,126117
-23,-3,41,-125704,70,-283,0,125540
-18,12,36,-125078,68,-202,0,-124964
-29,30,42,-124469,87,-165,1,-124653
-44,51,66,-123929,87,-165,1,-124083
-62,48,51,-123531,159,-175,1,-123527
-73,44,48,-123284,171,-202,1,-123303
-84,43,62,-123195,182,-229,1,-123182
-97,42,64,-123370,190,-251,1,-123301
-109,38,69,-123709,194,-275,1,-123617
-116,26,67,-124181,203,-303,1,-124121
-118,19,78,-124821,200,-323,1,-124470
-118,10,77,-125549,203,-340,1,-125894
-142,-3,69,-126360,247,-359,1,126159
-153,-8,65,-127196,229,-352,1,127420
-137,-2,73,-127951,205,-333,1,127628
-119,-6,77,-128692,171,-335,1,128875
-94,-11,81,-129409,126,-350,1,129190
-85,-25,74,-130109,113,-382,1,130357
-73,-35,69,-130752,105,-402,1,130923
-54,-49,52,-131327,71,-456,1,131404
-32,-63,25,-131750,32,-530,1,131247
-12,-60,22,-131907,-22,-542,0,-131439
6,-48,28,-131738,-90,-490,0,131870
12,-27,29,-131278,-119,-410,0,131371
10,2,34,-130654,-104,-229,0,-130807
-1,35,33,-130001,-16,-61,0,130019
-24,68,51,-129462,54,-48,0,-129487
-47,76,53,-129196,103,-85,1,-129229
-67,65,60,-129141,138,-150,1,-129112
-83,53,71,-129225,148,-209,1,-129200
-83,47,82,-129464,127,-239,1,-129291
-78,36,98,-129733,99,-274,1,-129983
-57,30,119,-130038,65,-291,1,-129733
-82,42,125,-130426,95,-293,1,-130056
-63,24,122,-130864,74,-324,1,-130682
-89,10,115,-131362,128,-334,1,-131279
-107,2,114,-131954,162,-365,1,-131751
-113,-13,105,-132575,178,-386,1,132347
-113,-24,95,-133197,187,-403,1,133470
-108,-21,76,-133800,204,-396,1,134096
-103,-22,62,-134434,191,-383,1,134318
-82,-30,57,-135141,135,-395,1,134815
-54,-47,45,-135786,77,-443,1,136107
-37,-56,36,-136213,42,-474,1,136659
-26,-53,31,-136337,26,-476,1,136544
-32,-41,31,-136145,69,-440,1,135689
-12,-18,36,-135710,0,-352,0,136062
-9,2,38,-135149,6,-232,0,-134948
-12,22,37,-134580,22,-151,0,-134410
-8,43,34,-134092,1,-49,0,-134135
-25,75,84,-133693,17,-127,1,-133720
-37,61,69,-133361,50,-147,1,-133136
-61,51,72,-133010,72,-197,1,-132954
-10,42,104,-132808,-33,-231,0,132680
-14,44,116,-132862,5,-242,0,-132703
-43,53,132,-133000,51,-265,1,-132645
-17,50,130,-133249,9,-259,0,-133418
-46,40,126,-133614,90,-290,1,-133359
-72,27,122,-134137,123,-301,1,-133771
-102,16,115,-134776,189,-332,1,-135045
-139,15,104,-135459,215,-320,1,-135205
-119,9,89,-136193,221,-339,1,-136619
-127,0,73,-136998,261,-359,1,-137075
-122,-13,51,-137898,230,-366,1,138087
-106,-35,37,-138853,204,-403,1,139095
-97,-38,35,-139802,179,-407,1,140121
-64,-43,26,-140714,124,-448,1,140390
-38,-53,27,-141464,51,-505,1,141653
-29,-63,27,-141975,34,-528,1,141441
-7,-66,26,-142152,-40,-529,0,-141616
-3,-61,17,-141897,-40,-564,0,-141426
5,-36,20,-141220,-84,-487,0,140838
-1,-8,30,-140293,-38,-305,0,-140555
-2,26,46,-139383,-30,-128,0,139299
-13,50,41,-138651,22,-51,0,-138668
-29,76,54,-138265,69,-62,1,-138246
-57,75,43,-138131,129,-110,1,-138022
-72,60,53,-138141,157,-172,1,-138216
-85,47,67,-138283,179,-218,1,-138364
-119,44,94,-138539,174,-262,1,-138375
-100,37,95,-138936,147,-277,1,-139051
-104,35,109,-139351,133,-288,1,-139751
-99,33,103,-139869,138,-289,1,-140242
-121,25,90,-140508,184,-331,1,-140562
-114,26,94,-141175,163,-320,1,-141021
-110,14,92,-141896,182,-342,1,-142233
-138,2,90,-142687,196,-359,1,-142383
-107,-7,89,-143498,164,-373,1,143727
-109,-20,74,-144294,179,-390,1,144037
-93,-28,64,-145108,150,-399,1,145359
-67,-39,53,-145910,118,-429,1,145533
-51,-57,30,-146567,85,-490,1,146733
-39,-64,16,-147039,52,-514,1,146529
-29,-63,19,-147274,22,-509,1,147089
-7,-56,26,-147306,-47,-510,0,-147092
-3,-40,38,-147160,-48,-455,0,-147264
12,-18,41,-146910,-116,-361,0,146672
11,11,51,-146646,-91,-197,0,-146555
0,41,67,-146396,-43,-152,0,-146191
0,44,63,-146228,-45,-137,0,-146311
-1,44,69,-146107,-35,-150,0,146022
-19,43,101,-146014,3,-205,0,-146125
-10,21,109,-145997,-5,-263,0,146237
-15,18,112,-146007,14,-284,0,-146222
-43,11,120,-146082,54,-310,1,-146425
-23,20,131,-146228,31,-307,0,-146078
-59,18,136,-146404,97,-320,1,-145951
-67,14,141,-146676,100,-333,1,-146714
-76,1,134,-147050,109,-340,1,-147353
-95,0,128,-147496,151,-355,1,-147728
-104,-1,114,-148020,163,-344,1,148433
-121,-8,100,-148670,218,-377,1,148743
-110,-8,91,-149381,186,-363,1,149094
-99,-15,71,-150103,186,-372,1,150455
-89,-24,61,-150804,163,-381,1,150717
-84,-32,57,-151448,141,-389,1,151272
-55,-43,49,-151998,95,-434,1,151677
-37,-56,37,-152391,43,-490,1,152241
-34,-66,25,-152569,43,-524,1,151970
-22,-59,15,-152491,21,-537,0,151941
-8,-30,23,-152117,-9,-452,0,-152561
-13,0,32,-151526,45,-252,0,-151326
-6,27,40,-150904,-10,-112,0,150821
-6,57,67,-150297,-10,-91,0,150326
-41,70,70,-149804,72,-126,1,-149814
-66,60,66,-149464,143,-157,1,-149497
-79,41,86,-149240,139,-223,1,-149137
-79,32,103,-149155,116,-258,1,-149470
-77,24,101,-149270,102,-284,1,-149083
-64,20,101,-149568,73,-307,1,-149770
-54,24,112,-149914,58,-296,1,-149723
-61,13,116,-150284,70,-333,1,-150088
-51,21,135,-150617,51,-315,1,-151027
-77,6,128,-150962,106,-359,1,-150645
-86,-6,125,-151351,109,-361,1,151069
-87,-24,115,-151812,124,-407,1,151768
-91,-30,115,-152309,125,-410,1,152359
-77,-36,112,-152865,100,-406,1,152781
-68,-39,97,-153433,98,-431,1,153235
-54,-41,84,-153967,72,-434,1,153821
-47,-45,68,-154453,72,-441,1,154337
-43,-64,38,-154860,63,-502,1,154897
-39,-67,20,-155106,60,-502,1,154715
-29,-61,17,-155132,44,-494,1,154632
-16,-42,27,-154972,22,-479,0,154796
-9,-21,42,-154645,-5,-353,0,-154949
-6,1,42,-154281,-10,-264,0,154506
-3,34,58,-153829,-28,-127,0,153753
-15,49,69,-153370,11,-121,0,-153363
-37,56,66,-152996,78,-122,1,-153034
-59,52,85,-152719,88,-188,1,-152630
-39,31,96,-152632,55,-231,1,-152765
-47,29,101,-152723,70,-250,1,-152697
-62,32,95,-152963,80,-264,1,-152725
-36,36,112,-153267,31,-275,1,-153548
-59,46,123,-153587,75,-271,1,-153308
-68,36,119,-153954,96,-294,1,-153656
-92,31,115,-154370,129,-311,1,-154243
-89,20,112,-154862,130,-328,1,-154904
-84,8,112,-155403,134,-351,1,-155387
-97,-1,110,-155974,143,-350,1,155802
-92,-7,104,-156588,158,-391,1,156293
-88,-18,95,-157157,150,-391,1,156910
-79,-20,84,-157656,139,-378,1,157231
-77,-27,67,-158114,148,-400,1,157868
-71,-40,55,-158551,131,-429,1,158252
-65,-55,38,-158920,117,-465,1,159025
-63,-66,20,-159164,109,-485,1,158810
-38,-70,17,-159230,32,-513,1,159663
-33,-65,22,-159046,27,-491,1,158913
-17,-41,25,-158651,9,-457,0,158296
-13,-3,41,-158087,20,-288,0,157864
-20,21,57,-157490,33,-168,0,-157579
-18,45,69,-157092,7,-131,0,-157022
-13,62,80,-156861,-14,-148,0,156738
-29,67,69,-156721,14,-139,1,-156846
-48,52,83,-156735,30,-205,1,-156840
-18,35,103,-156924,-37,-252,0,156787
-10,23,128,-157191,-21,-290,0,157615
-12,10,132,-157412,12,-330,0,-157474
-33,15,130,-157570,43,-319,1,-157243
-31,11,133,-157723,51,-349,1,-158183
-63,4,136,-157935,84,-346,1,-158035
-72,-10,127,-158241,127,-415,1,158707
-73,-18,110,-158598,131,-403,1,158368
-83,-27,97,-159018,148,-409,1,158735
-82,-29,98,-159461,137,-402,1,159696
-81,-32,90,-159926,132,-395,1,160173
-78,-37,74,-160422,134,-415,1,160669
-74,-43,63,-160922,123,-429,1,161041
-56,-51,44,-161392,88,-469,1,161737
-38,-59,32,-161763,68,-515,1,161176
-37,-72,16,-161963,55,-537,1,162549
-25,-70,12,-161935,19,-537,1,162519
-5,-59,11,-161605,-31,-557,0,-161090
-3,-38,15,-160976,-18,-517,0,-161521
-17,5,29,-160101,88,-208,0,-160250
-30,46,49,-159222,67,-69,1,-159220
-30,78,68,-158577,35,-71,1,-158466
-49,81,74,-158092,72,-112,1,-158085
-69,71,73,-157931,108,-168,1,-157801
-75,59,72,-158175,133,-204,1,-158123
-67,52,82,-158616,119,-227,1,-158502
-71,44,76,-159097,135,-246,1,-159024
-96,46,77,-159556,173,-258,1,-159441
-114,31,79,-160148,197,-295,1,-159827
-138,27,79,-160839,189,-318,1,-161049
-102,8,86,-161540,159,-342,1,-161522
-114,3,84,-162293,186,-351,1,-161846
-119,1,85,-163069,170,-357,1,-163092
-85,-10,84,-163824,135,-376,1,163349
-91,-22,76,-164520,147,-396,1,164799
-73,-38,73,-165146,102,-423,1,165118
-67,-47,71,-165665,93,-425,1,165629
-59,-59,53,-166060,73,-455,1,166162
-57,-58,51,-166284,62,-436,1,165943
-25,-58,41,-166368,11,-486,1,165946
-17,-49,43,-166293,-3,-446,0,-165923
-7,-33,45,-166017,-22,-416,0,-166148
3,-11,37,-165538,-63,-313,0,165769
2,17,39,-165013,-52,-154,0,-164873
6,52,55,-164521,-53,-98,0,-164603
-7,69,69,-164155,-4,-93,0,164193
-32,69,58,-164013,40,-121,1,-164000
-25,52,63,-164005,27,-164,1,-163853
-52,50,113,-164100,68,-226,1,-164310
-52,40,123,-164318,73,-262,1,-164083
-57,34,128,-164618,88,-286,1,-164566
-70,41,123,-164994,94,-275,1,-165338
-63,27,114,-165420,100,-311,1,-165678
-78,22,105,-165873,124,-304,1,-165523
-96,9,100,-166378,165,-341,1,-165930
-98,-5,90,-166939,165,-350,1,167390
-110,-10,93,-167542,186,-376,1,167810
-102,-11,96,-168147,157,-365,1,168239
-92,-18,84,-168751,153,-379,1,168656
-86,-24,73,-169344,150,-389,1,169061
-81,-30,67,-169933,137,-399,1,169670
-69,-40,64,-170457,114,-416,1,170005
-61,-46,62,-170887,86,-433,1,170572
-50,-54,51,-171178,65,-454,1,171289
-36,-58,39,-171264,36,-474,1,171324
-20,-51,31,-171147,10,-485,0,171352
-12,-41,30,-170831,2,-456,0,170676
-13,-18,47,-170309,12,-327,0,170046
-13,4,64,-169780,11,-237,0,-169887
-17,21,61,-169349,33,-190,0,-169251
-33,37,58,-168964,74,-171,1,-169184
-54,49,51,-168650,112,-163,1,-168496
-49,50,71,-168445,76,-169,1,-168287
-60,53,103,-168349,75,-198,1,-168313
-50,43,124,-168372,45,-237,1,-168216
-57,46,123,-168554,72,-242,1,-168639
-69,56,124,-168827,63,-247,1,-168881
-43,54,120,-169190,45,-268,1,-169381
-73,51,110,-169585,102,-275,1,-169747
-88,39,102,-170032,124,-298,1,-170352
-82,34,109,-170526,113,-308,1,-170819
-72,19,110,-171033,107,-333,1,-171271
-73,12,110,-171509,108,-327,1,-171256
-73,9,104,-171995,112,-350,1,-171742
-63,-6,92,-172450,100,-373,1,172245
-65,-21,79,-172846,107,-384,1,172577
-63,-39,63,-173148,103,-421,1,173500
-53,-47,56,-173305,86,-430,1,173346
-51,-50,44,-173322,81,-430,1,173273
-33,-46,39,-173181,48,-450,1,173476
-11,-30,48,-172877,-24,-379,0,-172549
-10,-13,50,-172515,0,-307,0,172261
-9,6,47,-172134,11,-201,0,-172166
-16,22,42,-171784,53,-156,0,-171929
-48,47,41,-171443,132,-123,1,-171367
-68,65,68,-171096,116,-150,1,-171252
-47,55,76,-170906,81,-176,1,-170802
-57,48,88,-170972,115,-199,1,-170814
-83,59,96,-171237,128,-219,1,-171189
-85,59,90,-171624,122,-233,1,-171716
-86,56,98,-172133,123,-241,1,-172260
-95,46,89,-172803,156,-273,1,-172709
-111,34,83,-173488,205,-297,1,-173143
-141,28,63,-174232,266,-308,1,-174083
-134,23,57,-175013,255,-313,1,-174796
-131,12,54,-175866,248,-327,1,-176125
-127,2,52,-176728,238,-337,1,-177059
-114,-4,52,-177556,213,-335,1,177229
-94,-15,46,-178296,181,-359,1,178650
-85,-28,38,-178886,162,-377,1,179061
-61,-33,34,-179260,139,-401,1,179485
-58,-36,35,-179405,107,-395,1,179479
-32,-42,32,-179377,31,-443,1,179456
-8,-33,39,-179147,-48,-398,0,-178795
-9,-12,49,-178692,-14,-310,0,-178956
-7,5,49,-178150,-4,-228,0,177973
-12,28,46,-177632,23,-159,0,-177518
-29,47,47,-177170,85,-114,1,-177195
-49,54,60,-176804,113,-149,1,-176768
-78,51,65,-176588,148,-199,1,-176550
-71,41,75,-176526,115,-231,1,-176448
-70,34,93,-176609,98,-253,1,-176456
-78,38,108,-176841,93,-267,1,-177052
-64,28,118,-177162,68,-283,1,-177410
-71,37,132,-177484,63,-292,1,-177332
-58,29,133,-177851,57,-296,1,-177927
-72,27,136,-178274,84,-321,1,-178595
-78,17,133,-178791,113,-342,1,-179097
-110,6,126,-179453,148,-341,1,-179499
-104,-3,112,-180202,159,-371,1,179730
-93,-12,93,-180944,165,-380,1,181016
-94,-22,73,-181675,176,-389,1,181404
-80,-28,58,-182334,158,-393,1,182598
-60,-33,47,-182865,125,-409,1,183170
-42,-44,35,-183204,82,-455,1,182805
-32,-45,34,-183266,54,-471,1,182803
-11,-42,35,-183033,-15,-467,0,-183079
-18,-33,44,-182564,22,-404,0,182457
-22,-24,49,-181940,37,-360,0,182208
-20,-6,51,-181191,39,-286,0,180955
-26,12,55,-180435,61,-219,1,-180245
-41,36,69,-179823,68,-186,1,-179930
-42,36,63,-179462,79,-203,1,-179634
-45,40,67,-179355,74,-214,1,-179266
-34,24,91,-179326,36,-259,1,-179515
-42,10,113,-179384,45,-291,1,-179690
-62,7,133,-179500,62,-301,1,-179334
-46,13,145,-179704,43,-309,1,-179291
-60,11,133,-180024,80,-326,1,-179861
-59,12,132,-180377,90,-347,1,-180522
-80,8,124,-180766,105,-330,1,-180998
-79,-4,108,-181241,129,-370,1,180778
-92,-14,92,-181714,176,-381,1,181268
-98,-16,89,-182238,189,-381,1,181800
-100,-25,81,-182810,199,-393,1,183167
-100,-29,76,-183382,198,-395,1,183593
-95,-36,66,-183951,187,-410,1,184208
-86,-47,63,-184483,147,-416,1,184809
-82,-59,52,-184993,124,-438,1,185141
-66,-68,36,-185413,102,-470,1,185810
-42,-69,18,-185679,45,-500,1,185580
-25,-59,14,-185678,13,-508,1,185492
-12,-39,32,-185416,-15,-441,0,-185855
-3,-19,36,-184971,-38,-334,0,-185301
-8,8,44,-184395,-8,-205,0,184480
-14,32,44,-183792,10,-112,0,-183690
0,45,44,-183311,-36,-74,0,-183400
-8,61,64,-183077,-3,-100,0,183101
-50,62,66,-182958,68,-146,1,-182839
-42,55,91,-182962,38,-188,1,-182891
-58,62,122,-183126,47,-218,1,-183262
-31,57,115,-183395,7,-242,1,-183492
-5,47,111,-183694,-11,-265,0,183497
-59,52,114,-184071,98,-278,1,-183823
-66,33,123,-184439,105,-319,1,-184634
-86,16,124,-184847,128,-329,1,-185341
-108,1,133,-185325,151,-374,1,-185059
-94,-2,138,-185879,115,-377,1,186312
-80,-9,109,-186455,119,-373,1,186748
-84,-22,77,-187008,167,-411,1,187210
-85,-33,60,-187545,168,-420,1,187864
-84,-41,58,-188054,148,-422,1,188390
-76,-54,49,-188525,131,-443,1,188697
-65,-59,36,-188902,107,-458,1,188442
-49,-62,24,-189078,66,-475,1,189211
-21,-46,22,-188983,5,-472,0,189385
-9,-38,25,-188639,7,-473,0,188727
-26,-25,36,-188110,96,-367,1,188389
-21,-9,49,-187415,64,-311,0,187727
-34,3,52,-186637,119,-246,1,-186780
-57,26,53,-185906,157,-192,1,-185864
-65,45,53,-185280,146,-159,1,-185321
-86,59,67,-184787,134,-173,1,-184791
-67,55,50,-184565,112,-169,1,-184425
-60,74,89,-184602,62,-170,1,-184742
-68,68,97,-184831,54,-206,1,-184673
-64,59,90,-185173,60,-217,1,-185326
-54,49,99,-185665,58,-236,1,-185846
-71,53,99,-186270,92,-260,1,-186066
-70,42,102,-186897,99,-292,1,-187227
-83,28,100,-187553,133,-325,1,-187721
-98,8,90,-188252,173,-360,1,-188066
-99,-4,98,-188915,157,-379,1,188437
-89,-20,94,-189523,152,-404,1,189775
-97,-27,92,-190078,156,-408,1,190291
-93,-31,89,-190589,140,-408,1,190847
-83,-44,74,-191081,119,-425,1,191367
-75,-56,55,-191530,112,-440,1,191911
-58,-62,34,-191829,71,-463,1,191736
-25,-61,14,-191844,23,-537,1,192325
-15,-37,19,-191467,21,-472,0,190995
-18,-17,23,-190806,79,-364,0,190565
-19,7,41,-190080,51,-209,0,-190115
-13,34,59,-189353,4,-149,0,-189232
-8,53,65,-188763,-7,-107,0,188743
-2,55,50,-188310,-17,-85,0,188375
-32,65,55,-188036,73,-103,1,-188103
-60,65,57,-188079,128,-154,1,-188152
-75,58,59,-188310,150,-192,1,-188405
-96,57,74,-188615,155,-228,1,-188562
-87,64,81,-189072,123,-231,1,-189015
-85,59,90,-189626,130,-255,1,-189684
-102,57,99,-190300,143,-273,1,-190201
-97,34,96,-191037,164,-305,1,-191370
-127,24,91,-191852,226,-324,1,-191733
-163,15,78,-192693,254,-338,1,-193020
-137,8,73,-193566,225,-335,1,-193913
-114,6,70,-194405,203,-335,1,-194260
-106,-6,54,-195225,207,-360,1,195433
-100,-16,50,-195966,195,-365,1,195727
-92,-30,37,-196642,178,-394,1,196986
-74,-47,21,-197220,138,-437,1,197420
-58,-55,14,-197622,89,-464,1,197217
-31,-60,18,-197799,27,-526,1,198276
-17,-53,24,-197748,-26,-496,0,-198076
4,-28,33,-197498,-113,-386,0,197300
5,0,36,-197096,-84,-267,0,-196766
4,32,48,-196621,-60,-110,0,-196685
4,57,56,-196187,-44,-70,0,-196148
-10,68,60,-195921,-3,-97,0,195905
-29,55,72,-195761,39,-146,1,-195687
-58,50,103,-195654,76,-205,1,-195755
-45,35,116,-195786,68,-258,1,-196085
-57,28,104,-196163,110,-284,1,-196473
-84,29,102,-196637,132,-300,1,-197017
-52,35,120,-197158,68,-296,1,-197422
-93,26,116,-197702,150,-322,1,-198052
-109,13,113,-198254,149,-326,1,-198575
-94,0,106,-198828,158,-362,1,-199017
-120,-10,97,-199394,186,-361,1,199471
-126,-17,99,-200006,184,-377,1,199816
-110,-15,95,-200608,164,-372,1,200311
-100,-20,83,-201191,153,-380,1,200740
-93,-26,72,-201747,135,-386,1,202010
-77,-36,58,-202273,117,-404,1,202640
-60,-46,46,-202704,107,-435,1,202285
-50,-49,30,-203040,75,-437,1,203004
-31,-46,31,-203221,37,-455,1,202776
-3,-40,35,-203231,-58,-449,0,-202788
9,-21,36,-202999,-105,-365,0,203209
12,0,35,-202620,-115,-271,0,-202283
16,26,34,-202146,-108,-106,0,-202122
-2,50,52,-201582,-9,-78,0,201517
-15,58,58,-201164,32,-107,0,-201102
-59,52,47,-200955,156,-155,1,-200927
-84,46,72,-200842,152,-216,1,-200945
-92,39,96,-200871,132,-253,1,-200898
-85,35,106,-201032,101,-277,1,-200745
-49,35,133,-201390,64,-287,1,-201575
-77,32,145,-201754,102,-299,1,-202156
-91,34,133,-202184,125,-304,1,-201836
-93,24,113,-202677,135,-303,1,-202284
-108,17,100,-203232,176,-330,1,-202812
-108,5,93,-203851,181,-347,1,-204182
-112,-5,95,-204490,176,-357,1,204586
-102,-5,99,-205117,144,-353,1,205005
-83,-11,93,-205735,121,-361,1,205489
-91,-21,78,-206350,130,-372,1,206847
-82,-29,66,-206921,119,-383,1,207181
-77,-33,57,-207409,119,-391,1,207767
-59,-42,44,-207799,99,-423,1,207439
-38,-51,30,-208079,62,-474,1,208163
-21,-47,28,-208180,23,-497,0,208112
4,-35,27,-208037,-82,-467,0,208152
10,-14,31,-207692,-107,-338,0,207466
5,15,41,-207204,-58,-163,0,-207322
-6,45,66,-206699,-15,-135,0,206730
-22,52,72,-206467,7,-159,0,-206449
-8,22,84,-206419,-34,-228,0,206551
-34,30,101,-206381,46,-236,1,-206513
-32,14,104,-206531,56,-290,1,-206754
-30,18,107,-206675,33,-288,1,-206348
-49,25,121,-206811,73,-307,1,-206579
-45,30,139,-206998,49,-293,1,-207163
-75,17,136,-207290,121,-334,1,-206942
-97,17,134,-207649,148,-340,1,-207380
-98,1,122,-208132,161,-361,1,-208084
-120,0,119,-208661,176,-358,1,-208579
-112,-4,107,-209251,156,-348,1,209057
-97,-13,95,-209881,141,-380,1,209438
-80,-20,84,-210520,120,-381,1,210776
-72,-33,78,-211122,104,-403,1,211297
-65,-45,71,-211656,88,-426,1,211742
-51,-53,58,-212057,74,-450,1,212460
-42,-59,36,-212302,54,-471,1,212121
