-15,99,7,-35,-3,2,0,-75
-15,98,6,-23,-3,3,0,-128
-15,99,6,-15,-3,3,0,-103
-14,99,6,-16,-4,4,0,-99
-15,99,6,-24,-2,3,0,-125
-35,105,7,-55,33,-33,0,-122
-60,119,4,-241,66,-66,1,-185
-77,125,-1,-657,85,-86,1,674
-93,133,-4,-1251,90,-97,1,1025
-103,135,-9,-2118,112,-106,1,2230
-101,115,-14,-3242,124,-116,1,3263
-99,92,-18,-4494,138,-125,0,4438
-103,81,-13,-5702,158,-150,1,5750
-100,75,0,-6936,155,-146,1,-6967
-90,55,16,-8169,152,-179,1,-8128
-57,51,51,-9403,46,-196,1,-9325
-24,-4,48,-10575,21,-369,0,10253
-38,-30,61,-11432,61,-427,1,11574
-51,-32,81,-12029,51,-420,1,12051
-46,-40,72,-12478,58,-433,1,12662
-47,-65,35,-12773,76,-502,1,12307
-33,-67,15,-12903,39,-514,1,12334
-32,-55,23,-12888,62,-468,1,13191
-18,-36,34,-12829,38,-422,0,13197
-6,-15,42,-12693,-7,-329,0,-12538
-7,9,56,-12397,-5,-235,0,12471
-19,28,61,-12002,35,-164,0,-11857
-40,31,61,-11739,105,-189,1,-11530
-64,25,59,-11706,164,-234,1,-11755
-84,20,99,-11785,126,-279,1,-12104
-52,6,133,-11961,40,-320,1,-12061
-53,-4,126,-12166,53,-348,1,11937
-36,-7,120,-12347,16,-379,1,12558
-23,-14,132,-12465,0,-376,0,12634
-37,-14,129,-12544,41,-406,1,12776
-53,-37,115,-12589,75,-444,1,12476
-57,-43,119,-12662,71,-447,1,12522
-59,-54,113,-12727,80,-467,1,12361
-78,-59,98,-12786,107,-462,1,12353
-66,-61,71,-12931,99,-466,1,13065
-54,-73,45,-13167,84,-509,1,12949
-50,-88,29,-13413,70,-526,1,13911
-43,-73,42,-13546,56,-461,1,13654
-32,-55,50,-13560,56,-422,1,13682
-33,-44,47,-13487,67,-403,1,13656
-16,-23,44,-13269,27,-353,0,12952
-20,5,48,-12828,49,-248,0,-13050
-7,22,51,-12250,-16,-139,0,12157
-8,39,48,-11712,8,-99,0,-11720
-45,53,70,-11357,98,-142,1,-11504
-57,45,70,-11311,114,-199,1,-11467
-73,46,77,-11443,122,-226,1,-11266
-65,36,94,-11653,77,-268,1,-11516
-50,33,97,-11902,49,-284,1,-12070
-60,18,122,-12173,39,-334,1,-11959
-20,3,126,-12402,-32,-363,0,12648
-18,-3,147,-12495,-6,-378,0,-12593
-40,-19,136,-12534,38,-403,1,12799
-32,-29,133,-12585,30,-414,1,12334
-44,-40,130,-12654,58,-434,1,12395
-47,-50,128,-12768,58,-452,1,12474
-45,-42,111,-12920,66,-449,1,13212
-55,-47,77,-13194,94,-455,1,12871
-34,-66,48,-13610,51,-531,1,14171
-17,-76,33,-14018,7,-564,0,13453
-20,-74,26,-14250,26,-552,0,13782
-21,-63,27,-14244,32,-514,0,13745
-11,-35,33,-13943,9,-427,0,14302
-17,3,40,-13332,58,-251,0,-13547
-23,28,51,-12668,59,-139,0,-12786
-24,44,52,-12208,58,-102,0,-12286
-37,52,58,-11871,92,-123,1,-11858
-69,50,64,-11666,131,-194,1,-11751
-65,35,68,-11657,124,-238,1,-11582
-82,25,88,-11773,113,-278,1,-11404
-51,19,110,-11896,34,-303,1,-12088
-43,9,121,-12061,18,-359,1,-11826
-41,5,131,-12175,16,-357,1,-11864
-16,5,153,-12240,-15,-361,0,11832
-33,-5,154,-12308,26,-382,1,12745
-39,-20,147,-12360,40,-404,1,12633
-46,-29,138,-12421,50,-396,1,12677
-44,-30,128,-12518,57,-412,1,12786
-47,-22,113,-12675,68,-401,1,12319
-50,-35,93,-12958,85,-430,1,13096
-54,-49,76,-13318,91,-453,1,13776
-45,-61,57,-13687,72,-481,1,13556
-38,-75,37,-14045,53,-518,1,13477
-34,-76,26,-14282,44,-516,1,13717
-26,-69,19,-14303,28,-510,1,13938
-11,-36,29,-14102,-5,-417,0,-13960
18,-3,40,-13865,-139,-266,0,14225
13,34,55,-13536,-65,-123,0,-13568
-46,50,61,-13080,105,-146,1,-13263
-61,33,53,-12706,156,-204,1,-12766
-68,21,68,-12428,150,-239,1,-12515
-68,20,88,-12270,93,-264,1,-11964
-44,15,109,-12277,50,-288,1,-11924
-58,23,122,-12452,64,-293,1,-12689
-36,23,134,-12633,20,-309,1,-12490
-47,28,136,-12810,41,-314,1,-13217
-44,20,132,-13004,35,-335,1,-13087
-45,4,131,-13172,46,-367,1,-12956
-57,-8,132,-13308,68,-390,1,12930
-56,-20,132,-13424,68,-408,1,13599
-55,-27,120,-13542,77,-419,1,13661
-51,-28,104,-13690,77,-424,1,13521
-52,-38,87,-13892,80,-429,1,14333
-43,-51,69,-14152,66,-470,1,13966
-44,-65,40,-14351,85,-509,1,14823
-53,-67,22,-14419,106,-481,1,14779
-38,-60,19,-14359,71,-478,1,14722
-31,-44,38,-14106,48,-414,1,13988
-13,-12,66,-13662,0,-289,0,13370
-35,10,65,-13101,86,-213,1,-13253
-44,24,60,-12585,114,-189,1,-12779
-49,31,54,-12185,126,-177,1,-12109
-66,44,67,-11870,131,-176,1,-11869
-66,46,70,-11725,120,-193,1,-11615
-69,43,72,-11738,122,-214,1,-11603
-64,46,94,-11918,92,-228,1,-11903
-74,40,102,-12227,90,-273,1,-11917
-55,25,94,-12608,74,-289,1,-12328
-72,23,109,-13033,84,-328,1,-13254
-48,12,113,-13417,45,-332,1,-13664
-49,1,126,-13738,55,-378,1,-13484
-64,-20,119,-14022,83,-416,1,14161
-67,-32,131,-14263,63,-425,1,14076
-52,-31,135,-14520,46,-426,1,14745
-54,-38,112,-14802,70,-442,1,14413
-50,-53,76,-15136,79,-481,1,15098
-35,-75,35,-15489,62,-558,1,16091
-34,-85,-6,-15657,73,-548,1,-16178
-55,-55,-22,-15504,145,-442,1,-15794
-20,-16,0,-15104,167,-401,0,15318
-10,15,20,-14481,49,-110,0,-14557
-21,44,33,-13771,49,-52,0,-13780
-68,90,90,-13375,91,-119,0,-13395
-75,62,77,-13297,100,-193,1,-13167
-56,27,87,-13145,36,-250,1,-13310
-33,19,118,-13112,4,-284,1,-12911
-34,-7,103,-13189,17,-355,1,12980
-15,0,115,-13242,-12,-340,0,12958
-21,-6,121,-13243,17,-365,0,12973
-50,0,134,-13254,51,-344,1,-12822
-27,1,148,-13289,24,-363,1,-12823
-54,-11,138,-13345,71,-377,1,13737
-64,-27,129,-13470,89,-420,1,13760
-63,-36,115,-13664,113,-458,1,13450
-72,-40,90,-13917,134,-429,1,14159
-77,-39,72,-14279,165,-441,1,14074
-74,-48,57,-14722,158,-455,1,14469
-62,-60,47,-15162,120,-477,1,15031
-57,-77,21,-15509,92,-512,1,15701
-37,-78,5,-15634,37,-529,1,16203
-16,-66,11,-15435,-6,-516,0,-15884
-15,-41,21,-14918,43,-477,0,15235
-27,-7,46,-14184,89,-278,1,13850
-30,10,46,-13344,87,-205,1,-13503
-19,37,45,-12626,38,-112,0,-12545
-27,56,43,-12032,58,-85,1,-11932
-56,71,32,-11529,101,-105,1,-11607
-65,69,67,-11332,97,-167,1,-11458
-89,36,102,-11428,133,-258,1,-11583
-83,26,118,-11504,70,-281,1,-11661
-30,32,137,-11596,15,-279,1,-11494
-63,40,128,-11706,87,-290,1,-11355
-58,33,108,-11936,72,-312,1,-12184
-50,27,106,-12189,59,-327,1,-11939
-50,3,109,-12378,59,-371,1,-12621
-64,-16,113,-12540,100,-404,1,12622
-97,-28,125,-12681,122,-408,1,12384
-61,-25,133,-12842,66,-405,1,13149
-53,-26,110,-13028,81,-415,1,13164
-63,-34,80,-13256,116,-420,1,12892
-57,-45,49,-13551,123,-468,1,13664
-44,-60,31,-13851,95,-514,1,13384
-43,-64,18,-14047,94,-518,1,13441
-45,-69,14,-14074,93,-500,1,14130
-42,-61,26,-13910,77,-459,1,14302
-36,-36,37,-13517,72,-385,1,13602
-12,-8,49,-13013,3,-307,0,13274
-16,22,55,-12562,26,-163,0,-12678
-21,46,59,-12224,30,-116,0,-12242
-40,57,52,-11854,65,-113,1,-11862
-54,56,52,-11409,77,-149,1,-11380
-30,59,88,-11095,-29,-158,1,11178
0,47,117,-11112,-57,-205,0,-11212
-9,51,129,-11264,-12,-226,0,11181
-25,52,127,-11450,18,-250,1,-11267
-29,51,129,-11604,14,-271,1,-11519
-1,59,131,-11648,-17,-287,0,11467
-22,50,120,-11655,43,-286,0,-11502
-53,30,116,-11701,77,-301,1,-11401
-63,9,120,-11792,100,-355,1,-12102
-74,6,140,-11926,102,-362,1,-12123
-55,-1,136,-12143,83,-380,1,12027
-63,-14,120,-12398,99,-403,1,12756
-70,-25,94,-12772,114,-419,1,12339
-59,-40,65,-13244,105,-455,1,12875
-51,-62,33,-13715,110,-512,1,13358
-43,-64,13,-14119,93,-512,1,13983
-31,-57,15,-14276,50,-499,1,13865
-15,-49,20,-14250,-2,-496,0,-13936
-11,-22,34,-14001,4,-374,0,14334
-1,2,49,-13627,-38,-237,0,13762
-8,25,43,-13248,8,-150,0,-13078
-38,46,45,-12922,103,-106,1,-12883
-59,53,56,-12679,115,-143,1,-12624
-73,51,95,-12503,78,-200,1,-12409
-44,39,113,-12480,21,-243,1,-12327
-2,28,123,-12587,-53,-274,0,12395
-14,23,127,-12731,-13,-292,0,12530
-20,24,135,-12839,3,-323,0,-13290
-18,24,143,-12859,14,-321,0,-13297
-30,27,143,-12844,45,-324,1,-13264
-47,13,131,-12869,66,-331,1,-13296
-63,0,124,-12957,97,-371,1,-13263
-68,-5,121,-13124,93,-364,1,12872
-58,-20,107,-13377,86,-411,1,13774
-52,-26,90,-13641,89,-423,1,13508
-55,-35,78,-13911,94,-437,1,14309
-48,-45,73,-14203,69,-455,1,14000
-46,-58,58,-14496,71,-484,1,14614
-44,-73,35,-14792,67,-517,1,15299
-29,-67,29,-15096,35,-516,1,14487
-20,-57,27,-15312,16,-502,0,14872
-16,-39,38,-15344,14,-422,0,14921
-10,-10,59,-15201,-3,-287,0,-14918
-5,10,66,-14954,-9,-213,0,15099
-13,25,60,-14616,31,-189,0,-14752
-61,25,67,-14198,162,-208,1,-14206
-71,13,76,-13881,152,-252,1,-13920
-81,7,103,-13727,116,-286,1,-13509
-72,16,134,-13748,59,-285,1,-13383
-52,15,130,-13921,31,-307,1,-14321
-40,21,122,-14115,31,-308,1,-13894
-38,18,111,-14298,53,-322,1,-14071
-52,8,111,-14470,83,-345,1,-14810
-63,1,119,-14592,95,-364,1,-14721
-69,-11,119,-14706,107,-386,1,14497
-67,-13,115,-14818,115,-389,1,14376
-77,-23,109,-14958,142,-407,1,15169
-93,-32,97,-15162,148,-412,1,14871
-83,-36,88,-15451,128,-402,1,15713
-95,-43,73,-15824,138,-411,1,15585
-60,-47,42,-16205,124,-445,1,16048
-62,-54,24,-16458,150,-448,1,16755
-63,-45,14,-16572,152,-406,1,16809
-26,-28,6,-16520,107,-434,1,16730
-8,3,10,-16231,113,-185,0,-16292
-17,38,20,-15635,53,-27,0,-15646
-30,72,54,-14962,47,-72,1,-14970
-67,60,68,-14418,140,-148,1,-14456
-98,32,87,-14082,162,-240,1,-14170
-81,24,114,-13854,105,-268,1,-14151
-74,21,113,-13875,110,-300,1,-14170
-74,19,92,-14051,131,-302,1,-14154
-82,26,90,-14287,154,-302,1,-13932
-95,30,88,-14574,162,-302,1,-14714
-100,25,82,-14915,178,-316,1,-15329
-98,4,73,-15322,193,-351,1,-14954
-112,-3,76,-15737,194,-362,1,15601
-104,-9,80,-16159,185,-376,1,16108
-119,-15,71,-16575,214,-380,1,16687
-99,-14,74,-17026,177,-375,1,17248
-92,-24,77,-17493,150,-392,1,17735
-78,-48,76,-17953,109,-436,1,18387
-83,-53,61,-18371,125,-436,1,18004
-75,-62,38,-18783,128,-459,1,18502
-52,-65,21,-19163,79,-481,1,19216
-37,-54,14,-19335,73,-470,1,18950
-36,-29,24,-19269,106,-383,1,19060
-11,-4,41,-19045,10,-293,0,19304
-27,22,55,-18711,41,-169,1,-18864
-15,34,45,-18422,3,-117,0,-18306
-23,51,47,-18191,31,-102,0,-18301
-31,52,74,-18015,39,-131,1,-18073
-39,45,99,-17984,72,-184,1,-18092
-56,48,123,-18020,64,-219,1,-18055
-32,48,133,-18149,29,-247,1,-18087
-56,41,125,-18288,56,-266,1,-17983
-26,49,122,-18417,21,-275,1,-18087
-49,45,128,-18599,61,-274,1,-18709
-63,43,136,-18811,85,-324,1,-18675
-63,29,125,-19053,91,-328,1,-19246
-68,15,117,-19307,108,-348,1,-19048
-75,5,105,-19558,130,-369,1,-19891
-82,-8,90,-19806,146,-371,1,19634
-82,-5,95,-20070,140,-381,1,20380
-78,-31,71,-20413,145,-428,1,20113
-64,-43,51,-20871,113,-451,1,20496
-58,-57,40,-21269,95,-456,1,21158
-54,-59,34,-21564,77,-439,1,21998
-34,-44,38,-21677,32,-409,1,21819
-7,-31,41,-21649,-39,-393,0,-21774
-18,-2,41,-21488,43,-261,0,21243
-9,23,47,-21296,0,-144,0,-21395
-9,40,37,-21116,7,-85,0,-21040
-30,61,42,-20982,66,-59,1,-20869
-46,61,70,-20984,78,-141,1,-20833
-60,58,117,-21070,70,-189,1,-21185
-45,59,132,-21218,40,-214,1,-21133
-46,58,120,-21448,45,-230,1,-21348
-44,61,112,-21697,42,-240,1,-21601
-44,59,109,-21852,46,-250,1,-22003
-39,62,109,-21990,50,-272,1,-21679
-62,54,120,-22104,90,-289,1,-22366
-79,34,115,-22303,112,-306,1,-22084
-68,12,108,-22560,121,-360,1,-22818
-84,-4,106,-22852,149,-386,1,22638
-79,-14,99,-23219,139,-398,1,23447
-83,-19,96,-23618,141,-401,1,23935
-78,-27,86,-24041,127,-395,1,23583
-77,-40,58,-24501,138,-430,1,24257
-66,-51,33,-24924,130,-453,1,24652
-60,-58,15,-25248,129,-475,1,25546
-45,-67,2,-25509,66,-492,1,25186
-7,-48,14,-25617,-46,-532,0,-26124
5,-22,18,-25478,-112,-442,0,25171
11,21,31,-25251,-87,-93,0,-25260
-21,69,59,-24915,28,-56,0,-24850
-27,66,63,-24653,33,-101,1,-24686
-74,54,83,-24417,104,-161,1,-24456
-54,48,108,-24273,44,-202,1,-24160
-34,37,106,-24362,32,-238,1,-24458
-27,33,107,-24516,14,-266,1,-24216
-14,52,116,-24635,-5,-250,0,24712
-29,44,124,-24732,42,-277,1,-25067
-48,50,122,-24870,82,-282,1,-24587
-69,38,124,-25041,110,-310,1,-24727
-73,29,127,-25279,109,-330,1,-25524
-86,6,134,-25589,120,-349,1,-25095
-97,-2,129,-25971,139,-378,1,25699
-88,-2,102,-26389,144,-359,1,26321
-94,-7,74,-26884,184,-376,1,26846
-87,-7,68,-27422,162,-367,1,27334
-67,-29,46,-27996,152,-426,1,27673
-61,-54,23,-28496,128,-487,1,28212
-42,-78,3,-28867,46,-542,1,29333
-24,-80,-1,-29004,-3,-549,0,29495
-19,-50,14,-28795,-9,-480,0,-29059
-8,-12,31,-28331,9,-355,0,28624
-37,14,40,-27851,129,-188,1,-27890
-27,41,38,-27539,67,-83,1,-27542
-30,84,80,-27234,17,-87,1,-27197
-33,63,76,-27029,32,-137,1,-26989
-45,49,86,-26872,64,-175,1,-26706
-50,33,109,-26772,57,-225,1,-26677
-40,26,126,-26838,36,-261,1,-27062
-25,36,120,-27042,26,-264,1,-26876
-42,45,106,-27289,65,-257,1,-27573
-58,52,113,-27534,73,-252,1,-27457
-73,41,116,-27801,114,-299,1,-28119
-92,26,105,-28131,146,-330,1,-27667
-82,16,107,-28538,138,-346,1,-28292
-96,2,98,-29004,172,-373,1,-28848
-100,-11,93,-29512,180,-390,1,29249
-99,-6,93,-30043,172,-375,1,29881
-82,-5,82,-30608,142,-369,1,30325
-82,-26,67,-31164,137,-403,1,30888
-60,-44,55,-31643,91,-447,1,31323
-50,-60,34,-31993,88,-496,1,32100
-40,-73,13,-32138,47,-521,1,32719
-36,-51,27,-31973,60,-447,1,32111
-32,-38,43,-31609,67,-410,1,31408
-38,-20,52,-31186,81,-320,1,30910
-25,-2,56,-30865,49,-266,1,31114
-34,18,57,-30558,69,-194,1,-30673
-28,36,66,-30209,21,-155,1,-30450
-17,40,65,-29949,7,-159,0,-29727
-38,51,94,-29781,36,-162,1,-29851
-34,49,112,-29719,21,-205,1,-29869
-19,55,122,-29813,10,-202,0,-29931
-37,67,121,-29978,48,-205,1,-30201
-49,72,110,-30180,58,-217,1,-29973
-41,66,104,-30364,52,-228,1,-30286
-52,64,100,-30576,82,-245,1,-30686
-65,43,97,-30837,121,-289,1,-31013
-81,25,102,-31173,143,-326,1,-30755
-90,11,106,-31549,140,-334,1,-31431
-89,9,103,-31928,152,-353,1,-32123
-82,3,97,-32346,145,-359,1,-32671
-81,-4,91,-32823,142,-368,1,33244
-86,-10,88,-33349,137,-373,1,33726
-77,-25,77,-33901,122,-398,1,34177
-64,-39,67,-34439,105,-420,1,34581
-44,-62,38,-34931,59,-500,1,35209
-27,-72,21,-35256,14,-535,1,35812
-23,-59,24,-35311,23,-512,0,34864
-6,-35,30,-35119,-30,-440,0,-35008
-6,-1,39,-34681,0,-258,0,34393
-10,25,37,-34234,34,-116,0,-34272
-11,52,39,-33878,28,-42,0,-33916
-33,67,46,-33540,74,-85,1,-33620
-74,55,51,-33252,167,-162,1,-33196
-101,47,61,-32963,184,-206,1,-32963
-95,58,115,-32759,107,-218,1,-32593
-62,60,112,-32865,72,-223,1,-32901
-65,55,97,-33148,97,-243,1,-33278
-75,66,104,-33462,94,-243,1,-33403
-75,59,109,-33805,94,-252,1,-33975
-88,52,105,-34201,129,-288,1,-33808
-97,33,101,-34641,156,-323,1,-34474
-103,22,104,-35109,153,-322,1,-35048
-87,7,99,-35637,146,-366,1,-35579
-85,-8,92,-36190,154,-402,1,35930
-82,-14,85,-36739,135,-387,1,36493
-79,-30,77,-37286,127,-409,1,36959
-73,-42,68,-37789,112,-425,1,37474
-58,-55,45,-38199,95,-462,1,38021
-46,-65,25,-38483,73,-496,1,38787
-37,-68,3,-38529,51,-505,1,38700
-4,-46,5,-38166,-47,-548,0,-38706
-8,-4,19,-37401,56,-318,0,37640
-27,28,42,-36492,76,-128,1,-36504
-27,41,47,-35796,62,-103,1,-35733
-36,57,39,-35297,80,-96,1,-35282
-65,74,47,-34902,87,-127,1,-34907
-44,69,69,-34668,24,-140,1,-34769
-42,63,106,-34752,55,-189,1,-34636
-69,57,117,-34994,90,-224,1,-34880
-63,62,115,-35315,72,-229,1,-35119
-61,65,116,-35705,78,-243,1,-35791
-66,59,108,-36168,96,-258,1,-35892
-79,55,108,-36615,120,-270,1,-36454
-92,46,105,-37106,143,-291,1,-37188
-98,30,95,-37642,165,-316,1,-37557
-100,14,86,-38192,169,-321,1,-38143
-98,11,92,-38740,153,-339,1,-38574
-104,2,85,-39271,146,-353,1,-39080
-62,-5,81,-39765,74,-363,1,39455
-60,-18,79,-40219,88,-377,1,40028
-48,-36,63,-40659,58,-431,1,40822
-27,-53,45,-41035,24,-487,1,41396
-32,-56,40,-41260,40,-467,1,41170
-16,-46,33,-41261,1,-457,0,41188
-4,-20,44,-41058,-28,-344,0,-41236
-11,7,53,-40785,10,-240,0,-40848
0,23,49,-40543,-26,-152,0,-40693
-26,44,55,-40272,59,-136,1,-40435
-29,48,57,-40048,74,-126,1,-40015
-60,47,59,-39899,149,-153,1,-39932
-66,48,88,-39735,102,-190,1,-39880
-76,52,105,-39683,114,-217,1,-39870
-89,57,111,-39776,128,-226,1,-39732
-64,61,114,-39974,93,-230,1,-40175
-85,65,100,-40284,130,-238,1,-40263
-87,58,91,-40680,135,-252,1,-40624
-92,49,84,-41143,162,-286,1,-41269
-101,38,82,-41655,163,-282,1,-41760
-99,24,82,-42199,167,-316,1,-42338
-110,14,82,-42749,177,-321,1,-42816
-104,12,91,-43296,154,-338,1,-43240
-93,8,97,-43832,133,-349,1,-43737
-86,-4,91,-44355,128,-376,1,44219
-83,-23,81,-44898,126,-405,1,44701
-65,-35,65,-45424,106,-433,1,45205
-49,-41,45,-45856,92,-460,1,45758
-28,-56,14,-46157,34,-551,1,46697
-10,-51,18,-46199,-12,-549,0,-46707
-32,-42,11,-45966,91,-484,1,45579
-8,-36,11,-45487,-20,-523,0,-45979
-6,-4,19,-44772,44,-272,0,45015
-29,49,46,-43991,95,-78,1,-43973
-85,66,74,-43239,143,-153,1,-43183
-72,64,74,-42611,120,-133,1,-42689
-86,62,88,-42302,150,-168,1,-42301
-102,51,83,-42286,176,-209,1,-42316
-95,41,90,-42491,151,-239,1,-42414
-106,40,83,-42853,153,-257,1,-42733
-90,47,80,-43346,123,-253,1,-43508
-93,47,89,-43924,134,-254,1,-43970
-105,46,87,-44604,148,-277,1,-44970
-110,35,78,-45335,165,-301,1,-45213
-117,22,83,-46056,161,-325,1,-45617
-99,15,99,-46729,128,-337,1,-46934
-98,8,95,-47381,123,-365,1,-47159
-63,-7,89,-47987,86,-382,1,47675
-63,-21,93,-48543,87,-390,1,48184
-51,-40,77,-49116,55,-458,1,48766
-40,-66,65,-49607,29,-511,1,49153
-28,-90,39,-50006,9,-569,1,49410
-15,-90,2,-50260,-9,-597,0,-50777
-12,-64,7,-50236,-14,-555,0,-50734
9,-44,15,-50010,-102,-519,0,49429
2,-13,12,-49634,-71,-430,0,49162
2,29,14,-49299,-39,4,0,49315
-9,70,20,-49084,30,41,0,49108
-69,110,91,-48951,89,-92,1,-48967
-64,60,73,-48877,87,-160,1,-48750
-38,48,117,-48783,33,-218,1,-48662
-45,38,122,-48995,80,-271,1,-48720
-64,21,107,-49339,99,-301,1,-49592
-66,21,116,-49681,95,-323,1,-49967
-69,23,123,-50021,97,-314,1,-49688
-100,18,132,-50359,137,-350,1,-50581
-86,12,112,-50772,132,-362,1,-51093
-92,-16,88,-51215,163,-405,1,51510
-101,-16,87,-51577,172,-390,1,51310
-95,-21,81,-51968,171,-393,1,52164
-91,-20,74,-52402,168,-383,1,52583
-88,-38,72,-52869,141,-405,1,53156
-64,-54,71,-53331,81,-446,1,53744
-60,-62,68,-53743,73,-453,1,53282
-50,-72,43,-54073,71,-492,1,53962
-39,-67,26,-54306,53,-505,1,54673
-12,-53,25,-54339,-23,-499,0,-54659
-17,-22,41,-54129,24,-351,0,53784
-7,-1,41,-53846,-8,-253,0,-53892
-1,26,46,-53543,-24,-127,0,53625
-30,55,60,-53158,41,-88,1,-53199
-21,60,61,-52832,11,-89,0,-52764
-30,65,73,-52620,26,-129,1,-52488
-11,58,106,-52529,-15,-173,0,52682
-25,50,109,-52545,28,-212,1,-52684
-25,52,113,-52623,24,-230,1,-52526
-25,59,125,-52731,39,-238,1,-52590
-31,63,114,-52856,45,-241,1,-52987
-35,56,99,-52993,61,-246,1,-53171
-61,42,96,-53217,129,-299,1,-52799
-80,24,100,-53531,145,-328,1,-53501
-82,13,113,-53934,146,-352,1,-54095
-99,-2,106,-54421,158,-357,1,54628
-92,-10,101,-54944,158,-382,1,55112
-90,-8,97,-55481,147,-374,1,55650
-85,-11,88,-55998,143,-379,1,56141
-89,-29,83,-56553,129,-423,1,56795
-85,-49,54,-57109,139,-446,1,56947
-74,-60,36,-57608,128,-465,1,57346
-54,-72,17,-57999,83,-500,1,58190
-51,-69,11,-58202,60,-475,1,58049
-3,-57,12,-58176,-82,-555,0,-57713
21,-27,20,-57912,-199,-417,0,58184
7,10,25,-57501,-107,-138,0,-57450
7,50,40,-57206,-57,-66,0,-57108
1,85,56,-57040,-28,-47,0,-56981
-9,88,55,-56865,-7,-35,0,56929
-46,80,71,-56612,50,-105,1,-56641
-50,71,92,-56248,21,-159,1,-56086
-9,61,115,-56147,-30,-206,0,56262
-13,53,117,-56363,24,-249,0,-56453
-33,53,121,-56564,42,-258,1,-56760
-23,59,124,-56804,33,-264,0,-56471
-36,56,124,-57030,53,-273,1,-57221
-45,55,127,-57252,52,-262,1,-57078
-67,37,130,-57518,92,-313,1,-57648
-68,26,132,-57815,85,-330,1,-57365
-57,13,122,-58183,96,-367,1,-57861
-66,0,114,-58586,112,-371,1,-58860
-76,-10,109,-59044,110,-369,1,59281
-68,-22,97,-59568,96,-407,1,59757
-59,-24,81,-60130,96,-398,1,60275
-40,-34,54,-60688,79,-457,1,60603
-25,-49,30,-61140,42,-538,1,60629
-16,-64,14,-61405,-1,-588,0,-60844
-22,-78,12,-61487,2,-556,0,62033
1,-69,15,-61396,-68,-556,0,60915
4,-28,36,-60982,-65,-396,0,61383
-19,8,57,-60422,44,-239,0,-60647
-17,36,53,-59984,51,-116,0,-59917
-53,62,55,-59622,109,-104,1,-59602
-35,66,54,-59398,52,-113,1,-59413
-52,44,76,-59259,86,-177,1,-59341
-56,40,120,-59179,49,-214,1,-59307
-37,39,124,-59242,17,-239,1,-59371
-41,43,114,-59417,35,-252,1,-59571
-41,52,112,-59645,35,-251,1,-59467
-39,56,116,-59888,50,-260,1,-59576
-74,45,117,-60147,103,-276,1,-60309
-85,46,124,-60438,130,-305,1,-60835
-81,40,111,-60780,140,-313,1,-60620
-96,13,95,-61180,165,-333,1,-61213
-98,-3,95,-61609,158,-354,1,61800
-95,-16,83,-62059,174,-385,1,62277
-89,-19,80,-62535,157,-383,1,62908
-71,-21,75,-62995,129,-390,1,63244
-75,-25,73,-63403,125,-396,1,63044
-74,-40,64,-63777,120,-421,1,63697
-56,-55,43,-64091,80,-480,1,64508
-50,-77,19,-64237,70,-527,1,63689
-39,-77,15,-64214,37,-530,1,63623
-10,-60,22,-63975,-43,-518,0,-64496
4,-21,36,-63501,-56,-367,0,63843
-34,9,25,-62878,179,-218,1,-62918
-25,35,38,-62296,73,-95,1,-62303
-33,62,62,-61838,54,-89,1,-61889
-35,62,61,-61579,62,-123,1,-61677
-60,62,67,-61462,114,-143,1,-61613
-83,59,80,-61514,130,-193,1,-61490
-82,57,91,-61754,122,-217,1,-61868
-92,51,92,-62150,133,-246,1,-62083
-84,57,96,-62603,105,-254,1,-62488
-95,63,102,-63086,104,-267,1,-63244
-76,56,111,-63560,75,-265,1,-63772
-72,33,110,-64069,107,-323,1,-64359
-100,12,111,-64576,144,-354,1,-64974
-72,7,112,-65114,123,-338,1,-65345
-114,0,87,-65697,207,-364,1,-65826
-84,-3,85,-66291,145,-357,1,66304
-88,-13,80,-66821,148,-372,1,66795
-78,-31,58,-67313,141,-406,1,67458
-45,-47,33,-67670,93,-480,1,68087
-45,-55,19,-67743,115,-485,1,67843
-58,-58,13,-67541,107,-447,1,67087
-18,-46,27,-67083,4,-488,0,67532
-15,-10,41,-66307,11,-300,0,66062
-9,16,38,-65440,14,-154,0,-65333
-34,43,30,-64685,109,-95,1,-64649
-42,67,42,-64096,91,-77,1,-64012
-48,66,51,-63664,105,-112,1,-63733
-83,59,68,-63415,155,-178,1,-63411
-85,46,82,-63363,177,-214,1,-63438
-121,49,69,-63566,239,-231,1,-63564
-124,57,72,-63934,189,-235,1,-63972
-100,61,74,-64416,158,-230,1,-64500
-106,62,69,-65009,165,-245,1,-64945
-112,49,57,-65757,189,-271,1,-65804
-118,27,50,-66553,221,-307,1,-66121
-125,14,53,-67302,220,-341,1,-67370
-126,0,61,-68021,221,-351,1,-67701
-130,-5,78,-68731,196,-360,1,68881
-94,-9,81,-69416,153,-371,1,69323
-100,-14,73,-70058,167,-381,1,69718
-92,-26,59,-70731,162,-401,1,70914
-75,-38,38,-71388,154,-426,1,71586
-50,-52,26,-71883,97,-472,1,72039
-34,-61,2,-72045,64,-504,1,71879
-16,-29,10,-71738,36,-474,0,72159
-8,-9,30,-71072,0,-313,0,70836
-26,16,47,-70338,65,-203,1,-70256
-22,35,44,-69749,51,-105,0,-69688
-24,62,50,-69327,36,-90,0,-69291
-41,83,41,-69056,70,-56,1,-69024
-93,64,78,-68814,122,-179,1,-68693
-53,60,122,-68540,3,-190,1,-68469
-12,48,119,-68549,-21,-228,0,68477
-32,43,107,-68703,28,-258,1,-68896
-11,46,103,-68883,-9,-257,0,68699
-32,52,120,-69005,42,-255,1,-68873
-60,57,125,-69198,82,-307,1,-69458
-68,35,141,-69458,82,-336,1,-69283
-91,16,140,-69801,115,-367,1,-70001
-78,0,127,-70153,112,-391,1,-70608
-74,-12,111,-70544,119,-386,1,70231
-82,-18,94,-71032,140,-412,1,70781
-59,-21,75,-71594,116,-404,1,71208
-61,-41,51,-72176,133,-464,1,71809
-54,-57,42,-72745,91,-493,1,73147
-19,-74,25,-73215,-7,-574,0,-73606
-9,-77,17,-73361,-26,-573,0,-72931
-9,-62,21,-73073,-24,-524,0,-73551
-11,-35,29,-72466,0,-441,0,72350
-15,-3,42,-71720,38,-265,0,71981
-25,23,44,-70981,74,-174,1,-71044
-25,48,37,-70372,62,-59,1,-70378
-33,84,59,-69925,44,-66,1,-69894
-51,76,60,-69723,82,-126,1,-69685
-82,61,73,-69540,106,-181,1,-69468
-39,48,104,-69455,30,-216,1,-69627
-54,45,103,-69581,70,-238,1,-69404
-50,51,110,-69840,51,-252,1,-69737
-41,61,125,-70176,39,-252,1,-70313
-55,51,117,-70607,71,-283,1,-70369
-63,34,122,-71020,83,-317,1,-70754
-56,17,118,-71434,90,-351,1,-71263
-80,-9,102,-71851,148,-394,1,72085
-98,-18,108,-72238,154,-381,1,72660
-110,-17,98,-72690,184,-391,1,72403
-104,-17,86,-73230,180,-389,1,73503
-89,-29,71,-73801,154,-407,1,74052
-70,-42,66,-74355,118,-429,1,74629
-60,-48,56,-74843,91,-446,1,75155
-53,-61,37,-75270,80,-479,1,75685
-45,-59,21,-75565,75,-480,1,75448
-40,-48,3,-75629,92,-467,1,75498
-17,-39,15,-75617,25,-510,0,75455
16,-12,38,-75559,-154,-315,0,75450
10,21,52,-75395,-87,-183,0,-75340
1,43,50,-75239,-54,-90,0,-75153
-18,48,53,-75134,4,-113,0,-75040
-8,42,98,-75089,-41,-158,0,75176
2,42,149,-75110,-34,-207,0,-75062
1,31,141,-75211,-28,-252,0,-75196
13,35,127,-75268,-31,-264,0,-75594
-9,48,128,-75265,-1,-250,0,75331
-5,56,121,-75244,13,-252,0,-75099
-40,47,118,-75271,78,-275,1,-75560
-52,39,126,-75362,88,-299,1,-75643
-70,21,120,-75538,128,-331,1,-75505
-86,12,126,-75811,145,-366,1,-76283
-85,1,113,-76147,145,-363,1,-75951
-93,-6,99,-76546,159,-374,1,76498
-97,-16,91,-77014,158,-385,1,77308
-98,-19,86,-77572,135,-388,1,77345
-48,-31,81,-78203,52,-424,1,77962
-57,-38,64,-78837,75,-442,1,78424
-24,-51,53,-79490,-1,-501,0,-79720
-6,-67,37,-79998,-37,-562,0,-80393
-1,-76,27,-80294,-42,-577,0,-80799
12,-73,22,-80407,-76,-549,0,79913
6,-55,24,-80234,-63,-507,0,80007
7,-22,23,-79877,-85,-412,0,80332
2,23,46,-79425,-38,-161,0,-79613
-24,46,51,-78931,70,-66,0,-78942
-41,59,47,-78485,86,-80,1,-78515
-42,58,70,-78108,64,-126,1,-78193
-72,51,99,-77943,102,-193,1,-78021
-62,39,109,-77925,69,-227,1,-78008
-37,44,123,-77988,16,-236,1,-77865
-27,51,120,-78136,28,-236,1,-78227
-50,58,131,-78311,46,-256,1,-78269
-34,55,130,-78498,24,-263,1,-78633
-51,49,124,-78687,66,-277,1,-78453
-56,48,125,-78888,74,-285,1,-79113
-71,39,118,-79146,109,-301,1,-78973
-87,33,123,-79483,119,-315,1,-79673
-83,24,118,-79895,119,-324,1,-80158
-77,17,109,-80352,112,-319,1,-80035
-71,9,100,-80845,111,-341,1,-80608
-69,0,90,-81336,113,-344,1,-81037
-61,-18,70,-81841,113,-395,1,81443
-49,-31,61,-82294,87,-426,1,82075
-33,-52,44,-82645,44,-497,1,82740
-21,-68,32,-82829,12,-547,0,82391
-23,-65,34,-82793,16,-514,0,82191
-4,-47,37,-82470,-38,-478,0,-82904
-15,-17,37,-81822,28,-342,0,81645
-13,10,42,-81118,23,-192,0,-80988
-18,39,42,-80563,40,-111,0,-80619
-33,63,58,-80073,63,-82,1,-80001
-36,70,73,-79670,67,-109,1,-79670
-87,64,75,-79315,123,-186,1,-79183
-48,47,96,-79032,8,-210,1,-78862
23,26,111,-79025,-95,-255,0,-78961
-32,36,122,-79126,38,-251,1,-79244
-47,50,128,-79221,32,-252,1,-79153
-16,53,126,-79356,1,-256,0,-79172
-44,58,119,-79521,65,-257,1,-79749
-53,54,129,-79759,70,-275,1,-79451
-65,44,133,-80064,101,-312,1,-80136
-78,38,132,-80438,98,-291,1,-80794
-79,28,122,-80900,116,-317,1,-81249
-76,22,117,-81412,107,-307,1,-81778
-73,18,111,-81980,110,-321,1,-82212
-69,12,104,-82554,103,-317,1,-82690
-56,0,92,-83139,93,-349,1,-83372
-57,-15,77,-83680,100,-394,1,83786
-46,-32,57,-84172,83,-436,1,84259
-27,-51,35,-84547,31,-520,1,84050
-21,-66,17,-84692,11,-558,0,84147
-21,-54,25,-84459,17,-484,0,84002
-9,-21,49,-83900,-26,-341,0,-83674
-5,1,56,-83179,-35,-241,0,82951
-7,23,51,-82435,-10,-148,0,82616
-21,46,39,-81879,60,-63,0,-81868
-35,67,28,-81432,83,-28,1,-81442
-55,90,65,-80934,72,-98,0,-80932
-47,80,75,-80356,31,-107,1,-80289
-15,75,106,-80008,-3,-141,0,79908
-24,81,111,-80142,24,-167,0,-80281
-33,81,112,-80504,49,-205,1,-80521
-57,84,98,-80838,59,-219,1,-80682
-48,75,97,-81160,43,-233,1,-81347
-52,63,102,-81527,63,-253,1,-81629
-56,49,104,-81990,96,-273,1,-82265
-81,44,105,-82508,124,-272,1,-82735
-94,42,127,-83017,129,-303,1,-83437
-101,37,129,-83561,125,-293,1,-83955
-95,23,107,-84234,151,-320,1,-84097
-88,10,86,-84978,161,-329,1,-84497
-74,1,81,-85791,132,-341,1,-85717
-57,-18,77,-86562,102,-374,1,86869
-46,-30,73,-87247,69,-410,1,87400
-37,-44,65,-87795,49,-449,1,87886
-29,-52,50,-88169,42,-485,1,88504
-25,-57,35,-88337,26,-504,1,88317
-21,-60,28,-88322,17,-515,0,88867
-5,-44,42,-88055,-43,-450,0,-87579
1,-27,42,-87539,-60,-387,0,87160
-5,-1,41,-86833,-9,-281,0,-86544
-7,25,51,-86063,1,-145,0,-86162
-18,44,56,-85390,45,-110,0,-85451
-47,47,60,-84802,112,-149,1,-84892
-54,46,57,-84313,125,-162,1,-84390
-81,53,81,-84013,142,-192,1,-84011
-67,44,99,-83948,94,-229,1,-83808
-79,39,113,-84092,119,-256,1,-84201
-89,40,112,-84355,131,-266,1,-83980
-83,46,115,-84602,109,-259,1,-84763
-83,51,106,-84906,129,-262,1,-84518
-100,51,98,-85269,138,-252,1,-85333
-96,50,98,-85689,138,-266,1,-85816
-104,39,88,-86177,170,-281,1,-86282
-114,36,86,-86724,174,-286,1,-86897
-100,33,85,-87310,158,-289,1,-87208
-90,24,78,-87906,157,-301,1,-87773
-81,11,76,-88503,148,-332,1,-88190
-76,0,79,-89057,132,-347,1,-88634
-63,-18,75,-89540,110,-386,1,89163
-63,-30,72,-89944,102,-411,1,89795
-55,-47,56,-90248,85,-454,1,90420
-51,-56,46,-90423,75,-471,1,90243
-45,-68,31,-90477,58,-494,1,90312
-27,-57,20,-90301,8,-474,1,90456
-14,-21,42,-89858,1,-347,0,89707
-19,0,44,-89379,51,-248,0,-89563
-27,17,38,-89089,94,-170,1,-89306
-23,59,72,-88748,12,-119,0,-88759
-31,64,85,-88381,38,-116,1,-88418
-66,62,86,-88142,95,-153,1,-88225
-36,48,92,-88049,36,-194,1,-87898
-41,46,106,-88110,55,-220,1,-88239
-47,46,96,-88295,75,-230,1,-88108
-60,55,92,-88540,104,-229,1,-88325
-50,52,77,-88811,102,-226,1,-88615
-81,48,87,-89115,137,-250,1,-89183
-90,48,92,-89517,139,-286,1,-89101
-83,9,83,-89985,152,-351,1,-89678
-99,10,112,-90425,138,-349,1,-90358
-97,-4,100,-90855,150,-374,1,90881
-93,-5,101,-91262,141,-355,1,91564
-84,4,102,-91642,128,-341,1,-91168
-68,7,92,-92005,103,-328,1,-91744
-68,-19,83,-92370,108,-376,1,92619
-82,-30,86,-92723,106,-386,1,93120
-66,-48,81,-93141,64,-422,1,92685
-60,-57,73,-93542,55,-438,1,93358
-38,-69,61,-93877,20,-477,1,93987
-32,-71,47,-94129,23,-488,1,93749
-15,-50,34,-94241,-1,-470,0,-94699
-9,-19,39,-94155,-5,-352,0,-93871
-2,7,42,-93985,-37,-211,0,94200
10,25,45,-93783,-101,-114,0,-93824
2,47,51,-93539,-38,-77,0,-93464
-17,62,67,-93286,29,-79,0,-93274
-33,66,80,-93172,56,-118,1,-93072
-33,68,99,-93158,37,-155,1,-93023
-28,69,100,-93267,32,-170,1,-93411
-44,71,105,-93462,56,-196,1,-93673
-35,66,101,-93710,40,-205,1,-93936
-47,64,106,-93958,62,-229,1,-94169
-50,67,94,-94208,69,-216,1,-94019
-48,49,90,-94475,89,-257,1,-94229
-77,39,93,-94752,135,-287,1,-95156
-80,34,100,-95068,128,-288,1,-94927
-91,23,95,-95451,163,-321,1,-95529
-91,17,96,-95881,156,-337,1,-96109
-93,3,86,-96391,174,-361,1,-96587
-97,-5,85,-96932,169,-371,1,97098
-83,-13,83,-97453,146,-381,1,97612
-83,-24,78,-97902,136,-399,1,98147
-56,-32,72,-98272,89,-419,1,97863
-64,-42,60,-98555,109,-429,1,98578
-58,-68,44,-98798,81,-487,1,98319
-57,-83,29,-98924,39,-485,1,99292
-38,-80,13,-98848,18,-510,1,99220
-46,-47,10,-98457,80,-426,1,98667
-10,-6,40,-98039,-13,-307,0,-98287
-2,16,59,-97797,-51,-186,0,97959
0,31,69,-97606,-59,-149,0,-97716
5,43,69,-97532,-62,-152,0,-97337
11,50,80,-97541,-92,-134,0,-97714
20,51,89,-97651,-88,-171,0,-97780
9,59,97,-97791,-61,-178,0,-97571
4,62,99,-97985,-43,-187,0,-97804
-14,54,96,-98163,-4,-207,0,98278
1,65,100,-98319,-30,-201,0,-98558
-11,59,102,-98463,1,-226,0,-98348
-6,69,127,-98541,11,-255,0,-98341
-38,60,124,-98714,70,-270,1,-98485
-46,40,123,-98957,77,-304,1,-99220
-53,34,120,-99274,100,-318,1,-99070
-77,16,108,-99715,141,-350,1,-99426
-82,2,111,-100260,124,-348,1,-100028
-69,-8,96,-100818,135,-382,1,100363
-81,-16,81,-101322,160,-382,1,100889
-68,-38,57,-101902,153,-455,1,102158
-56,-36,53,-102447,128,-443,1,102710
-40,-68,38,-102970,62,-557,1,102506
-37,-75,44,-103359,40,-546,1,102902
-29,-87,44,-103598,5,-560,1,104162
-26,-99,36,-103640,-10,-569,1,-104123
-28,-101,12,-103472,-11,-551,1,-104052
-33,-80,-9,-103076,25,-513,1,-102623
-15,-29,10,-102397,37,-475,0,101913
-24,6,31,-101498,97,-209,0,-101573
-40,25,42,-100850,121,-151,1,-100618
-46,40,47,-100496,112,-131,1,-100437
-49,51,57,-100279,93,-126,1,-100272
-47,52,92,-100142,45,-190,1,-100345
-22,37,108,-100190,-6,-224,0,100313
-53,30,117,-100388,55,-261,1,-100685
-32,38,132,-100616,7,-263,1,-100537
-45,40,130,-100871,47,-273,1,-101309
-52,55,131,-101102,47,-265,1,-101199
-47,49,128,-101363,61,-285,1,-100944
-84,34,121,-101666,114,-318,1,-101478
-80,29,122,-101977,105,-305,1,-102187
-85,25,115,-102330,127,-327,1,-102078
-70,15,108,-102727,108,-322,1,-102479
-70,5,103,-103128,122,-349,1,-103382
-74,-6,93,-103525,130,-355,1,103830
-70,-15,79,-103935,141,-381,1,103432
-70,-28,65,-104328,144,-408,1,104092
-66,-37,47,-104738,138,-433,1,104530
-45,-48,25,-105089,102,-500,1,105228
-34,-75,-4,-105322,45,-565,1,-104732
-29,-79,8,-105254,-4,-537,1,-104808
4,-50,43,-104797,-120,-444,0,104588
14,-29,60,-104088,-116,-348,0,104339
-13,4,58,-103312,24,-253,0,-103260
-45,27,59,-102701,111,-167,1,-102891
-29,35,45,-102315,73,-147,1,-102241
-30,51,51,-102082,66,-121,1,-102118
-64,66,80,-101900,99,-154,1,-102112
-42,49,89,-101790,61,-185,1,-101723
-68,58,100,-101773,102,-203,1,-101695
-79,63,90,-102006,122,-210,1,-102135
-76,69,86,-102404,133,-211,1,-102416
-94,77,84,-102899,134,-210,1,-102883
-90,67,85,-103499,134,-229,1,-103525
-109,50,74,-104233,197,-276,1,-104170
-128,38,68,-105025,226,-299,1,-105367
-131,31,68,-105843,227,-304,1,-105573
-115,35,67,-106645,207,-292,1,-106858
-105,27,59,-107492,203,-323,1,-107042
-93,3,54,-108267,193,-347,1,-108316
-75,-19,51,-108935,169,-385,1,108743
-72,-40,44,-109427,137,-437,1,109056
-64,-55,33,-109717,110,-467,1,109827
-61,-66,14,-109736,103,-488,1,109911
-51,-62,29,-109483,77,-473,1,109102
-41,-56,40,-109022,39,-439,1,108664
-34,-41,36,-108477,62,-410,1,108085
-26,-12,38,-107834,64,-306,1,107647
-9,14,48,-107211,-13,-190,0,107087
-20,34,53,-106742,17,-143,0,-106605
-15,42,74,-106351,-7,-179,0,106422
-19,38,72,-106133,12,-180,0,-106070
-35,44,92,-106021,60,-188,1,-106227
-48,43,103,-106079,65,-228,1,-106141
-58,48,109,-106191,77,-229,1,-105985
-48,53,117,-106329,53,-232,1,-106471
-60,58,113,-106544,84,-236,1,-106724
-66,63,116,-106813,86,-240,1,-106893
-76,59,116,-107137,97,-245,1,-107027
-88,60,118,-107506,122,-267,1,-107168
-77,55,114,-107922,119,-266,1,-107750
-85,43,102,-108438,134,-267,1,-108036
-93,42,98,-109090,155,-283,1,-109496
-91,27,87,-109817,166,-302,1,-109927
-89,13,84,-110560,160,-324,1,-110143
-90,-7,76,-111258,155,-362,1,111483
-78,-27,60,-111931,131,-412,1,111690
-60,-46,40,-112482,113,-460,1,112358
-44,-59,22,-112842,84,-510,1,112996
-28,-59,16,-112942,36,-532,1,113448
-6,-45,19,-112677,-33,-534,0,-113194
1,-13,41,-112048,-72,-317,0,111858
2,4,49,-111244,-68,-223,0,-111140
-5,25,49,-110475,-29,-123,0,110530
-8,51,55,-109907,-6,-93,0,109834
-36,65,63,-109591,58,-114,1,-109572
-44,53,70,-109321,50,-153,1,-109562
-16,44,106,-109124,-7,-198,0,109259
-31,39,107,-108976,43,-223,1,-108812
-36,52,118,-108895,49,-218,1,-109013
-47,60,107,-108935,66,-212,1,-108910
-68,74,111,-109084,102,-213,1,-109261
-75,83,113,-109377,102,-220,1,-109463
-83,78,105,-109793,109,-218,1,-109603
-89,74,97,-110279,130,-230,1,-110290
-91,69,91,-110858,142,-235,1,-110891
-92,63,87,-111541,143,-233,1,-111588
-86,49,87,-112311,155,-265,1,-112406
-87,24,75,-113074,192,-312,1,-112705
-101,10,70,-113770,194,-320,1,-114112
-101,4,77,-114426,167,-334,1,-114494
-89,-7,71,-115032,147,-361,1,114870
-74,-27,54,-115613,127,-410,1,115228
-56,-47,39,-116108,91,-467,1,115775
-47,-66,26,-116463,71,-513,1,115935
-32,-65,27,-116610,18,-502,1,116257
-11,-52,40,-116535,-44,-459,0,-116421
10,-32,45,-116217,-107,-384,0,115927
1,-5,43,-115658,-55,-273,0,115395
2,22,42,-115010,-53,-158,0,-115157
-1,54,55,-114465,-23,-67,0,114551
-27,74,69,-114042,26,-99,1,-113944
-30,70,70,-113613,17,-101,1,-113576
-19,72,89,-113247,-6,-129,0,113370
-8,70,98,-113224,-8,-169,0,113353
-19,70,90,-113409,19,-170,0,-113591
-17,64,85,-113650,16,-194,0,-113448
-36,65,80,-113962,63,-197,1,-114148
-46,60,93,-114287,77,-229,1,-114313
-62,62,104,-114739,128,-261,1,-115167
-84,63,121,-115249,108,-253,1,-115383
-84,40,100,-115917,165,-297,1,-116062
-135,39,106,-116528,189,-302,1,-116344
-117,32,106,-117199,172,-310,1,-116843
-114,27,98,-117930,177,-310,1,-118055
-113,18,93,-118669,159,-313,1,-118296
-81,7,87,-119419,131,-320,1,-119750
-71,-5,73,-120135,137,-358,1,119970
-62,-28,46,-120820,139,-420,1,120528
-35,-49,27,-121333,65,-510,1,120898
-36,-62,22,-121547,48,-516,1,121074
-19,-64,16,-121312,-17,-535,0,-121831
0,-32,29,-120468,-65,-437,0,120679
-22,-15,42,-119279,56,-320,0,119002
-17,-3,56,-118218,23,-264,0,118001
-14,17,61,-117548,28,-200,0,-117716
-22,41,53,-117103,48,-144,0,-117211
-28,59,58,-116681,46,-119,1,-116618
-54,71,53,-116342,73,-138,1,-116466
-42,69,70,-116119,43,-155,1,-115983
-52,62,106,-116157,39,-205,1,-116020
-64,45,114,-116338,58,-242,1,-116442
-39,39,120,-116636,33,-256,1,-116544
-55,41,128,-116988,55,-270,1,-117086
-55,39,133,-117356,51,-279,1,-117722
-57,42,130,-117706,68,-280,1,-117258
-72,43,130,-118088,92,-288,1,-117994
-81,41,130,-118509,119,-316,1,-118617
-93,32,123,-119024,136,-317,1,-119136
-96,23,113,-119615,154,-327,1,-119513
-100,24,108,-120316,164,-325,1,-119824
-87,19,89,-121109,164,-329,1,-121064
-81,6,63,-122004,178,-347,1,-122130
-42,-13,43,-122891,132,-404,1,123152
-25,-41,28,-123576,65,-534,1,123084
-16,-68,19,-123960,1,-593,0,124475
-11,-89,10,-123986,-33,-602,0,-124531
-13,-83,14,-123570,-31,-556,0,-123095
0,-49,35,-122717,-46,-488,0,122503
-38,-12,40,-121584,153,-295,1,121685
-47,8,43,-120444,154,-217,1,-120376
-43,26,41,-119444,143,-145,1,-119447
-54,49,44,-118711,121,-150,1,-118642
-54,61,54,-118115,58,-144,1,-118251
-27,58,80,-117815,7,-162,1,-117988
-57,44,91,-117631,47,-206,1,-117713
-23,43,115,-117490,-12,-225,0,117334
-44,48,107,-117553,47,-237,1,-117633
-26,56,108,-117693,22,-236,1,-117520
-53,59,106,-117902,92,-239,1,-117850
-83,53,115,-118216,114,-271,1,-117933
-74,45,121,-118598,113,-289,1,-118283
-106,35,110,-119062,157,-291,1,-118926
-99,33,116,-119619,153,-307,1,-119518
-104,30,104,-120254,180,-308,1,-119849
-109,29,91,-120965,190,-305,1,-121124
-99,23,80,-121731,180,-309,1,-121381
-91,6,66,-122487,179,-334,1,-122774
-77,-10,61,-123167,156,-367,1,123031
-63,-26,47,-123705,155,-409,1,123440
-73,-35,43,-124070,170,-419,1,124399
-72,-49,27,-124321,152,-451,1,124053
-37,-62,14,-124415,47,-531,1,124887
-29,-66,2,-124156,34,-546,1,124580
-25,-40,25,-123482,52,-459,1,123778
-24,-25,39,-122534,47,-388,0,122659
-39,-14,52,-121535,92,-346,1,121767
-65,-3,63,-120545,109,-291,1,120785
-41,13,80,-119723,49,-255,1,-119572
-67,33,86,-119142,82,-186,1,-119225
-36,35,79,-118798,24,-174,1,-119029
-43,48,102,-118600,35,-169,1,-118708
-42,50,105,-118555,28,-183,1,-118722
-25,57,109,-118626,-1,-193,1,118766
-18,62,103,-118804,-8,-189,0,119010
-28,70,98,-119003,7,-183,1,-118872
-21,75,105,-119250,-2,-203,0,119086
-45,81,107,-119530,42,-206,1,-119324
-54,79,114,-119866,53,-226,1,-120039
-61,75,110,-120258,79,-237,1,-120185
-68,67,108,-120732,96,-238,1,-120698
-82,58,104,-121348,142,-275,1,-121760
-94,47,96,-122086,174,-302,1,-122232
-77,24,76,-122920,170,-311,1,-123297
-85,0,66,-123746,202,-375,1,-123593
-83,-23,59,-124482,173,-414,1,124685
-66,-45,49,-125127,124,-456,1,125218
-57,-66,33,-125574,91,-498,1,125812
-37,-81,16,-125740,11,-533,1,125267
-39,-67,14,-125547,26,-479,1,125895
0,-38,36,-125048,-84,-433,0,125335
-9,-14,45,-124316,-9,-339,0,-124140
-11,3,38,-123721,22,-224,0,-123821
-1,45,34,-123348,-34,-34,0,123358
-3,79,46,-122992,-29,-33,0,122930
-31,83,57,-122763,38,-65,1,-122780
-44,72,78,-122690,54,-124,1,-122659
-41,74,109,-122661,36,-169,1,-122789
-34,70,96,-122777,29,-189,1,-122686
-35,68,82,-123073,60,-196,1,-122889
-65,68,84,-123419,94,-227,1,-123638
-47,58,88,-123863,77,-229,1,-123697
-67,58,109,-124295,103,-273,1,-124136
-80,44,107,-124709,125,-300,1,-124538
-90,19,98,-125153,156,-346,1,-125199
-98,2,93,-125612,160,-352,1,-125802
-81,-11,93,-126070,140,-391,1,126331
-93,-26,91,-126496,147,-394,1,126744
-88,-27,92,-126974,125,-408,1,126469
-75,-38,82,-127446,113,-420,1,127033
-69,-48,70,-127912,98,-453,1,127535
-57,-67,51,-128296,73,-497,1,128212
-49,-70,36,-128513,53,-501,1,128915
-30,-68,23,-128657,24,-525,1,128206
-20,-68,21,-128652,-15,-522,0,-128204
6,-42,27,-128419,-100,-471,0,128033
-3,-8,41,-127968,-35,-294,0,-127735
3,13,44,-127543,-58,-178,0,-127647
-9,39,42,-127321,12,-78,0,-127263
-44,55,60,-127128,55,-128,1,-127229
-27,50,74,-126874,-2,-141,1,126837
6,63,105,-126791,-48,-159,0,-126886
-5,57,109,-126872,-18,-196,0,126743
-17,58,117,-127070,-6,-218,0,127196
-2,66,124,-127266,-35,-230,0,127451
-29,58,131,-127469,17,-263,1,-127070
-23,58,135,-127689,30,-292,0,-127837
-42,50,143,-127906,53,-298,1,-127531
-53,39,137,-128143,81,-317,1,-128379
-43,31,131,-128377,75,-327,1,-128193
-51,25,129,-128580,87,-317,1,-128898
-72,10,110,-128879,128,-352,1,-128658
-77,-4,83,-129297,140,-363,1,129257
-71,-29,68,-129827,131,-402,1,129581
-63,-44,53,-130339,120,-427,1,130259
-56,-48,52,-130736,92,-421,1,130936
-26,-48,42,-130942,33,-462,1,130702
-22,-33,48,-130847,24,-379,0,130683
-21,-14,58,-130531,24,-302,0,130294
-9,-2,44,-130155,6,-289,0,130411
-1,20,45,-129794,-23,-161,0,129932
-11,41,48,-129379,7,-84,0,-129320
-19,57,58,-128990,35,-95,0,-128948
-48,55,67,-128736,89,-150,1,-128588
-55,48,74,-128554,91,-183,1,-128652
-47,44,91,-128432,54,-210,1,-128275
-27,46,97,-128428,53,-217,1,-128273
-85,54,101,-128487,139,-231,1,-128400
-77,65,98,-128594,113,-229,1,-128681
-63,68,101,-128782,93,-222,1,-128914
-94,67,96,-129079,131,-233,1,-129057
-93,58,97,-129491,133,-259,1,-129106
-102,49,98,-129998,154,-280,1,-129654
-114,48,99,-130578,157,-283,1,-131000
-86,44,99,-131210,124,-269,1,-131553
-92,34,95,-131924,142,-312,1,-131792
-83,15,88,-132596,133,-329,1,-132153
-81,-3,85,-133191,136,-348,1,133521
-78,-21,74,-133728,134,-395,1,133955
-67,-40,62,-134198,115,-428,1,134581
-53,-71,41,-134551,66,-500,1,134271
-38,-62,38,-134574,66,-464,1,134173
-65,-35,38,-134199,159,-351,1,134576
-27,-37,32,-133594,44,-416,1,133239
-15,-23,36,-132953,18,-372,0,132615
-5,-8,30,-132352,-16,-313,0,-132568
17,15,17,-131795,-198,-123,0,-131681
6,69,45,-131181,-57,-50,0,-131082
-11,79,58,-130627,-8,-64,0,130567
-24,77,66,-130337,29,-103,0,-130370
-44,74,88,-130300,62,-169,1,-130136
-53,63,88,-130486,88,-212,1,-130415
-79,66,94,-130741,117,-234,1,-130682
-62,61,114,-131011,79,-239,1,-130835
-88,58,116,-131315,130,-262,1,-131440
-85,54,117,-131632,119,-270,1,-131906
-81,44,112,-132039,122,-270,1,-131775
-103,32,105,-132539,180,-312,1,-132118
-110,26,91,-133104,190,-305,1,-132687
-110,16,77,-133807,209,-315,1,-134007
-113,16,76,-134603,201,-315,1,-134167
-103,4,76,-135427,186,-333,1,-135386
-101,-7,67,-136148,195,-342,1,135783
-107,-4,64,-136753,194,-331,1,137106
-84,-20,41,-137310,180,-365,1,137711
-37,-38,15,-137677,108,-475,1,137335
-38,-47,19,-137758,77,-474,1,138130
-6,-50,20,-137506,-44,-533,0,-138045
-1,-33,31,-136871,-52,-436,0,-136988
-9,-9,38,-135969,7,-322,0,135746
-13,21,55,-135009,4,-168,0,-135152
-5,36,50,-134208,-32,-129,0,134320
-9,59,69,-133535,-10,-127,0,133533
-35,64,81,-133048,43,-152,1,-132924
-41,61,77,-132828,59,-175,1,-132630
-50,59,91,-132797,64,-204,1,-132710
-55,52,107,-132803,76,-227,1,-132615
-72,54,121,-132868,100,-246,1,-133018
-61,47,121,-133067,85,-262,1,-132852
-65,43,107,-133297,112,-266,1,-133579
-81,46,111,-133570,110,-262,1,-133305
-97,41,109,-133927,133,-290,1,-133798
