-8,99,8,-1668,5,-3,0,-1771
-9,99,7,-1763,7,-3,0,-1674
-9,100,8,-1843,9,-6,0,-1881
-10,100,9,-1914,10,-9,0,-1822
-12,99,8,-1976,15,-10,0,-2004
-25,104,7,-2034,41,-34,0,-1933
-43,110,7,-2150,69,-63,1,-2143
-105,141,16,-2399,104,-130,1,-2370
-94,167,43,-3071,73,-129,1,-3046
-117,146,47,-4114,93,-181,1,-4147
-91,129,71,-5268,59,-193,1,-5368
-73,117,92,-6461,39,-216,1,-6575
-41,102,105,-7581,13,-235,0,-7519
-25,86,100,-8616,6,-250,1,-8562
-14,61,88,-9544,2,-246,0,-9691
-1,38,81,-10316,-35,-302,0,10545
-2,23,76,-10829,-36,-326,0,11122
1,6,57,-11122,-61,-380,0,-10763
4,-10,37,-11236,-56,-425,0,10838
3,-24,18,-11246,-70,-578,0,10733
-3,-28,10,-11097,-21,-626,0,-10541
-3,-27,5,-10841,-4,-646,0,-10434
-19,-22,7,-10579,130,-523,0,11224
-41,-34,7,-10323,171,-481,1,10516
-59,-51,21,-9957,171,-468,1,10114
-105,-78,26,-9528,201,-454,1,9223
-129,-99,45,-9217,202,-447,1,9656
-121,-112,75,-9203,171,-466,1,8919
-124,-112,104,-9469,167,-455,1,9698
-110,-87,139,-10083,142,-418,1,9982
-67,-62,161,-10978,80,-407,1,11258
-27,-45,158,-11984,25,-406,1,12264
4,-38,132,-12991,-28,-420,0,13217
25,-37,106,-13837,-77,-431,1,14266
40,-36,94,-14546,-124,-430,1,14673
59,-34,88,-15093,-176,-426,1,15283
58,-40,70,-15379,-188,-449,1,15665
43,-39,56,-15428,-177,-467,1,15639
30,-43,43,-15292,-156,-503,1,15050
27,-37,40,-15019,-175,-495,1,15358
18,-42,27,-14595,-115,-548,0,15217
-4,-52,16,-14072,-26,-622,0,-13474
-15,-60,12,-13507,9,-613,0,13972
-36,-43,5,-12885,133,-525,1,12498
-89,-52,-23,-12274,214,-440,1,-12015
-104,-62,-32,-11878,211,-432,1,-12128
-86,-63,-8,-11657,212,-431,1,-11422
-113,-65,30,-11534,244,-394,1,11357
-113,-61,72,-11587,207,-371,1,11512
-119,-51,116,-11813,181,-366,1,12239
-129,-40,148,-12252,176,-336,1,11796
-104,-29,172,-12960,125,-335,1,13176
-80,-31,184,-13860,88,-362,1,14328
-46,-40,190,-14896,37,-389,1,15161
-16,-29,187,-15877,9,-394,0,16174
-6,-19,153,-16789,-4,-389,0,-16544
13,-13,115,-17623,-56,-403,0,17667
30,-20,80,-18295,-117,-433,1,18156
32,-28,51,-18764,-149,-462,1,18457
30,-31,28,-19037,-190,-512,1,19201
18,-36,8,-19123,-169,-604,0,18554
12,-35,0,-19055,-129,-623,0,18604
-4,-38,-7,-18886,-20,-646,0,19313
-9,-52,-12,-18668,-10,-616,0,19127
-2,-68,11,-18414,-41,-627,0,-17917
3,-61,45,-18130,-44,-530,0,17659
-42,-73,32,-17565,89,-525,1,18059
-82,-64,36,-16921,171,-430,1,17239
-118,-71,8,-16398,239,-442,1,16739
-143,-76,6,-16093,266,-402,1,16007
-140,-76,55,-16125,243,-391,1,16253
-117,-72,125,-16514,173,-384,1,16670
-93,-92,172,-17162,119,-413,1,16970
-70,-82,189,-17971,92,-422,1,18273
-86,-63,149,-18874,140,-434,1,18553
-60,-37,120,-19926,89,-412,1,19571
2,-23,105,-20982,-28,-406,0,20484
32,-25,95,-21855,-103,-406,1,21705
55,-22,81,-22403,-177,-414,1,22239
44,-23,49,-22547,-199,-441,1,22884
12,-22,13,-22351,-148,-553,0,21987
-9,-28,-11,-21957,27,-591,0,-22411
-42,-46,-34,-21484,107,-493,1,-21067
-86,-75,-47,-21011,155,-474,1,-21347
-129,-97,-24,-20656,202,-443,1,-20780
-132,-98,29,-20628,218,-437,1,20737
-105,-124,83,-20975,156,-465,1,20705
-25,-111,176,-21653,22,-438,1,22002
23,-110,192,-22383,-30,-459,0,22017
32,-78,176,-22957,-56,-452,1,22662
37,-47,138,-23322,-88,-445,1,23152
31,-32,88,-23537,-114,-456,1,23069
15,-28,42,-23594,-111,-499,0,23945
-7,-25,7,-23485,17,-620,0,23005
-24,-22,-10,-23288,132,-501,0,-23439
-30,-38,-23,-23094,86,-508,1,-23478
-28,-44,-21,-22870,79,-519,1,-23356
-60,-61,-21,-22596,148,-478,1,-22811
-85,-66,15,-22348,186,-432,1,22087
-94,-69,58,-22277,193,-414,1,22136
-147,-94,79,-22385,228,-403,1,22149
-105,-94,151,-22840,117,-419,1,22593
-36,-101,186,-23588,45,-441,1,23880
-11,-81,181,-24388,19,-452,0,24190
7,-66,145,-25149,-15,-467,0,25397
21,-57,121,-25840,-59,-470,0,25942
44,-50,106,-26386,-111,-454,1,26318
49,-42,83,-26710,-148,-466,1,26975
25,-39,51,-26798,-119,-508,1,26927
0,-42,20,-26776,-32,-610,0,27350
-4,-40,1,-26702,-10,-677,0,-27336
-15,-33,-17,-26530,54,-555,0,-25986
-36,-38,-43,-26270,96,-457,1,-26395
-31,-39,-44,-25974,86,-446,1,-25743
-58,-51,-28,-25566,176,-442,1,-25288
-115,-68,18,-25122,244,-404,1,25446
-125,-106,97,-24887,164,-442,1,24668
-137,-128,117,-24866,177,-462,1,24796
-160,-111,115,-25113,201,-441,1,25576
-108,-80,127,-25829,152,-429,1,25992
-40,-63,137,-26808,48,-431,1,27066
12,-48,143,-27754,-43,-420,0,27982
48,-34,131,-28512,-101,-405,1,28222
48,-30,102,-29003,-130,-424,1,28708
42,-22,72,-29188,-144,-414,1,29541
12,-26,31,-29118,-101,-513,0,29649
-15,-42,-5,-28890,43,-621,0,-29376
-26,-57,-20,-28602,40,-572,1,-28060
-47,-56,-24,-28248,106,-505,1,-28617
-80,-62,-26,-27817,177,-462,1,-28093
-131,-62,-4,-27329,258,-404,1,-27375
-144,-95,21,-27104,232,-437,1,26692
-125,-119,63,-27209,201,-454,1,27506
-109,-113,108,-27573,167,-459,1,27306
-88,-97,145,-28227,114,-442,1,28460
-20,-69,172,-29068,8,-426,0,28883
30,-55,149,-29863,-62,-441,1,30109
43,-44,108,-30422,-109,-451,1,30484
33,-41,69,-30714,-127,-481,1,30248
8,-48,38,-30789,-74,-565,0,31290
-17,-63,19,-30755,18,-617,0,31335
-18,-79,12,-30725,6,-635,0,31273
-24,-91,18,-30669,14,-617,0,30199
-25,-86,30,-30576,6,-591,1,30071
-7,-82,19,-30502,-20,-637,0,-29965
-10,-57,7,-30247,9,-642,0,29850
-78,-36,-10,-29768,244,-423,1,-30066
-103,-24,-11,-29374,292,-370,1,-29329
-118,-39,-15,-29149,285,-391,1,-28954
-148,-52,6,-29057,291,-386,1,29063
-136,-81,70,-29270,229,-401,1,29618
-121,-114,115,-29701,188,-438,1,30068
-121,-116,153,-30288,168,-429,1,30682
-83,-83,191,-31195,109,-406,1,30878
-9,-61,177,-32319,0,-420,0,32538
50,-46,140,-33410,-104,-433,1,33734
64,-39,100,-34133,-153,-440,1,33914
46,-42,54,-34477,-163,-484,1,34783
14,-46,26,-34552,-106,-571,0,33951
10,-35,23,-34478,-104,-556,0,34012
2,-40,6,-34275,-72,-655,0,34570
-29,-34,6,-33916,108,-513,1,34351
-62,-36,7,-33485,190,-431,1,33734
-77,-46,18,-33065,194,-420,1,32825
-87,-50,22,-32671,220,-418,1,32401
-123,-69,10,-32255,257,-416,1,32087
-144,-69,62,-32055,230,-398,1,31915
-140,-81,83,-32142,235,-398,1,31840
-182,-60,112,-32584,224,-360,1,32317
-91,-36,138,-33699,109,-356,1,33372
-23,-20,166,-35002,24,-345,0,35160
7,-24,172,-36326,-20,-366,0,35877
44,-30,152,-37483,-88,-393,1,37663
56,-31,128,-38353,-116,-401,1,38038
57,-21,110,-38942,-158,-410,1,39257
60,-19,83,-39238,-185,-406,1,38934
50,-24,60,-39285,-188,-417,1,39029
37,-24,49,-39092,-188,-431,1,39334
19,-26,40,-38750,-141,-460,0,38458
13,-33,30,-38336,-129,-507,0,38132
14,-27,29,-37762,-132,-479,0,37591
-17,-21,8,-37028,115,-511,0,37152
-81,-48,1,-36212,212,-429,1,35958
-155,-37,47,-35496,269,-343,1,35438
-182,-70,59,-35187,259,-390,1,35132
-142,-70,72,-35329,240,-395,1,35833
-117,-56,102,-35744,215,-380,1,35349
-111,-49,138,-36360,182,-363,1,36620
-70,-38,175,-37198,123,-357,1,37022
-30,-46,184,-38034,56,-391,1,38308
0,-52,190,-38767,-2,-405,0,38516
45,-42,176,-39348,-66,-418,1,39140
39,-35,140,-39625,-70,-428,1,39852
9,-34,110,-39698,-43,-443,0,39621
-12,-42,85,-39691,-13,-476,0,-39593
-23,-40,66,-39639,14,-489,0,39745
-38,-35,39,-39471,97,-495,1,39810
-73,-31,11,-39204,210,-443,1,38933
-69,-29,-5,-38932,214,-430,1,-39224
-88,-18,-20,-38536,269,-368,1,-38580
-136,-14,-38,-38057,272,-342,1,-37954
-128,-29,-34,-37799,262,-360,1,-37767
-150,-30,1,-37712,325,-318,1,37821
-172,-43,41,-37830,301,-341,1,37655
-163,-54,94,-38257,239,-353,1,37941
-120,-51,157,-39046,143,-369,1,39329
-74,-52,198,-40073,83,-378,1,40221
-40,-46,200,-41088,44,-397,1,41246
-5,-34,169,-42047,-9,-411,0,-42275
19,-28,131,-42820,-71,-433,0,42556
23,-26,100,-43306,-81,-420,0,43186
9,-30,68,-43525,-74,-469,0,43979
-11,-35,46,-43547,-14,-511,0,-44014
-8,-37,21,-43444,-17,-591,0,-43994
-26,-41,-11,-43185,89,-563,1,-43748
-65,-26,-20,-42714,211,-403,1,-42962
-96,-4,-17,-42128,303,-319,1,-42194
-132,-12,-23,-41575,293,-322,1,-41632
-110,-30,-8,-41228,278,-367,1,-41224
-119,-33,10,-40941,301,-352,1,40897
-174,-50,53,-40721,285,-344,1,40944
-175,-53,97,-40835,236,-356,1,40693
-158,-56,119,-41294,224,-364,1,40984
-162,-40,122,-42043,227,-345,1,42366
-115,-8,153,-43142,128,-317,1,43478
-38,-14,149,-44443,26,-351,1,44128
10,-23,142,-45699,-68,-377,0,45865
38,-27,127,-46574,-114,-398,1,46161
24,-29,108,-47065,-98,-412,0,46664
15,-32,92,-47310,-93,-430,0,47474
1,-43,74,-47418,-75,-475,0,47306
2,-48,51,-47479,-84,-518,0,47932
-4,-43,27,-47462,-30,-563,0,-47995
-5,-30,24,-47326,-29,-525,0,-47823
0,-32,25,-47087,-56,-522,0,46548
-11,-24,32,-46629,4,-458,0,47062
-27,-24,35,-45986,93,-423,1,45687
-88,-36,19,-45262,261,-380,1,45271
-132,-47,30,-44727,280,-364,1,44661
-160,-57,70,-44529,271,-347,1,44359
-174,-46,151,-44746,223,-313,1,44858
-92,-60,216,-45530,102,-368,1,45163
-68,-67,240,-46591,86,-379,1,46112
0,-51,238,-47839,-4,-402,0,48018
8,-36,186,-49117,-26,-427,0,48892
31,-19,151,-50221,-82,-408,1,50547
52,-21,109,-51071,-132,-408,1,50724
45,-17,76,-51587,-164,-424,1,51444
31,-12,46,-51800,-177,-423,1,52088
20,-11,17,-51819,-210,-445,0,51978
5,-7,0,-51662,-185,-562,0,52037
-18,-14,-11,-51432,132,-477,0,-51628
-22,-32,-22,-51226,77,-502,0,-51645
-27,-40,-17,-50963,98,-513,1,-50527
-39,-34,5,-50599,172,-432,1,50340
-78,-25,50,-50125,215,-326,1,49722
-121,-31,114,-49648,194,-308,1,49161
-132,-77,125,-49352,194,-378,1,49613
-151,-92,145,-49288,194,-390,1,49567
-163,-85,159,-49653,184,-396,1,49325
-118,-41,192,-50610,132,-357,1,50383
-54,-35,182,-51880,67,-379,1,52028
-29,-29,166,-53204,27,-391,1,52971
2,-25,147,-54395,-34,-405,0,54596
19,-24,125,-55326,-65,-404,0,55733
29,-17,94,-55916,-109,-421,1,56307
18,-17,57,-56157,-119,-457,0,56027
7,-16,30,-56144,-95,-480,0,56026
-7,-19,17,-55941,5,-539,0,55452
-22,-10,17,-55588,138,-425,0,55310
-49,-22,-7,-55170,213,-433,1,-54981
-62,-31,-19,-54749,191,-413,1,-54478
-78,-27,0,-54358,249,-365,1,54676
-105,-30,37,-53909,244,-335,1,54141
-123,-38,77,-53541,217,-333,1,53408
-142,-68,91,-53250,225,-372,1,53509
-162,-73,112,-53174,224,-373,1,52923
-143,-76,139,-53524,183,-384,1,53398
-104,-61,158,-54257,138,-387,1,53822
-75,-54,176,-55219,87,-394,1,54944
-21,-51,182,-56324,6,-421,0,56627
7,-44,165,-57231,-37,-441,0,56985
14,-27,131,-57867,-61,-441,0,58139
13,-16,89,-58212,-73,-437,0,58054
-4,-12,49,-58290,-18,-444,0,-57889
-28,-18,11,-58208,179,-488,1,57865
-45,-21,-11,-58067,203,-448,1,-58264
-52,-19,-14,-57852,191,-411,1,-57586
-79,-13,-8,-57574,280,-358,1,-57567
-99,-9,0,-57264,301,-321,1,57259
-101,-24,6,-56997,284,-344,1,56985
-103,-48,22,-56699,251,-381,1,56481
-115,-61,50,-56397,235,-389,1,56668
-152,-82,111,-56221,193,-391,1,55921
-145,-72,139,-56490,189,-377,1,56627
-121,-50,141,-57138,183,-359,1,56871
-121,-36,136,-58036,172,-361,1,58279
-70,-32,143,-59242,68,-376,1,59020
0,-48,144,-60518,-42,-424,0,60758
31,-50,138,-61516,-109,-455,1,61766
32,-33,119,-62023,-116,-447,1,62463
11,-15,89,-62098,-83,-426,0,62260
-8,-8,46,-61883,-8,-419,0,-61492
-39,-13,5,-61566,230,-439,1,61697
-55,-21,-19,-61243,193,-424,1,-61040
-66,-28,-26,-60943,187,-409,1,-61294
-83,-29,-26,-60653,221,-377,1,-60702
-109,-35,-13,-60301,268,-353,1,-60322
-143,-45,2,-59936,307,-347,1,60117
-145,-69,33,-59759,278,-373,1,59898
-165,-81,73,-59805,262,-375,1,59730
-168,-65,127,-60226,211,-370,1,60024
-129,-61,154,-61120,161,-370,1,61258
-96,-48,161,-62244,116,-375,1,62195
-71,-36,151,-63477,81,-388,1,63191
-40,-32,128,-64610,41,-405,1,64871
-5,-30,94,-65608,-19,-434,0,-65954
14,-32,64,-66322,-76,-468,0,66266
16,-29,46,-66762,-99,-481,0,66923
17,-26,31,-66959,-127,-499,0,66583
12,-28,19,-66950,-112,-554,0,67525
11,-24,17,-66747,-118,-538,0,67289
-5,-23,14,-66324,16,-564,0,65838
-28,-23,16,-65719,140,-460,1,66031
-47,-18,18,-64980,220,-385,1,64673
-103,-17,30,-64053,278,-329,1,64001
-166,-28,47,-63071,294,-329,1,63138
-192,-63,60,-62391,264,-363,1,62314
-175,-73,72,-62154,245,-373,1,62437
-160,-72,85,-62357,219,-398,1,62028
-134,-50,104,-62987,191,-369,1,63258
-104,-33,118,-63913,143,-364,1,63614
-81,-19,122,-64966,111,-360,1,64758
-51,-12,103,-66040,79,-366,1,65672
-38,-12,78,-66924,85,-376,1,66602
-25,-11,56,-67618,81,-388,1,68058
-16,-15,37,-68065,82,-424,0,67635
-20,-21,35,-68297,99,-443,0,68407
-31,-40,72,-68380,65,-442,1,68241
-20,-74,132,-68402,-6,-455,0,-68143
-3,-100,167,-68393,-40,-478,0,-68119
-5,-102,169,-68358,-30,-482,0,-68148
-20,-85,140,-68327,-29,-506,0,-68555
-22,-62,87,-68336,-16,-530,0,-67725
-10,-40,29,-68300,-1,-579,0,-67769
-25,-13,-8,-68034,180,-474,1,-67773
-59,17,-29,-67559,203,-293,1,67133
-87,6,-42,-67092,227,-314,1,67507
-101,-2,-44,-66682,269,-317,1,-66566
-154,-38,-35,-66324,295,-350,1,-66549
-126,-109,77,-66322,174,-431,1,66126
-55,-175,207,-66672,47,-467,1,67014
-9,-155,230,-67225,-3,-481,0,-67341
16,-101,159,-67831,-42,-508,0,68045
16,-56,74,-68297,-63,-533,0,67725
4,-32,7,-68572,-60,-663,0,67944
-6,-22,-32,-68617,-7,-498,0,69106
-20,-7,-38,-68447,80,-376,0,-68172
-44,1,-44,-68118,145,-317,1,68538
-75,-9,-48,-67645,206,-323,1,-68063
-99,-9,-30,-67134,275,-304,1,-67190
-127,-23,-8,-66619,322,-315,1,-66607
-160,-21,27,-66132,337,-302,1,66236
-207,-41,66,-65814,308,-315,1,65980
-227,-54,134,-65934,238,-322,1,65648
-163,-54,179,-66644,155,-349,1,66995
-104,-47,182,-67662,102,-379,1,68013
-75,-35,157,-68778,79,-390,1,69013
-55,-20,137,-69822,53,-389,1,70051
-32,-9,113,-70758,21,-391,1,71059
-6,-8,79,-71484,-28,-406,0,-71419
6,-9,40,-71953,-72,-418,0,71890
4,-12,3,-72107,-113,-633,0,72620
-3,-14,-26,-72001,-9,-462,0,71825
-17,-19,-48,-71652,26,-421,0,-71283
-41,-18,-48,-71148,110,-377,1,-70889
-77,-14,-28,-70520,238,-335,1,-70287
-111,-22,-2,-69857,297,-333,1,-69885
-148,-36,16,-69177,301,-357,1,69330
-188,-63,52,-68673,268,-375,1,68744
-192,-89,92,-68567,235,-386,1,68100
-188,-89,127,-68902,210,-390,1,68845
-151,-61,158,-69707,151,-384,1,70037
-83,-43,157,-70805,81,-397,1,71087
-47,-31,139,-71914,47,-405,1,72170
-24,-18,119,-72878,9,-401,0,73031
0,-14,92,-73641,-45,-410,0,73294
11,-14,55,-74123,-87,-437,0,73819
5,-20,13,-74316,-101,-584,0,73841
0,-16,-19,-74234,-44,-512,0,-73779
-15,-26,-44,-73939,14,-451,0,-74017
-42,-18,-37,-73522,137,-383,1,-73434
-76,-15,-15,-73000,270,-339,1,-73012
-111,-23,8,-72457,298,-329,1,72473
-144,-40,33,-71956,283,-357,1,72166
-175,-65,72,-71611,262,-357,1,71549
-170,-82,112,-71617,223,-384,1,71403
-168,-84,139,-71999,202,-390,1,71693
-145,-60,164,-72770,166,-375,1,73117
-92,-42,161,-73825,103,-391,1,74065
-56,-30,145,-74915,64,-396,1,75217
-26,-18,129,-75939,11,-395,1,76201
0,-15,100,-76743,-36,-409,0,76309
12,-14,66,-77292,-70,-412,0,76916
9,-17,31,-77569,-100,-486,0,77442
6,-21,0,-77592,-117,-650,0,77306
0,-21,-22,-77356,-33,-518,0,-76814
-27,-19,-33,-76881,108,-427,1,-77246
-65,-16,-25,-76274,215,-361,1,-75803
-92,-19,-4,-75640,287,-353,1,-75586
-121,-21,4,-74976,316,-326,1,74957
-170,-41,22,-74354,310,-331,1,74393
-196,-52,52,-74010,307,-318,1,74192
-192,-50,106,-74133,243,-330,1,73929
-162,-45,150,-74722,183,-340,1,74269
-125,-35,169,-75623,132,-351,1,75336
-80,-27,169,-76721,73,-370,1,76407
-51,-22,156,-77764,44,-386,1,77526
-35,-10,138,-78692,18,-386,1,78418
-13,-5,99,-79419,-17,-410,0,-79835
-4,-13,57,-79896,-16,-435,0,-80287
-1,-20,28,-80176,-23,-519,0,-80691
4,-24,3,-80256,-86,-676,0,80795
2,-25,-15,-80097,-65,-589,0,-80635
-14,-21,-29,-79662,50,-470,0,-79566
-50,-13,-35,-78974,185,-361,1,-79281
-84,-6,-17,-78148,272,-297,1,-78143
-98,-15,-9,-77357,305,-327,1,-77376
-155,-35,-1,-76549,312,-352,1,-76761
-200,-30,15,-75959,337,-315,1,75787
-209,-28,50,-75793,308,-307,1,76012
-212,-17,97,-76092,259,-299,1,76211
-170,-11,137,-76824,188,-311,1,77236
-123,-7,156,-77821,134,-332,1,77522
-101,2,153,-78859,114,-342,1,-79314
-77,11,135,-79847,89,-346,1,-79398
-43,13,109,-80754,43,-351,1,-80462
-10,5,72,-81511,-13,-369,0,81756
3,-8,32,-81999,-72,-447,0,82321
14,-15,-1,-82190,-205,-552,0,-82917
1,-30,-33,-82044,-75,-530,0,-82463
-11,-19,-35,-81617,16,-438,0,-81742
-54,-6,-29,-80971,211,-338,1,-81384
-98,-2,-14,-80205,296,-311,1,-80189
-133,-12,-3,-79469,324,-329,1,-79599
-167,-36,1,-78808,320,-351,1,78670
-203,-62,36,-78366,290,-360,1,78472
-204,-72,73,-78371,249,-385,1,78749
-183,-65,106,-78829,223,-373,1,78552
-152,-39,133,-79642,182,-362,1,79601
-105,-24,137,-80672,125,-366,1,80634
-67,-14,134,-81719,72,-370,1,81605
-35,-8,122,-82670,31,-369,1,82910
-5,-9,91,-83439,-29,-397,0,-82988
5,-15,54,-83944,-63,-441,0,83550
5,-19,22,-84188,-68,-525,0,84631
-5,-27,-9,-84179,6,-633,0,-84665
-25,-28,-26,-83908,90,-496,1,-83568
-41,-19,-32,-83445,151,-411,1,-83168
-77,-22,-37,-82785,221,-371,1,-82610
-108,-27,-36,-82039,265,-357,1,-81995
-123,-33,-38,-81278,277,-367,1,-81275
-154,-35,-24,-80581,310,-355,1,-80448
-200,-45,1,-80102,316,-352,1,79983
-220,-42,50,-80060,287,-323,1,79909
-184,-28,105,-80564,207,-324,1,80889
-143,-25,132,-81470,149,-341,1,81901
-87,-19,137,-82586,65,-360,1,82801
-45,-29,127,-83689,31,-397,1,83767
-27,-24,121,-84609,9,-403,1,84844
-13,-19,99,-85354,-14,-413,0,-85128
5,-15,75,-85858,-62,-420,0,85693
12,-14,48,-86097,-95,-440,0,86410
-1,-19,17,-86085,-26,-563,0,-86639
-3,-28,-10,-85892,-32,-643,0,85260
-10,-38,-21,-85504,5,-574,0,-86014
-27,-36,-1,-84902,100,-534,1,-84463
-68,-22,6,-84069,265,-393,1,84150
-117,-27,-15,-83218,278,-377,1,-83229
-126,-29,-34,-82485,270,-369,1,-82442
-167,-31,-32,-81858,305,-331,1,-81695
-188,-24,21,-81524,334,-284,1,81564
-197,-37,62,-81536,301,-322,1,81614
-210,-39,92,-81872,278,-320,1,81742
-180,-26,136,-82642,209,-318,1,82716
-120,-20,157,-83761,134,-338,1,83485
-85,-16,149,-84938,95,-357,1,84543
-54,-9,134,-86051,55,-368,1,86466
-18,-6,105,-87043,-3,-384,0,-87297
4,-11,70,-87737,-53,-415,0,87896
2,-12,29,-88143,-47,-453,0,88498
0,-15,-9,-88263,-39,-603,0,-88767
3,-20,-30,-88108,-56,-479,0,-88526
-13,-16,-35,-87642,38,-425,0,-88053
-50,-11,-28,-86948,204,-357,1,-86569
-90,2,-10,-86067,313,-287,1,86084
-136,-7,-11,-85170,325,-328,1,-85052
-164,-21,-3,-84352,333,-328,1,-84420
-191,-48,7,-83779,316,-352,1,83892
-210,-59,38,-83533,301,-353,1,83663
-208,-59,81,-83718,263,-352,1,83962
-184,-41,123,-84332,215,-347,1,83969
-140,-31,122,-85272,180,-365,1,85027
-116,-23,106,-86305,170,-373,1,86258
-87,-14,97,-87351,134,-377,1,87281
-59,-15,80,-88293,109,-395,1,88420
-41,-10,64,-89078,98,-387,1,88695
-18,-9,46,-89700,40,-414,0,90083
-4,-6,17,-90061,17,-438,0,89725
-8,-10,-14,-90114,63,-493,0,-90580
-16,-14,-37,-89917,52,-427,0,-89735
-33,-21,-52,-89529,89,-408,1,-89203
-46,-21,-44,-88887,136,-385,1,-88624
-91,-8,-24,-87978,276,-322,1,-87990
-127,-13,-32,-87005,297,-330,1,-86995
-179,-31,-22,-86063,326,-336,1,-86174
-211,-51,-4,-85432,315,-348,1,-85304
-206,-48,33,-85272,297,-352,1,85409
-219,-22,67,-85529,292,-324,1,85744
-211,-7,82,-86138,265,-318,1,86216
-159,-4,89,-87089,227,-320,1,87339
-132,2,93,-88153,195,-326,1,-88322
-95,7,83,-89257,167,-328,1,-89410
-50,8,66,-90312,106,-335,1,-90524
-4,1,33,-91170,-7,-358,0,91491
12,-15,3,-91743,-181,-569,0,91345
17,-17,-5,-91963,-202,-526,0,-91642
19,-18,-13,-91822,-206,-496,0,-92036
-5,-14,-15,-91312,25,-500,0,-91457
-64,1,-6,-90465,302,-315,1,90444
-106,10,-8,-89512,306,-302,1,89567
-145,-1,-18,-88544,323,-321,1,-88415
-180,-24,-20,-87685,317,-345,1,-87638
-198,-46,-10,-87068,316,-362,1,-87213
-215,-60,8,-86806,298,-375,1,86959
-216,-47,39,-86995,290,-346,1,86900
-184,-23,82,-87685,234,-332,1,88021
-145,-9,100,-88645,198,-335,1,88883
-134,0,104,-89673,184,-334,1,-89940
-93,13,100,-90705,140,-325,1,-91055
-60,9,80,-91677,103,-345,1,-91971
-36,5,56,-92459,83,-358,1,-92162
-15,-8,22,-93035,89,-431,0,92800
-9,-19,-4,-93351,49,-615,0,-93931
-9,-26,-34,-93346,-7,-508,0,93550
-31,-32,-57,-93056,49,-446,1,-92874
-80,-22,-56,-92565,162,-372,1,-92204
-110,-31,-38,-92082,208,-369,1,-91717
-126,-56,-4,-91795,234,-397,1,-92095
-150,-84,46,-91732,191,-414,1,92058
-112,-113,95,-92058,141,-457,1,91807
-134,-102,128,-92589,148,-433,1,92395
-64,-83,152,-93490,60,-443,1,93249
-21,-76,148,-94530,13,-453,0,94273
17,-54,139,-95507,-51,-445,0,95281
49,-43,110,-96363,-119,-449,1,96682
66,-36,78,-96987,-174,-435,1,97257
56,-26,56,-97294,-202,-435,1,97644
44,-19,35,-97290,-226,-433,1,97606
20,-16,19,-97014,-182,-472,0,97181
-11,-18,2,-96572,98,-564,0,97137
-29,-26,-10,-96059,140,-481,1,-95834
-62,-29,-3,-95546,225,-399,1,-95351
-97,-35,34,-95066,223,-355,1,94855
-117,-41,67,-94633,213,-351,1,94271
-148,-70,83,-94281,213,-393,1,94611
-133,-100,106,-94219,179,-422,1,94610
-117,-118,133,-94487,155,-442,1,94387
-111,-98,162,-95102,133,-430,1,94971
-82,-65,173,-96039,99,-411,1,95840
-37,-51,155,-97109,45,-425,1,96863
-18,-40,131,-98127,14,-422,0,97874
6,-30,109,-99004,-42,-433,0,99158
25,-25,82,-99643,-93,-426,1,99487
20,-22,53,-99993,-105,-458,0,100111
12,-19,30,-100097,-108,-488,0,99982
9,-25,0,-100013,-116,-639,0,99506
0,-33,-18,-99728,-28,-584,0,-100321
-23,-32,-24,-99238,80,-493,0,-98822
-41,-30,-19,-98638,173,-447,1,-98427
-65,-13,-2,-97825,308,-354,1,-97852
-160,-22,3,-96861,333,-328,1,96988
-165,-49,24,-96216,274,-363,1,96032
-169,-79,49,-95948,242,-389,1,96105
-184,-78,113,-96052,206,-371,1,95751
-136,-79,162,-96643,128,-396,1,96481
-92,-77,164,-97500,95,-424,1,97683
-85,-53,142,-98467,100,-424,1,98700
-60,-32,118,-99476,71,-418,1,99620
-13,-13,115,-100456,-20,-398,0,-100745
42,-6,84,-101128,-155,-402,1,100980
16,-11,33,-101368,-129,-436,0,101117
-1,-11,-2,-101351,-31,-677,0,100693
-14,-22,-26,-101235,58,-490,0,-101027
-31,-25,-27,-101080,130,-452,1,-101258
-42,-30,-13,-100941,174,-441,1,-101218
-51,-33,14,-100768,196,-415,1,100570
-73,-40,50,-100441,182,-379,1,100810
-112,-66,88,-100013,189,-381,1,100120
-134,-105,105,-99699,201,-409,1,99492
-146,-125,114,-99680,191,-442,1,99525
-134,-107,141,-100123,161,-428,1,99953
-83,-81,153,-100981,105,-431,1,101163
-52,-62,138,-101982,68,-433,1,102190
-27,-45,117,-102957,26,-434,1,103367
5,-32,104,-103719,-40,-417,0,103633
28,-24,101,-104232,-99,-416,1,104119
48,-12,93,-104423,-151,-400,1,104090
31,-4,65,-104200,-131,-389,1,104031
-25,-1,25,-103709,160,-384,1,103617
-60,-18,-20,-103206,224,-424,1,-103001
-62,-34,-39,-102812,157,-429,1,-102548
-70,-30,-26,-102451,211,-390,1,-102695
-102,-24,7,-102028,277,-326,1,102061
-125,-30,29,-101633,272,-342,1,101690
-168,-64,46,-101286,267,-371,1,101225
-173,-89,88,-101283,216,-394,1,100956
-130,-98,135,-101777,139,-430,1,101586
-93,-94,159,-102647,102,-439,1,102843
-79,-75,150,-103629,105,-443,1,103822
-73,-54,126,-104681,110,-438,1,104755
-45,-35,111,-105824,68,-418,1,105688
-2,-28,93,-106911,-27,-434,0,-106609
31,-24,74,-107736,-115,-423,1,107842
40,-25,41,-108213,-191,-456,1,108503
34,-17,22,-108324,-239,-437,1,108126
23,-13,8,-108191,-268,-454,0,108097
12,-27,-7,-107941,-148,-579,0,-108392
-4,-27,-8,-107562,-20,-598,0,108147
-36,-33,5,-107105,136,-461,1,107297
-69,-26,50,-106624,174,-360,1,106970
-111,-35,99,-106152,170,-325,1,106341
-129,-78,129,-105848,159,-377,1,105695
-120,-112,160,-105845,129,-420,1,105709
-78,-124,163,-106213,91,-466,1,106488
-67,-110,166,-106869,76,-465,1,106594
-61,-72,165,-107730,79,-449,1,107907
-48,-47,146,-108696,65,-439,1,109040
-8,-30,129,-109717,-1,-430,0,-109985
37,-28,100,-110580,-98,-440,1,110204
58,-24,72,-111108,-168,-424,1,111461
44,-15,40,-111272,-208,-432,1,111566
30,-17,7,-111224,-269,-478,1,111276
19,-17,-13,-111029,-191,-487,0,-110818
-16,-12,-19,-110735,121,-439,0,-110934
-48,-18,-18,-110449,215,-396,1,-110081
-38,-16,9,-110189,228,-387,1,110378
-63,-21,49,-109825,173,-324,1,109814
-89,-17,105,-109337,150,-293,1,109192
-134,-66,132,-108850,172,-377,1,108710
-152,-118,152,-108580,157,-426,1,108910
-133,-140,166,-108758,138,-451,1,108855
-101,-113,170,-109404,114,-459,1,109150
-79,-81,159,-110347,97,-457,1,110113
-70,-51,150,-111388,84,-426,1,111108
-35,-26,137,-112451,32,-416,1,112204
6,-14,105,-113383,-48,-424,0,113422
23,-8,64,-114008,-111,-404,0,113912
21,-9,32,-114357,-156,-412,0,114571
16,-12,14,-114467,-193,-466,0,114212
7,-18,1,-114376,-131,-613,0,113716
-6,-23,-6,-114112,10,-605,0,-114686
-25,-31,-8,-113740,105,-510,1,-114142
-47,-38,0,-113279,167,-452,1,113426
-79,-50,19,-112725,199,-403,1,113006
-124,-51,54,-112079,245,-355,1,111653
-188,-67,84,-111566,262,-357,1,111361
-178,-82,112,-111524,216,-387,1,111210
-146,-85,137,-111970,184,-405,1,111618
-120,-75,165,-112786,140,-404,1,112917
-62,-53,185,-113918,54,-406,1,114157
-23,-27,170,-115085,13,-396,0,114862
2,-12,134,-116088,-30,-392,0,115808
20,-6,93,-116857,-81,-392,0,117217
26,-1,57,-117299,-127,-381,1,117520
13,-5,21,-117459,-153,-424,0,117747
4,-18,-8,-117394,-91,-610,0,-116923
-1,-29,-21,-117128,-51,-550,0,117658
-12,-26,-19,-116682,43,-510,0,-116254
-53,-29,-4,-116110,206,-408,1,-115965
-84,-19,40,-115461,221,-327,1,115445
-124,-38,43,-114832,257,-345,1,114848
-149,-60,70,-114329,234,-355,1,114682
-174,-73,107,-114145,216,-361,1,113885
-172,-59,161,-114457,177,-348,1,114369
-123,-33,197,-115286,111,-355,1,115652
-68,-20,200,-116422,54,-365,1,116484
-17,-5,184,-117592,-13,-364,0,-117407
19,-1,152,-118589,-82,-390,0,118369
26,3,110,-119245,-90,-368,1,-118927
20,0,66,-119603,-118,-392,0,-119445
17,-4,32,-119708,-171,-422,0,119460
5,-9,9,-119620,-139,-533,0,119259
0,-22,-7,-119425,-42,-638,0,-118982
-7,-31,-14,-119144,13,-580,0,-119615
-21,-34,-11,-118788,87,-541,0,-119414
-42,-37,7,-118426,153,-453,1,118733
-73,-28,56,-118006,175,-341,1,118118
-123,-43,85,-117586,205,-342,1,117455
-129,-69,107,-117388,184,-371,1,117741
-139,-93,127,-117442,187,-396,1,117595
-128,-87,156,-117856,164,-398,1,118208
-91,-73,178,-118669,107,-408,1,118483
-63,-55,182,-119744,80,-407,1,119492
-11,-33,180,-120900,1,-396,0,121173
26,-23,159,-121937,-59,-429,1,122198
34,-13,118,-122585,-86,-398,1,122715
27,-4,75,-122893,-107,-407,1,123296
13,-5,28,-122963,-123,-432,0,123280
-10,-14,-8,-122921,98,-557,0,-123496
-28,-28,-27,-122786,110,-494,1,-122428
-51,-42,-43,-122581,118,-456,1,-122712
-46,-47,-46,-122350,95,-446,1,-121891
-62,-51,-25,-122090,161,-428,1,-122360
-97,-49,26,-121742,228,-396,1,121515
-130,-70,79,-121456,204,-397,1,121767
-141,-100,109,-121454,186,-413,1,121802
-136,-103,132,-121805,164,-433,1,121534
-108,-89,150,-122527,129,-435,1,122635
-62,-73,153,-123549,80,-445,1,123807
-29,-54,142,-124591,34,-441,1,124816
7,-33,124,-125515,-34,-428,0,125849
33,-28,86,-126220,-107,-444,1,126133
31,-26,52,-126662,-137,-455,1,126906
22,-25,27,-126866,-162,-507,0,126685
8,-29,3,-126868,-105,-644,0,126317
-6,-38,-14,-126687,-13,-606,0,126112
-20,-43,-26,-126344,34,-523,0,-126862
-48,-41,-15,-125883,149,-446,1,-125593
-84,-36,26,-125337,212,-364,1,125006
-132,-43,52,-124763,253,-347,1,124515
-166,-65,71,-124369,242,-380,1,124152
-150,-87,102,-124378,201,-411,1,123948
-139,-95,128,-124787,191,-411,1,124416
-112,-74,157,-125610,146,-403,1,125713
-63,-60,158,-126727,79,-417,1,126577
-40,-58,131,-127911,45,-443,1,127663
-16,-40,120,-128913,-3,-428,0,-128620
9,-22,108,-129744,-52,-416,0,129809
27,-23,77,-130321,-109,-437,1,130187
40,-28,44,-130599,-179,-456,1,130895
35,-22,25,-130546,-225,-464,1,130290
19,-20,14,-130227,-204,-504,0,130434
-13,-23,11,-129744,54,-545,0,129226
-36,-28,18,-129265,124,-456,1,129378
-57,-36,28,-128797,146,-413,1,128534
-88,-28,55,-128311,177,-338,1,128174
-133,-38,70,-127850,219,-334,1,127515
-147,-55,88,-127606,219,-350,1,127756
-139,-70,119,-127736,190,-371,1,127872
-114,-70,156,-128244,147,-383,1,128437
-85,-66,180,-129009,104,-399,1,128692
-98,-39,192,-129927,128,-378,1,129787
-68,-17,178,-131007,78,-381,1,130670
-16,-17,146,-132165,7,-403,0,132446
12,-13,123,-133134,-53,-407,0,133590
32,-14,90,-133821,-114,-418,1,133912
34,-11,58,-134178,-154,-416,1,134454
18,-14,27,-134279,-158,-451,0,134623
14,-19,7,-134204,-175,-549,0,134824
-4,-25,-6,-133959,-2,-632,0,133420
-27,-27,-7,-133581,122,-491,1,-133210
-55,-24,2,-133152,198,-381,1,133509
-81,-27,26,-132720,220,-346,1,133049
-125,-21,70,-132247,224,-299,1,132465
-159,-41,94,-131912,234,-327,1,131584
-152,-63,117,-131894,211,-357,1,131677
-143,-66,154,-132269,187,-364,1,132394
-126,-53,188,-133050,148,-364,1,132784
-82,-30,203,-134207,84,-365,1,134530
-48,-17,183,-135500,49,-378,1,135304
-10,-10,154,-136698,-9,-376,0,-136223
21,-6,126,-137663,-75,-397,0,137236
26,-3,88,-138236,-101,-398,1,137809
20,-4,47,-138483,-119,-389,0,138554
13,-12,13,-138479,-180,-503,0,138658
-7,-24,-13,-138289,9,-589,0,-138859
-15,-31,-25,-137975,39,-519,0,-137438
-37,-29,-27,-137559,117,-443,1,-137401
-68,-25,-12,-137080,233,-384,1,-136883
-106,-19,26,-136540,263,-306,1,136463
-138,-24,67,-136118,247,-304,1,135859
-161,-43,88,-135922,251,-327,1,136093
-169,-49,125,-136106,213,-351,1,135876
-129,-41,181,-136775,143,-341,1,137091
-72,-48,204,-137773,72,-377,1,138171
-36,-42,198,-138797,33,-400,1,139085
-25,-31,163,-139704,22,-417,1,139431
-23,-21,126,-140419,20,-423,0,140622
-14,-13,96,-140998,3,-418,0,141060
-8,-13,63,-141424,4,-414,0,141760
-4,-18,35,-141721,-15,-490,0,-141389
0,-30,12,-141876,-41,-636,0,141427
-8,-43,4,-141864,-13,-658,0,-141458
-7,-45,2,-141677,-24,-654,0,-142301
-24,-48,-9,-141305,48,-565,0,-140751
-54,-45,-3,-140793,160,-467,1,-140435
-76,-27,16,-140223,243,-381,1,139891
-131,-27,23,-139665,287,-346,1,139610
-169,-18,51,-139295,299,-302,1,139409
-179,-30,74,-139350,281,-312,1,139421
-162,-24,131,-139849,215,-305,1,140185
-114,-31,191,-140731,115,-346,1,140355
-63,-38,208,-141831,66,-376,1,142331
-45,-33,188,-142830,55,-398,1,142564
-37,-20,158,-143743,43,-404,1,143468
-22,-13,127,-144525,21,-392,0,144762
-11,-10,94,-145147,1,-412,0,145215
-4,-10,61,-145574,-18,-424,0,-145703
-3,-19,26,-145825,-18,-521,0,-146354
-14,-28,0,-145910,60,-613,0,146361
-27,-39,-24,-145898,62,-532,1,-146413
-27,-48,-38,-145829,29,-501,1,-145503
-39,-44,-31,-145614,102,-472,1,-145773
-74,-25,3,-145195,251,-345,1,145112
-116,-26,36,-144770,262,-321,1,144778
-135,-41,74,-144498,226,-333,1,144696
-133,-61,123,-144525,192,-342,1,144857
-121,-72,167,-144836,142,-390,1,144467
-119,-63,187,-145413,145,-386,1,145892
-89,-41,189,-146256,105,-389,1,146028
-50,-30,168,-147295,61,-402,1,147061
-25,-22,144,-148299,23,-394,1,148042
-7,-17,119,-149182,-12,-412,0,-149327
5,-14,87,-149847,-55,-436,0,149646
6,-18,50,-150269,-65,-460,0,150352
1,-25,17,-150482,-57,-591,0,149933
0,-32,-6,-150523,-65,-664,0,-149814
-7,-39,-19,-150376,-17,-579,0,149765
-25,-38,-20,-150087,72,-509,1,-150496
-47,-40,-8,-149710,152,-451,1,-149915
-76,-30,24,-149218,223,-361,1,149275
-126,-38,48,-148749,240,-361,1,148735
-133,-55,80,-148524,209,-378,1,148834
-126,-68,125,-148635,176,-372,1,148761
-116,-70,154,-149055,146,-394,1,149386
-106,-60,175,-149773,133,-384,1,149512
-73,-41,190,-150721,85,-386,1,150985
-38,-32,168,-151764,54,-412,1,152047
-20,-26,139,-152669,23,-401,0,152920
7,-22,115,-153447,-35,-420,0,153220
18,-22,89,-153988,-66,-417,0,153662
16,-20,65,-154313,-84,-439,0,154477
14,-24,38,-154468,-110,-495,0,154333
10,-33,12,-154455,-114,-612,0,153952
0,-36,-4,-154228,-57,-676,0,-153803
-22,-38,-16,-153818,56,-538,0,-154310
-49,-29,-3,-153322,197,-435,1,-153524
-86,-20,34,-152779,229,-350,1,152853
-116,-28,55,-152310,231,-354,1,152367
-153,-56,61,-151911,240,-377,1,151679
-160,-64,94,-151788,219,-381,1,151985
-143,-68,130,-152098,189,-378,1,152489
-128,-63,158,-152768,153,-389,1,152958
-102,-40,177,-153740,129,-375,1,153996
-66,-24,162,-154853,89,-383,1,154932
-29,-25,131,-155988,41,-405,1,155754
2,-24,109,-156953,-20,-408,0,156902
18,-27,86,-157674,-67,-442,0,157262
19,-25,71,-158112,-86,-456,0,157763
20,-24,54,-158310,-108,-459,0,158707
18,-26,35,-158273,-127,-496,0,158715
0,-27,19,-157992,-35,-563,0,158524
-20,-29,1,-157515,91,-561,0,156973
-43,-34,-10,-156901,148,-469,1,-157094
-72,-33,-1,-156217,206,-396,1,-156442
-105,-15,24,-155448,266,-301,1,155500
-143,-28,8,-154790,319,-329,1,154700
-189,-15,37,-154239,315,-311,1,154343
-214,-14,76,-154190,283,-293,1,154341
-186,-14,129,-154720,204,-305,1,155029
-119,-14,170,-155660,130,-330,1,155922
-104,-17,164,-156659,157,-349,1,156387
-124,9,152,-157775,143,-336,1,-158056
-40,9,134,-159016,24,-355,1,-158967
-5,-2,113,-160079,-15,-370,0,-159816
-2,-4,88,-160864,-28,-396,0,-161176
12,-12,54,-161422,-97,-438,0,161643
23,-24,21,-161734,-179,-515,0,161122
11,-34,-4,-161752,-122,-647,0,-161028
0,-36,-21,-161472,-71,-583,0,-160907
-21,-33,-32,-160961,34,-479,0,-161046
-55,-21,-20,-160273,185,-367,1,-160758
-98,5,17,-159504,288,-262,1,-159581
-150,-8,29,-158838,301,-309,1,158944
-170,-24,59,-158400,279,-308,1,158237
-187,-39,88,-158345,258,-326,1,158216
-176,-33,126,-158726,224,-324,1,159060
-152,-22,160,-159501,178,-326,1,159450
-112,-11,191,-160540,113,-334,1,160510
-56,-10,175,-161671,54,-361,1,161354
-30,-8,140,-162712,29,-382,1,162402
-19,-5,116,-163569,7,-385,0,163607
0,-7,89,-164251,-35,-402,0,163956
4,-11,63,-164703,-53,-422,0,164604
1,-18,36,-164935,-49,-484,0,165283
0,-27,10,-164949,-46,-641,0,165611
-16,-34,-11,-164738,38,-588,0,-164299
-26,-34,-24,-164355,87,-505,1,-164738
-69,-31,-22,-163827,198,-398,1,-163574
-107,-22,0,-163200,286,-337,1,163149
-132,-32,7,-162624,303,-356,1,162795
-170,-46,27,-162150,317,-339,1,162198
-192,-56,56,-162013,291,-348,1,161815
-179,-53,98,-162358,239,-348,1,162662
-158,-41,147,-163138,181,-345,1,162953
-129,-25,174,-164194,128,-347,1,163982
-71,-14,162,-165462,67,-364,1,165783
-30,-19,128,-166683,24,-394,1,166407
-4,-16,112,-167698,-19,-390,0,-167673
15,-19,91,-168484,-74,-421,0,168842
29,-21,63,-168982,-128,-442,1,169446
25,-26,40,-169195,-142,-483,1,169390
12,-26,24,-169129,-117,-534,0,169670
2,-31,0,-168871,-68,-691,0,168265
-4,-39,-24,-168446,-17,-563,0,168943
-24,-35,-27,-167778,73,-491,0,-167664
-67,-9,-3,-166852,288,-321,1,-166889
-126,-13,5,-165897,324,-313,1,165891
-169,-24,4,-165069,334,-320,1,164869
-203,-38,20,-164552,323,-323,1,164414
-205,-30,70,-164575,281,-289,1,164467
-184,-17,129,-165180,202,-301,1,165112
-126,0,180,-166232,115,-317,1,-166099
-56,-7,186,-167487,43,-345,1,167877
-24,-14,165,-168610,16,-375,0,168826
-15,-12,141,-169546,3,-387,0,169794
-4,-9,115,-170274,-19,-393,0,-170178
6,-11,79,-170810,-53,-425,0,170724
2,-17,45,-171111,-44,-460,0,171451
-1,-26,18,-171205,-34,-585,0,-171685
2,-33,4,-171097,-73,-676,0,171671
-4,-34,-8,-170731,-23,-637,0,170151
-37,-32,-17,-170131,141,-472,1,-170465
-80,-21,-3,-169391,259,-358,1,-169363
-107,-20,13,-168676,287,-320,1,168628
-141,-33,27,-168060,294,-339,1,168123
-173,-50,50,-167639,285,-350,1,167482
-181,-57,84,-167591,257,-355,1,167454
-167,-54,117,-167983,224,-354,1,168266
-155,-38,156,-168772,177,-345,1,168586
-104,-28,176,-169908,100,-363,1,169586
-59,-26,157,-171135,52,-393,1,171391
-37,-17,130,-172230,31,-390,1,172522
0,-13,104,-173149,-45,-411,0,173452
10,-12,74,-173749,-60,-404,0,173909
8,-15,41,-174096,-76,-458,0,174496
9,-25,17,-174273,-104,-559,0,174731
15,-32,2,-174289,-153,-607,0,174598
7,-41,-14,-174075,-94,-606,0,-173531
-13,-34,-17,-173638,27,-535,0,-173176
-53,-20,4,-173044,229,-367,1,172632
-92,-18,42,-172438,222,-315,1,172050
-114,-31,71,-171918,208,-332,1,171581
-143,-61,89,-171536,218,-366,1,171856
-172,-75,105,-171401,237,-366,1,171139
-161,-71,125,-171715,207,-383,1,172011
-133,-51,152,-172423,173,-375,1,172144
-99,-38,163,-173400,122,-382,1,173239
-50,-31,163,-174512,60,-398,1,174225
-19,-31,139,-175495,24,-422,0,175294
-17,-26,116,-176249,20,-426,0,176570
-2,-21,90,-176864,-15,-416,0,-176900
11,-22,59,-177337,-71,-456,0,177438
10,-28,29,-177609,-91,-535,0,178058
9,-34,12,-177702,-109,-613,0,177163
4,-35,2,-177581,-88,-667,0,177991
-21,-36,-11,-177258,56,-551,0,-177737
-52,-33,-4,-176808,165,-429,1,-177086
-82,-17,22,-176337,225,-312,1,176466
-111,-28,50,-175930,212,-326,1,175852
-132,-38,82,-175654,214,-330,1,175949
-145,-55,123,-175649,186,-351,1,175898
-131,-65,142,-175996,169,-377,1,175845
-117,-46,171,-176685,133,-370,1,176937
-71,-34,186,-177707,81,-375,1,178131
-38,-29,180,-178842,45,-398,1,179127
-5,-19,161,-179959,-10,-400,0,-180166
21,-18,135,-180892,-56,-396,0,181158
36,-14,110,-181568,-104,-413,1,181376
38,-11,76,-181935,-133,-399,1,182215
28,-17,40,-182036,-167,-454,1,181847
15,-21,18,-181918,-159,-525,0,181252
-1,-23,7,-181627,-55,-638,0,-182051
-20,-29,-4,-181263,84,-544,0,-181836
-40,-29,-4,-180892,177,-459,1,-181212
-69,-29,24,-180515,210,-387,1,180273
-95,-30,63,-180144,193,-354,1,179824
-129,-52,90,-179805,198,-371,1,179970
-141,-71,109,-179659,192,-393,1,179238
-139,-85,124,-179834,205,-390,1,180112
-132,-77,143,-180370,182,-397,1,180712
-99,-47,181,-181284,123,-375,1,181716
-51,-34,177,-182460,67,-390,1,182748
-9,-32,154,-183635,1,-402,0,183373
23,-29,132,-184657,-60,-424,0,184385
30,-24,106,-185350,-89,-428,1,185750
30,-17,79,-185756,-120,-438,1,185371
19,-24,54,-185901,-113,-463,0,186274
7,-21,47,-185867,-67,-452,0,186293
-12,-28,18,-185734,32,-559,0,186251
-21,-40,-16,-185500,44,-561,0,-186042
-38,-43,-26,-185186,105,-491,1,-185080
-73,-42,-1,-184788,193,-402,1,-184546
-122,-38,36,-184351,256,-326,1,184352
-152,-65,50,-184089,249,-369,1,183927
-136,-76,75,-184160,224,-392,1,183996
-111,-86,110,-184527,178,-414,1,184759
-116,-88,147,-185093,163,-414,1,184974
-101,-75,173,-185931,126,-415,1,186154
-54,-61,170,-186952,70,-429,1,187149
-29,-52,139,-187945,39,-434,1,188185
-14,-43,117,-188851,9,-446,0,188502
13,-28,97,-189572,-53,-435,0,189808
22,-25,68,-190084,-89,-447,0,190253
26,-18,43,-190362,-141,-446,1,190091
25,-25,17,-190443,-181,-516,1,189774
5,-24,8,-190291,-80,-615,0,189795
-11,-25,0,-189957,63,-591,0,189541
-33,-27,-5,-189473,163,-477,1,-189795
-47,-30,9,-188883,180,-419,1,188669
-91,-26,53,-188148,192,-333,1,188170
-150,-39,75,-187394,233,-340,1,187712
-170,-71,73,-186887,234,-378,1,187184
-170,-85,90,-186806,222,-393,1,186439
-156,-76,120,-187212,205,-386,1,187052
-121,-66,132,-188018,166,-404,1,188410
-97,-51,138,-189074,130,-403,1,189274
-60,-37,151,-190295,64,-405,1,189961
-13,-33,144,-191429,-6,-420,0,-191197
11,-24,120,-192250,-53,-422,0,192270
26,-20,89,-192744,-94,-413,1,192885
22,-13,62,-192909,-115,-418,0,192633
4,-12,35,-192847,-57,-435,0,192746
-8,-19,13,-192662,24,-561,0,193191
-22,-26,-1,-192358,108,-536,0,-191761
-46,-29,-9,-191968,169,-446,1,-191730
-68,-34,2,-191556,210,-416,1,191853
-98,-27,46,-191112,211,-354,1,191331
-139,-42,75,-190691,219,-360,1,190901
-159,-71,82,-190461,225,-379,1,190190
-151,-91,101,-190587,202,-407,1,190860
-129,-86,123,-191125,169,-422,1,191285
-93,-65,150,-192070,125,-406,1,192292
-45,-54,164,-193204,56,-416,1,193450
-15,-51,160,-194327,7,-431,0,194081
17,-39,141,-195231,-51,-434,0,195493
30,-27,108,-195844,-83,-421,1,195742
32,-22,71,-196184,-126,-443,1,196577
25,-21,43,-196284,-141,-451,1,196560
11,-23,23,-196201,-109,-518,0,195593
-2,-26,12,-195992,-32,-600,0,-196554
-21,-29,5,-195684,88,-533,0,196128
-39,-23,10,-195321,175,-419,1,195532
-65,-27,37,-195002,169,-359,1,194570
-84,-18,88,-194710,148,-325,1,194908
-116,-43,104,-194486,170,-339,1,194175
-118,-62,128,-194447,160,-364,1,194190
-119,-77,148,-194678,154,-392,1,195013
-94,-73,156,-195242,129,-409,1,195386
-67,-58,162,-196088,98,-410,1,195798
-46,-47,170,-197058,65,-412,1,196785
-36,-31,161,-198000,53,-411,1,197727
-14,-20,135,-198889,11,-413,0,199140
19,-20,110,-199691,-64,-425,0,200177
33,-17,91,-200201,-107,-421,1,200623
31,-13,65,-200435,-136,-421,1,200576
22,-21,36,-200452,-157,-473,0,200291
9,-25,17,-200297,-128,-569,0,199725
-9,-33,0,-199979,6,-633,0,200574
-36,-32,-2,-199568,135,-477,1,-199403
-72,-26,23,-199149,200,-365,1,198658
-99,-25,61,-198785,187,-327,1,198969
-124,-45,74,-198511,206,-350,1,198371
-140,-64,96,-198383,206,-369,1,198535
-134,-84,116,-198549,179,-414,1,198171
-116,-86,138,-199055,166,-415,1,198681
-101,-70,159,-199873,144,-411,1,200055
-72,-58,157,-200973,107,-420,1,200740
-44,-42,160,-202196,61,-417,1,201967
-7,-35,143,-203343,-3,-427,0,-203600
24,-34,109,-204315,-69,-447,0,204726
37,-27,81,-204982,-126,-459,1,205167
39,-24,57,-205346,-164,-448,1,205623
31,-21,39,-205445,-182,-452,1,205789
20,-24,22,-205345,-179,-505,0,205693
7,-26,8,-205077,-104,-603,0,205629
-19,-29,6,-204665,76,-534,0,204075
-40,-30,10,-204233,145,-442,1,203987
-69,-24,38,-203722,166,-318,1,203300
-118,-20,74,-203207,200,-299,1,202763
-146,-42,105,-202843,197,-325,1,203017
-148,-69,129,-202775,187,-364,1,203155
-133,-94,136,-203057,170,-408,1,202847
-112,-83,153,-203669,153,-414,1,203319
-98,-58,169,-204562,132,-402,1,204534
-62,-38,164,-205756,88,-412,1,205511
-24,-27,159,-206937,23,-405,0,207179
13,-20,146,-207992,-46,-409,0,208204
45,-18,118,-208736,-112,-416,1,208614
40,-20,77,-209125,-141,-433,1,209325
30,-12,49,-209190,-165,-419,1,208900
9,-13,23,-209033,-109,-464,0,209211
-6,-18,6,-208743,6,-604,0,208171
-22,-21,-4,-208375,122,-508,0,-207992
-45,-24,-11,-207942,176,-419,1,-208230
-72,-17,17,-207479,227,-329,1,207768
-104,-6,69,-207018,188,-278,1,207140
-145,-23,97,-206652,208,-300,1,206372
-176,-47,115,-206530,229,-329,1,206749
-162,-65,139,-206866,198,-358,1,207323
-115,-57,180,-207681,135,-368,1,207445
-56,-48,202,-208806,58,-388,1,208589
-28,-44,185,-209995,35,-413,1,210303
-22,-26,166,-211045,20,-396,0,211283
-3,-15,136,-211985,-12,-412,0,-212231
19,-13,100,-212723,-64,-402,0,212773
27,-13,67,-213222,-122,-446,1,213366
24,-14,37,-213443,-154,-434,0,213208
14,-22,11,-213457,-158,-568,0,213864
6,-27,-4,-213303,-103,-641,0,-213966
-8,-31,-13,-212980,0,-577,0,-212389
-31,-29,-14,-212575,118,-463,1,-212971
-65,-19,14,-212083,225,-339,1,212382
-111,-6,58,-211569,210,-258,1,211953
-134,-29,86,-211245,202,-309,1,210974
-135,-46,122,-211188,180,-334,1,211416
-128,-63,146,-211444,158,-369,1,211149
-112,-71,163,-212022,134,-391,1,212412
-82,-50,184,-212887,90,-389,1,212627
-47,-35,184,-213959,49,-398,1,213709
-11,-27,175,-215047,-2,-393,0,-215347
25,-17,155,-215975,-63,-408,1,215710
54,-11,126,-216607,-123,-408,1,217010
49,-7,89,-216866,-140,-387,1,216645
26,-8,55,-216783,-134,-411,1,217080
2,-7,33,-216485,-58,-422,0,216095
-20,-15,8,-216086,152,-495,0,216436
-44,-22,-8,-215648,174,-448,1,-215925
-60,-27,-14,-215299,208,-418,1,-215133
-86,-26,12,-214993,237,-354,1,214559
-111,-18,56,-214772,220,-313,1,214867
-142,-45,77,-214637,226,-343,1,214839
-140,-62,109,-214724,195,-381,1,214948
-122,-87,136,-215101,169,-404,1,215458
-106,-87,162,-215772,158,-407,1,215885
-84,-74,179,-216687,103,-418,1,216834
-55,-59,187,-217791,73,-424,1,218084
-28,-36,165,-218897,37,-428,1,218624
10,-26,120,-219931,-36,-440,0,219879
28,-21,83,-220679,-93,-444,1,221113
21,-21,47,-221161,-123,-470,0,220779
24,-25,18,-221441,-211,-533,0,222166
18,-27,0,-221488,-189,-576,0,222118
-6,-30,-10,-221345,-15,-608,0,221922
-19,-34,-24,-221134,34,-508,0,-220723
-51,-31,-26,-220894,166,-418,1,-221165
-88,-15,7,-220602,285,-327,1,220607
-110,-19,63,-220348,218,-300,1,220425
-132,-46,104,-220150,206,-326,1,219835
-130,-70,143,-220128,177,-364,1,219725
-121,-94,154,-220331,150,-420,1,220451
-123,-81,166,-220799,162,-409,1,221131
-103,-57,167,-221585,134,-404,1,221311
-64,-43,153,-222605,88,-409,1,222403
-29,-33,142,-223672,31,-412,1,223362
0,-29,117,-224604,-20,-430,0,224398
16,-28,94,-225297,-67,-444,0,225726
17,-26,69,-225701,-86,-458,0,225399
13,-25,48,-225877,-88,-468,0,226295
3,-29,26,-225868,-68,-557,0,225315
-15,-35,4,-225697,36,-616,0,226249
-30,-37,-8,-225425,95,-532,1,-226018
-50,-39,-14,-225109,129,-455,1,-224779
-80,-36,6,-224727,213,-386,1,224491
-107,-30,32,-224339,243,-344,1,224674
-135,-51,47,-224013,242,-361,1,223758
-141,-64,77,-223879,228,-375,1,224233
-143,-80,94,-224023,219,-397,1,223965
-147,-64,115,-224559,220,-375,1,224345
-113,-52,144,-225537,149,-382,1,225336
-57,-46,164,-226774,77,-387,1,226472
-28,-47,154,-227950,31,-410,1,228167
-4,-43,139,-228959,-12,-426,0,-229213
20,-39,118,-229699,-70,-440,0,229622
36,-34,99,-230142,-115,-442,1,230227
34,-23,84,-230262,-125,-429,1,230086
16,-22,58,-230161,-105,-452,0,230022
0,-24,37,-229902,-55,-494,0,230374
-17,-25,24,-229520,45,-509,0,229708
-44,-27,6,-229061,181,-462,1,229256
-68,-32,0,-228608,203,-420,1,228808
-88,-21,33,-228216,220,-355,1,228008
-122,-32,55,-227854,222,-338,1,228304
-147,-48,66,-227605,238,-333,1,227402
-159,-56,79,-227583,249,-358,1,227719
-156,-60,100,-227915,236,-362,1,228104
-133,-43,139,-228624,182,-361,1,228599
-103,-30,171,-229678,143,-346,1,229416
-54,-23,196,-230902,61,-359,1,230474
