-10,100,6,455,-5,16,0,442
-10,99,6,457,-5,15,0,428
-8,101,6,460,-10,18,0,433
-8,100,6,465,-8,19,0,418
-20,103,5,470,14,-2,0,426
-94,135,8,423,87,-97,1,321
-142,188,40,17,64,-135,1,205
-117,184,40,-1047,51,-133,1,-1095
-80,128,69,-2243,32,-167,1,-2254
-67,113,101,-3414,42,-187,1,-3473
-39,90,101,-4597,14,-203,0,-4396
-22,83,114,-5674,-26,-245,0,5874
-6,70,116,-6560,-52,-265,0,6289
7,61,115,-7214,-82,-278,0,-7459
0,49,82,-7519,-71,-265,0,-7282
-10,28,34,-7553,-2,-212,0,7527
-5,-7,-26,-7408,-28,-438,0,7512
-10,-27,-49,-7123,-42,-458,0,6675
-19,-34,-49,-6803,24,-445,0,-6968
-39,-28,-30,-6441,127,-416,1,-6380
-54,-37,-14,-6073,170,-410,1,-5781
-68,-41,13,-5694,196,-390,1,5913
-79,-51,44,-5390,168,-385,1,5238
-81,-50,78,-5191,138,-366,1,5517
-86,-60,117,-5130,115,-366,1,5391
-82,-66,142,-5213,101,-379,1,5598
-80,-75,158,-5447,92,-392,1,5125
-69,-74,173,-5838,78,-395,1,6058
-52,-63,174,-6416,46,-398,1,6156
-26,-58,155,-7145,15,-418,1,6910
-6,-50,138,-7882,-21,-423,0,-8136
25,-39,126,-8544,-80,-405,1,8390
44,-32,110,-9024,-133,-415,1,8827
44,-31,87,-9202,-146,-413,1,8858
35,-24,68,-9124,-149,-412,1,8927
19,-27,34,-8866,-148,-491,0,9201
4,-36,-6,-8480,-78,-648,0,-9206
-17,-37,-27,-7967,33,-508,0,-7913
-32,-37,-29,-7445,100,-464,1,-7324
-59,-34,-15,-6920,199,-384,1,-6826
-71,-38,10,-6489,209,-386,1,6242
-69,-48,26,-6109,185,-418,1,5814
-110,-49,49,-5654,216,-354,1,6083
-108,-47,85,-5264,162,-352,1,5473
-106,-64,106,-5054,144,-373,1,4710
-108,-66,134,-5036,123,-376,1,4616
-105,-70,151,-5249,110,-380,1,5420
-94,-61,171,-5676,86,-384,1,6091
-67,-60,171,-6297,50,-401,1,6635
-33,-53,158,-7013,10,-419,1,6725
-26,-42,136,-7678,9,-411,1,7381
-9,-29,111,-8308,-24,-419,0,-8640
9,-23,82,-8828,-71,-426,0,9179
23,-18,48,-9207,-151,-450,0,8853
26,-18,15,-9375,-236,-479,1,9644
16,-24,-10,-9360,-171,-538,0,-9777
11,-33,-26,-9205,-115,-523,0,-8637
2,-40,-35,-8931,-62,-507,0,-8993
-12,-44,-41,-8558,-2,-479,0,8376
-37,-51,-27,-8135,84,-464,1,-7763
-45,-42,22,-7687,122,-397,1,8160
-57,-52,59,-7264,115,-386,1,7582
-87,-51,87,-6811,151,-353,1,7005
-107,-66,114,-6470,142,-364,1,6394
-105,-80,130,-6317,128,-385,1,6410
-110,-82,148,-6359,116,-398,1,6532
-86,-86,149,-6670,93,-415,1,7000
-72,-74,154,-7161,76,-414,1,6846
-50,-60,151,-7794,47,-422,1,8037
-31,-48,137,-8441,20,-410,1,8654
-11,-40,121,-9071,-19,-422,0,-8848
11,-34,105,-9589,-70,-425,0,9432
20,-27,82,-9928,-92,-415,0,10076
19,-25,50,-10086,-126,-454,0,9958
16,-27,22,-10073,-153,-525,0,9682
12,-34,4,-9915,-142,-618,0,9333
5,-42,-4,-9618,-89,-642,0,-10086
-3,-43,-6,-9189,-40,-625,0,8604
-35,-45,-7,-8660,106,-508,1,-8266
-72,-50,2,-8081,173,-420,1,7913
-85,-55,21,-7596,183,-403,1,7418
-113,-68,41,-7216,194,-387,1,7542
-110,-67,65,-7051,178,-386,1,6868
-106,-79,82,-7038,169,-402,1,6707
-112,-81,112,-7160,151,-394,1,6821
-90,-82,143,-7488,107,-400,1,7263
-75,-76,160,-7973,77,-405,1,7775
-50,-66,160,-8592,48,-408,1,8443
-28,-59,147,-9228,17,-418,1,9482
-21,-49,142,-9819,0,-408,0,10085
-1,-35,133,-10373,-45,-407,0,-10652
10,-27,107,-10765,-70,-412,0,11179
-9,-23,61,-11014,-28,-439,0,-10890
13,-24,24,-11179,-167,-508,0,10999
17,-31,6,-11146,-179,-573,0,10508
4,-39,-5,-10924,-89,-643,0,-10326
-3,-45,-18,-10578,-40,-587,0,11009
-29,-55,-33,-10104,47,-502,1,-9893
-60,-51,-17,-9582,156,-450,1,-9259
-74,-58,5,-9105,181,-427,1,8953
-102,-74,25,-8703,211,-416,1,8324
-134,-82,40,-8435,228,-399,1,8551
-118,-84,75,-8392,176,-414,1,8580
-95,-84,100,-8519,138,-421,1,8194
-90,-82,123,-8782,122,-402,1,9174
-71,-74,149,-9171,80,-396,1,8848
-54,-65,159,-9628,54,-396,1,9423
-38,-59,144,-10124,33,-411,1,9916
-35,-52,129,-10589,25,-415,1,10312
-26,-40,125,-11050,2,-406,1,11006
0,-32,111,-11457,-54,-411,0,11549
13,-29,82,-11720,-79,-418,0,11369
5,-33,51,-11800,-79,-482,0,12204
14,-43,13,-11730,-138,-601,0,12075
2,-40,-5,-11431,-83,-649,0,-11872
-13,-40,-25,-10967,-1,-531,0,10485
-34,-43,-30,-10417,74,-470,1,-10555
-59,-39,-14,-9860,175,-421,1,-10139
-75,-53,4,-9327,180,-423,1,9477
-102,-60,38,-8827,196,-404,1,9046
-125,-69,58,-8430,210,-382,1,8515
-134,-67,82,-8245,200,-368,1,8453
-120,-68,109,-8320,168,-373,1,8697
-106,-70,123,-8597,146,-385,1,8402
-98,-59,139,-9048,118,-376,1,8837
-59,-50,165,-9704,36,-377,1,9238
-5,-53,154,-10352,-27,-409,0,-10566
-24,-50,130,-10821,12,-421,0,11082
-25,-39,117,-11255,-1,-413,1,-10787
3,-37,105,-11678,-63,-425,0,11335
18,-32,84,-11967,-97,-422,0,12064
24,-29,58,-12043,-148,-452,0,11878
21,-32,23,-11891,-189,-535,0,11463
4,-30,-5,-11504,-90,-637,0,-11990
-21,-30,-26,-10988,64,-486,0,-11101
-41,-37,-28,-10432,120,-451,1,-10514
-62,-36,-11,-9850,194,-401,1,-10045
-87,-46,9,-9294,216,-385,1,9572
-117,-47,35,-8794,241,-354,1,9139
-139,-53,57,-8444,244,-333,1,8647
-146,-61,86,-8349,211,-350,1,8682
-134,-61,129,-8538,159,-365,1,8337
-107,-57,153,-8976,128,-359,1,8737
-88,-45,167,-9558,91,-358,1,9396
-44,-39,163,-10239,32,-372,1,9728
-22,-43,141,-10917,7,-397,0,11167
-20,-42,130,-11500,-5,-413,0,-11722
-10,-36,123,-12000,-29,-410,0,-12042
6,-30,104,-12393,-72,-416,0,12737
22,-23,72,-12602,-112,-412,0,12423
13,-24,40,-12578,-119,-472,0,12464
2,-30,11,-12380,-79,-621,0,12911
0,-40,-5,-12046,-70,-662,0,-11773
-9,-46,-6,-11598,-23,-622,0,12052
-41,-49,-3,-10947,104,-502,1,-11079
-78,-44,-8,-10278,197,-411,1,-10521
-100,-50,-2,-9714,211,-385,1,-9459
-107,-47,30,-9269,221,-361,1,9688
-119,-60,57,-8967,201,-387,1,8762
-122,-63,78,-8817,191,-374,1,9136
-127,-74,92,-8835,200,-373,1,9046
-125,-71,116,-9079,159,-389,1,8736
-105,-61,140,-9600,125,-374,1,9388
-69,-55,154,-10316,70,-384,1,10649
-40,-56,140,-11074,37,-407,1,10861
-37,-51,125,-11776,38,-416,1,11310
-21,-44,117,-12412,1,-412,0,12713
2,-39,107,-12958,-59,-433,0,13146
12,-33,84,-13279,-77,-435,0,12890
14,-25,57,-13389,-93,-435,0,13711
13,-33,24,-13298,-119,-546,0,12689
0,-34,5,-12994,-54,-658,0,12355
-2,-34,-10,-12570,-35,-612,0,13171
-18,-37,-21,-12003,37,-523,0,-11503
-49,-31,-8,-11305,176,-419,1,-11537
-69,-34,12,-10569,205,-385,1,10351
-103,-40,19,-9810,237,-364,1,10118
-131,-43,32,-9102,244,-351,1,8876
-154,-57,46,-8547,245,-358,1,8318
-162,-57,63,-8255,232,-367,1,8477
-152,-57,80,-8265,221,-354,1,8456
-153,-50,93,-8564,226,-333,1,8234
-128,-37,116,-9125,173,-335,1,8811
-103,-36,126,-9831,132,-356,1,10169
-87,-33,123,-10616,111,-362,1,10367
-68,-28,120,-11394,82,-370,1,11649
-45,-28,116,-12148,38,-385,1,11925
-19,-25,105,-12775,-9,-397,0,-12292
-7,-23,80,-13243,-42,-426,0,-12921
1,-24,50,-13502,-67,-460,0,13586
5,-32,23,-13560,-98,-562,0,13992
5,-33,0,-13387,-102,-664,0,13983
-2,-35,-20,-12997,-45,-569,0,12514
-22,-34,-29,-12444,51,-483,0,-12641
-39,-34,-26,-11766,129,-438,1,-11485
-92,-33,-18,-10932,237,-349,1,-11116
-117,-40,-2,-10158,255,-353,1,-9828
-134,-44,19,-9493,260,-348,1,9717
-155,-47,40,-8985,265,-343,1,9176
-173,-59,56,-8723,251,-351,1,8986
-175,-53,86,-8760,234,-341,1,9030
-161,-45,101,-9103,211,-339,1,8933
-126,-33,105,-9712,178,-339,1,9272
-101,-35,111,-10431,139,-353,1,10623
-83,-35,117,-11206,107,-366,1,10949
-71,-37,117,-11968,79,-384,1,12187
-31,-25,118,-12717,3,-386,1,12381
-5,-19,96,-13278,-40,-400,0,-12802
-5,-11,63,-13587,-36,-401,0,-13459
2,-12,17,-13688,-90,-519,0,14130
-3,-26,-17,-13561,-24,-565,0,14034
-6,-37,-25,-13245,-33,-542,0,12730
-7,-42,-22,-12757,-28,-550,0,13266
-41,-44,-16,-12045,111,-469,1,-11961
-73,-33,-5,-11244,228,-385,1,-10977
-124,-26,4,-10375,292,-325,1,10371
-151,-33,17,-9683,272,-324,1,9509
-150,-39,45,-9255,252,-331,1,9485
-163,-48,68,-9057,238,-339,1,8726
-156,-51,84,-9133,214,-350,1,8921
-152,-49,102,-9481,204,-348,1,9309
-132,-32,127,-10089,154,-336,1,9821
-85,-29,133,-10830,97,-356,1,11137
-83,-26,125,-11545,103,-362,1,11299
-78,-18,117,-12242,88,-363,1,11977
-42,-15,107,-12939,25,-373,1,13224
-8,-11,91,-13494,-41,-376,0,-13759
2,-15,65,-13802,-57,-395,0,13332
-4,-23,41,-13868,-40,-466,0,-14308
0,-30,15,-13738,-53,-594,0,14300
-4,-42,-17,-13395,-40,-602,0,13844
-32,-38,-24,-12856,79,-489,1,-13247
-52,-38,-21,-12228,135,-441,1,-12030
-73,-39,-8,-11557,193,-406,1,-11291
-98,-41,7,-10905,228,-380,1,11082
-109,-45,22,-10316,235,-373,1,10625
-131,-54,35,-9813,241,-371,1,10048
-152,-60,47,-9471,247,-364,1,9698
-159,-61,72,-9384,231,-356,1,9674
-154,-57,100,-9581,197,-364,1,9220
-131,-51,124,-10074,153,-355,1,9837
-87,-44,138,-10759,90,-368,1,11207
-61,-43,134,-11449,66,-386,1,11752
-60,-44,123,-12070,71,-396,1,11905
-59,-41,111,-12670,73,-405,1,12510
-40,-36,104,-13239,30,-411,1,12893
-11,-25,92,-13735,-35,-408,0,-13408
13,-18,67,-14041,-98,-412,0,14207
10,-21,35,-14101,-107,-473,0,13977
8,-26,12,-13965,-125,-586,0,13478
7,-30,-7,-13623,-112,-617,0,-14128
-24,-36,-25,-13040,60,-504,0,-13067
-48,-38,-22,-12344,131,-447,1,-12567
-84,-38,-5,-11591,217,-387,1,-11373
-100,-44,4,-10927,221,-379,1,11078
-115,-55,19,-10346,225,-377,1,10660
-144,-55,40,-9893,240,-359,1,10144
-139,-62,57,-9657,218,-381,1,9363
-158,-60,70,-9592,229,-370,1,9216
-167,-55,87,-9775,224,-347,1,10064
-127,-42,121,-10306,155,-344,1,10656
-90,-44,135,-11019,100,-371,1,10986
-60,-41,137,-11803,53,-379,1,12236
-43,-42,122,-12525,35,-401,1,12581
-35,-39,111,-13184,20,-415,1,12957
-15,-34,103,-13729,-17,-415,0,-13413
6,-29,82,-14141,-60,-417,0,14061
17,-27,52,-14370,-115,-457,0,14758
23,-32,22,-14408,-173,-525,0,15099
26,-32,5,-14228,-201,-541,1,13636
6,-31,-11,-13792,-90,-593,0,-14279
-17,-26,-20,-13159,65,-493,0,-13012
-58,-27,-20,-12337,195,-393,1,-12617
-96,-31,-11,-11498,242,-357,1,-11576
-124,-37,5,-10735,268,-348,1,10720
-165,-46,18,-10075,278,-340,1,10119
-165,-48,41,-9668,262,-340,1,9527
-162,-51,66,-9529,242,-342,1,9293
-161,-53,89,-9654,222,-328,1,9442
-136,-45,116,-10053,174,-340,1,9829
-111,-41,136,-10636,133,-349,1,10399
-84,-39,143,-11344,89,-364,1,11652
-57,-35,137,-12047,56,-380,1,11997
-53,-30,117,-12686,57,-384,1,12436
-28,-25,94,-13280,5,-407,1,12818
-2,-27,70,-13722,-61,-449,0,-13371
3,-27,46,-13922,-64,-465,0,14267
1,-34,25,-13912,-74,-565,0,13329
5,-36,8,-13686,-97,-637,0,14149
-15,-40,-13,-13251,23,-586,0,-12732
-45,-39,-24,-12656,124,-467,1,-12512
-76,-36,-24,-11985,193,-402,1,-12285
-93,-39,-16,-11308,208,-369,1,-11774
-102,-36,6,-10681,248,-360,1,10340
-128,-49,13,-10160,252,-365,1,9854
-148,-56,33,-9822,242,-357,1,10061
-151,-59,71,-9756,211,-354,1,10049
-145,-59,102,-9983,175,-356,1,10237
-107,-53,127,-10498,116,-363,1,10301
-71,-51,138,-11187,73,-378,1,10879
-56,-51,136,-11889,50,-394,1,12101
-34,-45,132,-12539,16,-401,1,12784
-24,-34,125,-13096,4,-397,0,13030
-8,-24,117,-13539,-31,-394,0,-13587
11,-21,90,-13849,-78,-412,0,14217
11,-26,59,-13976,-97,-455,0,14106
10,-35,23,-13915,-121,-570,0,13350
-2,-37,0,-13654,-47,-686,0,-14322
-17,-39,-21,-13240,28,-549,0,-12720
-30,-46,-29,-12762,62,-504,1,-12352
-49,-44,-23,-12206,141,-461,1,-12003
-88,-42,-6,-11589,222,-387,1,-11361
-91,-47,4,-11061,215,-384,1,10991
-114,-52,24,-10522,246,-341,1,10466
-143,-55,59,-10132,230,-345,1,9901
-145,-67,94,-10018,196,-359,1,9740
-144,-69,123,-10184,175,-362,1,9906
-129,-63,139,-10629,146,-368,1,10319
-93,-56,140,-11318,105,-381,1,11716
-63,-49,133,-12111,67,-392,1,11778
-41,-44,123,-12901,32,-408,1,13224
-25,-37,118,-13544,8,-401,1,13622
-2,-30,106,-14058,-43,-412,0,-14125
12,-24,85,-14372,-80,-417,0,14720
8,-25,59,-14473,-82,-445,0,14668
4,-29,30,-14391,-79,-526,0,14961
-4,-33,4,-14149,-27,-661,0,-13808
-20,-35,-17,-13771,51,-539,0,-14273
-27,-40,-26,-13320,55,-499,1,-13798
-36,-43,-15,-12800,95,-482,1,-12358
-68,-42,12,-12153,181,-405,1,11836
-100,-52,32,-11531,198,-398,1,11314
-114,-55,40,-10948,213,-375,1,11020
-145,-61,54,-10471,230,-366,1,10740
-149,-73,70,-10239,215,-368,1,9951
-139,-77,87,-10295,195,-391,1,10721
-140,-74,98,-10592,182,-397,1,10438
-119,-61,109,-11163,160,-386,1,10911
-90,-51,116,-11880,122,-391,1,12167
-70,-45,118,-12664,96,-392,1,12428
-47,-44,114,-13431,53,-408,1,13728
-18,-41,111,-14163,-8,-423,0,-13992
0,-38,99,-14716,-41,-431,0,14521
8,-32,77,-15087,-68,-441,0,15181
11,-34,45,-15277,-99,-494,0,14886
14,-36,24,-15281,-133,-547,0,14625
10,-36,9,-15068,-122,-609,0,14560
-11,-41,-9,-14640,3,-605,0,-15193
-38,-45,-21,-14054,78,-487,1,-14164
-69,-41,-15,-13431,174,-414,1,-13605
-89,-47,1,-12850,204,-394,1,13056
-100,-48,20,-12322,216,-380,1,12761
-117,-66,23,-11760,217,-395,1,11421
-133,-78,50,-11296,207,-395,1,11682
-136,-91,74,-11087,182,-418,1,10957
-145,-92,95,-11160,190,-393,1,10806
-130,-79,111,-11556,159,-397,1,11411
-110,-59,125,-12200,130,-384,1,11891
-77,-48,113,-12991,102,-395,1,13123
-55,-46,97,-13826,78,-413,1,14250
-32,-43,100,-14590,26,-417,1,14613
-8,-37,102,-15233,-22,-411,0,-14921
6,-30,88,-15717,-70,-429,0,15564
20,-23,63,-15991,-118,-430,0,16273
22,-33,30,-16057,-162,-515,0,15409
20,-38,10,-15907,-170,-574,0,15503
7,-45,-6,-15567,-102,-638,0,-16123
-1,-51,-13,-15070,-61,-609,0,14525
-35,-47,-12,-14380,89,-498,1,-14728
-84,-44,0,-13597,188,-376,1,13484
-97,-45,21,-12927,208,-370,1,13189
-128,-55,34,-12349,231,-364,1,12760
-135,-70,59,-12000,199,-393,1,12139
-127,-87,75,-11903,187,-404,1,12086
-138,-81,102,-12037,185,-387,1,11907
-120,-71,115,-12447,163,-388,1,12799
-103,-59,127,-13079,136,-381,1,12994
-72,-49,142,-13881,74,-382,1,14325
-33,-48,135,-14683,24,-404,1,14426
-30,-46,120,-15365,26,-417,1,15861
-12,-39,108,-15934,-17,-421,0,-16331
6,-34,90,-16371,-61,-429,0,15901
11,-28,71,-16605,-82,-433,0,16744
13,-28,50,-16664,-105,-461,0,16533
12,-31,30,-16554,-121,-516,0,17116
2,-38,9,-16282,-63,-632,0,15868
-12,-43,-14,-15866,12,-585,0,-16276
-25,-41,-25,-15314,56,-498,1,-14900
-66,-38,-14,-14625,176,-402,1,-14444
-85,-37,18,-13951,203,-366,1,14265
-107,-53,39,-13339,203,-377,1,13779
-139,-77,57,-12820,198,-385,1,13225
-127,-89,76,-12546,178,-409,1,12354
-149,-93,82,-12474,204,-404,1,12671
-135,-82,101,-12726,169,-406,1,12344
-111,-71,115,-13292,148,-397,1,12971
-99,-59,125,-14014,127,-390,1,14177
-67,-48,130,-14836,78,-394,1,14552
-37,-45,125,-15668,33,-408,1,15603
-11,-36,117,-16364,-20,-411,0,-15933
10,-31,97,-16885,-63,-410,0,16420
13,-23,74,-17176,-89,-421,0,17080
15,-22,47,-17256,-112,-435,0,17037
16,-27,19,-17158,-153,-524,0,16781
4,-32,-7,-16838,-91,-636,0,-17404
-15,-35,-23,-16328,26,-524,0,-15855
-33,-39,-26,-15716,82,-469,1,-15610
-76,-41,-8,-14978,196,-392,1,-15270
-103,-43,18,-14221,217,-362,1,13921
-125,-54,33,-13565,222,-368,1,13606
-149,-70,49,-13057,224,-377,1,12923
-143,-77,66,-12811,214,-381,1,13091
-149,-90,67,-12818,213,-405,1,13277
-152,-76,82,-13124,199,-394,1,12928
-119,-61,117,-13773,148,-376,1,13331
-79,-55,130,-14577,93,-395,1,14814
-75,-50,119,-15372,100,-403,1,15858
-54,-38,111,-16122,68,-403,1,16211
-17,-36,99,-16846,-3,-420,0,-16447
9,-34,88,-17418,-69,-427,0,17813
21,-29,73,-17771,-102,-420,0,17646
29,-25,49,-17901,-160,-441,1,17660
17,-28,17,-17800,-145,-534,0,18203
-10,-28,-11,-17509,13,-577,0,-17972
-3,-33,-33,-17054,-47,-496,0,17244
-39,-40,-36,-16323,79,-443,1,-15895
-88,-35,-4,-15378,223,-380,1,-15809
-120,-49,19,-14594,225,-380,1,14540
-136,-65,40,-13972,220,-377,1,14299
-149,-79,54,-13546,219,-391,1,13659
-153,-87,62,-13400,213,-399,1,13823
-150,-81,76,-13575,207,-391,1,13509
-131,-64,97,-14075,186,-369,1,14319
-107,-56,117,-14780,139,-378,1,14434
-73,-52,137,-15600,77,-388,1,15824
-43,-51,135,-16411,39,-408,1,16694
-32,-46,124,-17115,20,-411,1,17177
-5,-36,105,-17735,-39,-424,0,-17548
5,-30,77,-18169,-64,-440,0,18215
11,-25,44,-18430,-100,-458,0,18026
19,-26,9,-18491,-198,-551,0,19160
8,-26,-17,-18278,-115,-547,0,-17719
-10,-33,-40,-17877,-13,-475,0,17422
-22,-39,-45,-17362,25,-455,0,-16916
-60,-44,-34,-16716,148,-429,1,-16450
-84,-45,-11,-16049,202,-392,1,-16268
-101,-55,5,-15439,222,-391,1,15682
-136,-67,33,-14899,224,-373,1,15169
-134,-73,63,-14585,207,-381,1,14778
-146,-78,89,-14491,199,-377,1,14755
-133,-73,110,-14658,166,-388,1,14533
-108,-64,128,-15064,136,-379,1,15346
-73,-57,140,-15606,77,-391,1,15809
-49,-62,130,-16145,49,-419,1,15887
-66,-57,122,-16622,78,-421,1,16647
-46,-41,116,-17135,35,-414,1,17186
-14,-33,93,-17628,-19,-428,0,-17681
-6,-29,65,-17942,-35,-450,0,-18349
0,-34,36,-18103,-65,-530,0,17632
7,-38,11,-18085,-109,-627,0,17553
-11,-39,-13,-17827,0,-600,0,-18392
-31,-43,-33,-17406,52,-493,1,-16947
-49,-44,-32,-16927,100,-445,1,-17346
-81,-46,-11,-16410,186,-413,1,-16716
-94,-64,9,-15978,167,-414,1,16187
-102,-70,33,-15645,171,-407,1,15395
-117,-76,62,-15448,172,-396,1,15730
-113,-86,84,-15459,151,-422,1,15650
-106,-86,107,-15700,147,-403,1,15366
-95,-78,130,-16137,118,-405,1,15992
-64,-68,144,-16739,75,-408,1,16465
-38,-63,149,-17383,33,-413,1,17110
-11,-55,142,-18006,-7,-424,0,-18245
9,-48,121,-18531,-45,-425,0,18875
16,-43,95,-18928,-70,-436,0,18558
28,-40,71,-19183,-126,-468,1,19263
25,-35,50,-19230,-137,-474,1,19014
14,-34,28,-19101,-117,-522,0,18640
1,-34,7,-18828,-61,-642,0,19219
-14,-34,-10,-18432,36,-569,0,-17861
-29,-39,-25,-17924,79,-487,1,-18316
-48,-41,-22,-17352,135,-435,1,-17124
-61,-32,3,-16672,203,-367,1,16537
-109,-37,26,-15941,244,-339,1,16307
-152,-35,60,-15316,246,-318,1,14994
-164,-65,87,-14993,210,-351,1,15275
-155,-82,119,-15009,173,-372,1,15297
-141,-78,134,-15330,160,-379,1,14975
-124,-60,137,-15926,144,-376,1,16152
-81,-49,134,-16775,97,-387,1,16512
-53,-41,136,-17624,57,-393,1,17905
-30,-34,130,-18409,19,-391,1,18112
-10,-26,113,-19091,-20,-402,0,-19316
3,-22,85,-19607,-47,-402,0,19816
13,-20,56,-19952,-101,-434,0,19486
17,-24,25,-20091,-156,-505,0,20228
13,-31,-5,-20016,-146,-601,0,-19700
3,-33,-25,-19708,-79,-532,0,-20128
-10,-41,-41,-19229,-16,-483,0,19194
-40,-41,-32,-18595,108,-454,1,-18713
-68,-39,-2,-17891,199,-398,1,-17616
-94,-49,17,-17211,214,-383,1,17133
-119,-56,34,-16609,225,-371,1,16659
-148,-58,60,-16149,234,-335,1,15909
-157,-61,90,-15985,207,-346,1,16159
-138,-58,125,-16126,164,-363,1,16381
-130,-59,142,-16493,148,-365,1,16802
-88,-57,147,-17049,97,-388,1,17285
-76,-56,129,-17639,94,-407,1,17872
-79,-42,116,-18256,108,-400,1,18108
-49,-30,111,-18934,55,-395,1,18441
-15,-26,98,-19605,-10,-406,0,-19840
3,-26,72,-20091,-57,-432,0,20413
11,-28,45,-20392,-95,-466,0,19991
17,-34,14,-20491,-157,-569,0,21138
6,-37,-4,-20351,-99,-639,0,-19778
-8,-37,-17,-20001,-16,-572,0,19493
-24,-40,-21,-19480,62,-512,0,-19953
-64,-36,-6,-18761,190,-404,1,-18560
-97,-45,12,-18054,210,-379,1,18286
-114,-53,34,-17432,212,-373,1,17875
-147,-77,53,-16932,211,-384,1,17255
-153,-85,71,-16719,196,-403,1,16528
-139,-87,93,-16850,178,-398,1,16492
-119,-77,111,-17264,150,-406,1,16954
-98,-64,122,-17904,129,-395,1,17603
-73,-52,127,-18628,91,-397,1,18707
-50,-48,114,-19343,67,-415,1,19004
-33,-45,107,-20015,34,-422,1,20429
-4,-39,102,-20600,-31,-425,0,-20865
17,-35,84,-21040,-82,-427,0,21425
21,-31,59,-21277,-120,-452,0,21146
19,-35,32,-21307,-145,-514,0,20920
14,-33,17,-21121,-144,-555,0,20504
0,-33,2,-20718,-58,-669,0,21096
-19,-35,-9,-20156,57,-549,0,-19613
-50,-38,-1,-19448,153,-442,1,-19137
-91,-36,20,-18683,208,-365,1,18728
-105,-46,38,-17977,209,-367,1,18407
-152,-52,37,-17295,257,-354,1,17260
-164,-65,48,-16864,239,-363,1,16522
-147,-75,68,-16787,216,-380,1,16558
-146,-75,89,-16994,193,-390,1,17316
-133,-63,119,-17519,162,-370,1,17779
-92,-52,139,-18290,102,-379,1,18061
-63,-47,135,-19121,65,-394,1,19436
-37,-41,125,-19929,28,-399,1,19512
-15,-36,113,-20630,-15,-414,0,-20825
0,-34,94,-21167,-53,-430,0,21322
7,-30,72,-21544,-87,-444,0,21914
17,-34,43,-21730,-138,-495,0,21919
11,-37,19,-21704,-114,-569,0,22192
2,-39,0,-21480,-81,-675,0,20787
-13,-42,-12,-21095,14,-583,0,-20483
-27,-47,-17,-20626,52,-523,1,-21129
-61,-49,-7,-20035,150,-439,1,-20332
-93,-53,16,-19438,194,-393,1,19164
-111,-70,36,-18965,190,-413,1,19258
-121,-79,55,-18635,189,-413,1,18921
-132,-88,66,-18518,201,-406,1,18844
-124,-86,88,-18682,180,-400,1,18871
-102,-76,124,-19102,137,-391,1,19395
-90,-66,146,-19686,101,-392,1,19854
-58,-55,151,-20447,51,-394,1,20223
-25,-54,134,-21223,11,-419,1,21479
-5,-47,119,-21918,-22,-428,0,-21629
13,-44,101,-22466,-67,-441,0,22138
28,-39,84,-22853,-111,-443,1,22781
34,-35,59,-23026,-146,-448,1,22759
27,-36,32,-23013,-170,-506,1,22703
21,-34,12,-22856,-178,-557,0,23520
6,-39,-7,-22519,-100,-624,0,-21983
-17,-39,-17,-21998,28,-536,0,-22467
-52,-43,-14,-21368,150,-454,1,-21044
-80,-45,7,-20701,196,-394,1,20982
-98,-53,25,-20110,205,-384,1,20336
-118,-67,45,-19607,200,-385,1,19911
-126,-81,71,-19269,187,-395,1,18972
-139,-91,91,-19132,187,-399,1,19206
-131,-87,110,-19286,168,-400,1,19147
-113,-74,124,-19709,147,-394,1,19872
-86,-60,136,-20357,105,-391,1,20110
-43,-50,139,-21083,43,-399,1,21356
-23,-50,126,-21751,13,-415,0,21822
-7,-42,115,-22326,-23,-422,0,-22233
6,-36,98,-22735,-50,-419,0,22808
9,-31,77,-22967,-67,-426,0,22533
15,-28,53,-23029,-114,-457,0,22638
8,-28,21,-22888,-120,-562,0,23333
-8,-33,-13,-22550,-3,-595,0,23148
-36,-44,-38,-22060,69,-473,1,-22425
-59,-39,-26,-21490,148,-416,1,-21245
-91,-43,-4,-20891,215,-383,1,-20548
-97,-53,19,-20370,199,-391,1,20116
-114,-68,36,-19904,205,-397,1,19691
-130,-84,57,-19580,187,-417,1,19848
-134,-97,73,-19510,183,-416,1,19890
-135,-87,93,-19717,178,-403,1,19626
-120,-71,108,-20176,154,-401,1,20379
-96,-58,115,-20819,126,-398,1,20663
-61,-46,116,-21566,81,-398,1,21895
-27,-40,108,-22260,27,-407,1,22316
-5,-43,98,-22837,-19,-438,0,-22750
2,-48,90,-23200,-40,-455,0,23307
11,-45,82,-23400,-72,-458,0,23198
13,-42,59,-23449,-89,-488,0,23098
8,-39,31,-23353,-89,-544,0,22860
-2,-42,6,-23117,-46,-658,0,-22749
-17,-43,-11,-22737,20,-576,0,-23242
-34,-44,-18,-22197,67,-489,1,-22280
-73,-37,-1,-21588,202,-403,1,-21861
-92,-38,21,-21000,207,-365,1,21452
-108,-59,41,-20508,186,-381,1,20902
-128,-74,70,-20100,185,-386,1,20424
-147,-93,91,-19890,184,-399,1,19473
-145,-88,110,-19984,166,-407,1,20373
-125,-73,112,-20396,173,-397,1,20173
-100,-55,113,-21007,144,-393,1,21297
-58,-48,115,-21753,79,-405,1,21829
-27,-46,115,-22486,26,-416,1,22039
-14,-41,113,-23074,-1,-416,0,-23529
2,-33,101,-23535,-44,-416,0,23071
13,-33,79,-23819,-78,-436,0,23700
11,-32,59,-23915,-91,-458,0,23764
16,-34,30,-23836,-136,-522,0,24504
5,-34,4,-23538,-83,-643,0,22787
-15,-37,-17,-23050,20,-552,0,-22531
-37,-36,-14,-22443,111,-465,1,-22045
-77,-28,12,-21755,221,-361,1,21783
-108,-42,28,-21097,216,-360,1,21386
-124,-56,43,-20507,216,-354,1,20935
-150,-69,63,-20081,213,-371,1,20282
-141,-77,84,-19934,184,-398,1,19583
-136,-80,98,-20025,184,-398,1,20388
-136,-73,111,-20355,175,-394,1,19975
-114,-61,122,-20912,151,-393,1,20612
-97,-49,117,-21616,132,-392,1,21834
-64,-39,110,-22446,95,-400,1,22025
-36,-36,100,-23221,49,-409,1,23418
-12,-33,94,-23915,-6,-416,0,-23688
16,-33,77,-24458,-88,-436,0,24082
32,-39,51,-24786,-156,-475,1,24998
36,-37,36,-24820,-184,-474,1,25018
15,-33,22,-24542,-135,-532,0,23923
-18,-30,9,-24079,72,-545,0,23649
-42,-31,-3,-23507,152,-460,1,-23224
-68,-39,-7,-22887,179,-419,1,-22552
-91,-43,5,-22264,203,-389,1,22478
-99,-53,25,-21687,191,-391,1,21955
-117,-72,40,-21168,192,-403,1,21477
-145,-82,61,-20780,205,-395,1,20627
-148,-90,79,-20682,191,-402,1,20833
-142,-81,98,-20883,187,-394,1,20508
-132,-63,112,-21374,172,-381,1,21091
-92,-49,119,-22090,122,-386,1,22445
-66,-43,116,-22894,94,-391,1,22697
-47,-38,111,-23682,48,-399,1,23896
-1,-39,108,-24438,-45,-417,0,-24242
20,-38,100,-25003,-96,-435,0,24592
27,-38,81,-25319,-106,-435,1,25425
22,-36,57,-25419,-121,-470,0,25321
17,-36,30,-25352,-138,-531,0,25010
6,-39,0,-25102,-101,-659,0,24793
-10,-39,-21,-24686,-11,-556,0,25205
-28,-44,-30,-24199,43,-490,1,-24427
-52,-44,-11,-23629,134,-441,1,-23908
-82,-48,20,-23036,177,-391,1,22693
-100,-59,45,-22511,176,-382,1,22100
-136,-65,70,-22090,196,-381,1,22387
-147,-72,88,-21935,184,-385,1,21528
-120,-77,111,-22130,150,-386,1,22321
-103,-70,134,-22581,122,-383,1,22934
-63,-61,151,-23251,62,-390,1,23551
-26,-53,157,-24050,9,-398,1,23750
-2,-48,141,-24782,-28,-416,0,-25065
16,-45,119,-25427,-70,-431,0,25328
36,-40,99,-25909,-121,-437,1,25755
47,-36,79,-26190,-157,-427,1,26427
40,-32,58,-26241,-175,-448,1,26527
30,-32,36,-26105,-185,-479,1,25784
16,-34,14,-25785,-155,-562,0,26158
-5,-37,-3,-25317,-31,-642,0,24667
-26,-41,-13,-24784,64,-521,1,-25274
-56,-47,-3,-24234,139,-444,1,-24450
-81,-44,35,-23772,169,-379,1,23891
-89,-57,65,-23485,146,-399,1,23170
-94,-80,79,-23277,136,-424,1,23453
-109,-91,84,-23116,157,-415,1,23337
-104,-91,106,-23177,142,-413,1,23502
-90,-89,129,-23509,116,-411,1,23225
-61,-73,155,-24099,62,-406,1,24421
-18,-69,162,-24841,7,-415,0,24676
26,-60,163,-25538,-60,-421,1,25311
33,-50,132,-26009,-80,-423,1,25830
26,-41,102,-26298,-93,-453,1,26486
27,-37,77,-26444,-110,-441,1,26351
15,-35,54,-26446,-104,-476,0,26344
6,-32,34,-26332,-87,-514,0,25781
-2,-35,14,-26119,-47,-601,0,-25696
-17,-37,-1,-25810,39,-579,0,-26243
-25,-42,-9,-25442,63,-533,1,-24945
-47,-48,-5,-25007,122,-467,1,-24577
-76,-57,25,-24549,157,-413,1,24204
-91,-66,58,-24166,149,-402,1,24387
-103,-84,65,-23862,161,-419,1,23617
-104,-92,78,-23674,157,-428,1,23870
-101,-100,95,-23664,135,-446,1,23822
-98,-101,110,-23866,126,-445,1,23699
-94,-87,125,-24320,137,-422,1,24486
-76,-72,129,-24989,101,-422,1,24786
-45,-60,125,-25807,56,-426,1,25910
-12,-55,116,-26637,-4,-431,0,-27115
12,-48,103,-27348,-55,-441,0,27419
27,-44,84,-27854,-101,-452,1,27917
45,-40,67,-28165,-158,-444,1,28520
48,-34,48,-28234,-194,-443,1,28432
29,-32,21,-28050,-198,-502,1,27829
11,-37,-2,-27712,-114,-615,0,-28165
-6,-44,-22,-27221,-17,-563,0,26703
-37,-52,-27,-26569,79,-486,1,-26221
-79,-35,6,-25793,228,-374,1,25912
-106,-48,16,-25132,226,-378,1,25573
-108,-59,23,-24608,211,-392,1,24846
-123,-73,44,-24208,203,-392,1,24542
-134,-79,63,-23988,209,-390,1,23568
-161,-78,97,-24021,204,-368,1,23800
-119,-69,127,-24456,137,-386,1,24257
-80,-63,137,-25133,97,-390,1,25395
-51,-56,131,-25878,55,-403,1,25653
-21,-50,121,-26645,-1,-417,0,-27115
-5,-45,111,-27290,-37,-425,0,-27473
5,-40,98,-27763,-71,-431,0,28120
23,-39,77,-28063,-112,-440,0,27704
28,-38,55,-28147,-152,-471,1,27838
22,-41,34,-28009,-153,-520,0,28649
13,-43,17,-27676,-129,-580,0,28396
-5,-43,7,-27170,-35,-625,0,-26713
-25,-45,3,-26575,53,-543,1,26065
-54,-42,19,-25948,151,-442,1,25721
-84,-39,40,-25346,175,-371,1,25218
-84,-53,51,-24888,154,-390,1,24703
-100,-66,63,-24527,171,-391,1,24317
-118,-69,82,-24320,174,-379,1,24395
-106,-69,106,-24358,148,-382,1,24200
-102,-66,125,-24607,137,-382,1,25008
-91,-60,141,-25054,111,-382,1,24608
-70,-52,150,-25654,83,-387,1,25863
-44,-48,149,-26349,38,-395,1,26578
-13,-45,140,-27055,-6,-412,0,-26783
-5,-40,127,-27634,-25,-418,0,-27159
5,-36,107,-28103,-52,-428,0,27665
14,-32,82,-28418,-90,-454,0,28380
16,-30,56,-28550,-109,-466,0,28175
12,-33,22,-28516,-124,-563,0,27922
5,-42,-4,-28327,-88,-658,0,-27726
-3,-42,-14,-27992,-42,-603,0,28416
-20,-43,-17,-27565,41,-537,0,-27063
-45,-43,-7,-27102,136,-460,1,-26782
-76,-48,16,-26583,184,-401,1,26249
-95,-57,39,-26142,183,-387,1,26474
-101,-70,67,-25808,163,-390,1,25992
-106,-78,87,-25587,163,-400,1,25262
-115,-89,95,-25530,166,-410,1,25328
-108,-83,113,-25735,139,-414,1,26075
-92,-67,129,-26212,120,-394,1,26377
-70,-57,128,-26863,97,-397,1,27133
-49,-54,125,-27569,58,-408,1,27238
-23,-50,124,-28294,12,-417,0,28528
4,-49,118,-28931,-43,-431,0,28870
23,-45,108,-29410,-88,-436,0,29520
27,-39,86,-29657,-116,-446,1,29310
22,-36,58,-29678,-119,-463,0,29272
10,-38,27,-29513,-127,-566,0,28981
0,-41,0,-29208,-71,-688,0,28884
-18,-44,-17,-28761,17,-558,0,-29261
-48,-51,-16,-28236,116,-482,1,-28624
-80,-47,11,-27709,181,-401,1,28016
-95,-55,28,-27277,189,-393,1,27598
-98,-65,47,-26940,179,-400,1,26634
-104,-72,53,-26675,205,-395,1,26979
-122,-77,70,-26537,201,-397,1,26269
-111,-82,92,-26655,168,-406,1,26947
-103,-80,116,-27007,136,-409,1,26672
-94,-67,136,-27564,111,-397,1,27356
-56,-60,142,-28316,57,-402,1,28594
-22,-56,130,-29069,9,-419,0,28805
-12,-51,114,-29740,-12,-440,0,-30175
9,-41,102,-30255,-67,-431,0,30599
23,-38,78,-30558,-102,-439,0,30448
21,-34,55,-30617,-121,-466,0,30256
15,-33,35,-30475,-125,-504,0,30351
4,-35,18,-30152,-82,-578,0,30689
-17,-38,4,-29685,39,-579,0,29090
-36,-45,-3,-29173,103,-515,1,-29600
-56,-53,3,-28595,131,-458,1,28411
-92,-49,35,-27999,176,-382,1,27864
-100,-66,51,-27514,163,-400,1,27207
-109,-84,59,-27154,166,-418,1,27409
-116,-92,74,-26984,164,-420,1,26625
-111,-83,95,-27047,150,-420,1,26867
-111,-73,104,-27335,168,-396,1,27560
-102,-58,119,-27815,142,-387,1,28034
-76,-50,126,-28460,104,-392,1,28355
-48,-45,124,-29172,57,-399,1,28728
-15,-44,115,-29878,0,-417,0,30017
13,-44,103,-30451,-60,-426,0,30499
24,-45,83,-30835,-93,-453,0,31119
22,-46,67,-31014,-105,-473,0,30959
19,-41,55,-31002,-114,-478,0,30907
7,-36,37,-30794,-86,-509,0,31203
-12,-34,18,-30424,23,-555,0,29904
-23,-35,5,-29947,75,-543,0,30364
-44,-48,-2,-29391,117,-494,1,-29521
-71,-56,16,-28790,148,-440,1,28980
-91,-64,42,-28240,162,-425,1,28425
-106,-76,49,-27766,168,-419,1,28015
-119,-80,58,-27448,180,-412,1,27160
-122,-82,72,-27361,182,-410,1,27564
-120,-79,84,-27548,168,-415,1,27331
-96,-69,104,-28004,139,-402,1,27657
-68,-66,121,-28616,94,-410,1,28280
-42,-61,131,-29284,39,-415,1,29519
-24,-54,128,-29921,15,-418,0,30190
-13,-44,119,-30435,-7,-416,0,-30506
12,-40,101,-30873,-67,-427,0,31036
27,-37,84,-31132,-111,-435,1,30767
24,-32,68,-31176,-115,-432,0,30811
12,-32,50,-31010,-101,-469,0,30898
-2,-36,28,-30686,-46,-540,0,-30168
-18,-38,8,-30212,34,-573,0,29731
-36,-41,-12,-29614,109,-499,1,-29234
-92,-44,-13,-28914,216,-401,1,-29127
-112,-45,16,-28351,222,-367,1,28510
-103,-62,46,-27997,182,-407,1,27658
-111,-78,73,-27719,168,-403,1,27925
-112,-91,100,-27582,141,-425,1,27338
-114,-93,113,-27613,157,-417,1,27326
-109,-88,113,-27884,139,-428,1,28034
-82,-77,115,-28397,107,-433,1,28506
-62,-66,116,-29035,76,-429,1,28801
-30,-61,117,-29745,20,-442,1,30154
7,-57,105,-30356,-47,-452,0,30506
1,-47,80,-30731,-37,-471,0,31109
1,-34,57,-30936,-58,-485,0,30993
12,-33,34,-30998,-109,-514,0,31604
4,-38,17,-30888,-74,-594,0,31373
-5,-37,5,-30633,-23,-643,0,-29980
-20,-45,-9,-30281,42,-569,0,-29808
-38,-49,-14,-29842,95,-501,1,-29986
-54,-54,-3,-29329,129,-466,1,-29634
-70,-46,34,-28708,169,-398,1,29006
-116,-53,39,-28034,220,-382,1,27715
-140,-70,30,-27476,227,-393,1,27371
-154,-74,36,-27207,231,-382,1,27435
-145,-66,73,-27317,204,-363,1,27529
-135,-61,102,-27746,180,-361,1,28002
-95,-52,134,-28448,108,-364,1,28400
-39,-58,136,-29296,39,-404,1,29519
-33,-54,122,-29984,34,-419,1,29939
-18,-46,110,-30568,3,-420,0,30359
0,-42,99,-31055,-44,-433,0,30877
14,-41,87,-31388,-88,-443,0,31493
28,-38,69,-31531,-130,-444,1,31343
27,-36,48,-31419,-160,-474,1,31735
9,-36,29,-31066,-121,-537,0,31500
-15,-41,11,-30557,15,-585,0,30004
-38,-43,3,-29985,104,-503,1,29873
-65,-46,7,-29387,167,-445,1,29624
-96,-42,28,-28795,200,-376,1,29100
-109,-55,39,-28353,195,-384,1,28418
-115,-61,50,-28048,203,-382,1,27718
-131,-64,66,-27919,215,-359,1,27715
-110,-68,94,-28079,165,-381,1,27652
-103,-69,119,-28420,152,-380,1,28342
-97,-56,146,-28933,120,-368,1,28885
-57,-53,153,-29633,58,-387,1,29422
-38,-46,141,-30363,39,-396,1,30640
-23,-41,123,-31033,12,-403,0,30945
0,-43,105,-31648,-42,-438,0,31298
15,-43,90,-32071,-75,-445,0,31949
11,-40,71,-32285,-71,-453,0,32759
9,-34,56,-32318,-82,-469,0,32682
6,-36,39,-32193,-78,-510,0,31856
0,-37,21,-31896,-53,-576,0,32431
-17,-43,0,-31412,35,-596,0,30971
-43,-45,-14,-30817,129,-487,1,-30992
-70,-46,-8,-30173,173,-421,1,-29882
-94,-41,23,-29580,207,-367,1,29259
-109,-49,44,-29083,204,-367,1,28747
-126,-62,50,-28697,217,-374,1,29125
-134,-62,74,-28536,205,-366,1,28198
-126,-65,91,-28665,182,-375,1,28253
-117,-53,119,-29048,163,-348,1,28859
-101,-40,140,-29646,122,-353,1,29211
-65,-34,140,-30364,79,-366,1,30551
-42,-37,124,-31094,52,-391,1,30901
-23,-37,121,-31749,7,-402,0,32219
1,-38,113,-32306,-47,-419,0,32746
13,-39,98,-32665,-75,-435,0,32299
16,-36,76,-32824,-88,-440,0,33194
12,-40,52,-32770,-99,-494,0,33171
2,-40,36,-32512,-63,-534,0,31959
-20,-41,19,-32074,37,-552,0,32609
-33,-42,6,-31543,86,-525,1,31072
-54,-45,3,-30938,138,-463,1,31108
-87,-43,11,-30252,204,-398,1,30494
-106,-52,10,-29605,223,-384,1,29271
-122,-61,10,-29053,242,-390,1,28743
-144,-64,21,-28656,257,-377,1,28464
-151,-68,55,-28570,225,-372,1,28394
-131,-70,91,-28846,175,-385,1,28957
-120,-72,114,-29361,156,-390,1,29672
-105,-56,131,-30094,131,-381,1,29869
-74,-46,129,-30970,88,-388,1,31172
-37,-39,122,-31832,32,-395,1,32134
-1,-37,102,-32603,-36,-420,0,-32411
19,-34,82,-33149,-90,-435,0,33013
28,-31,66,-33458,-131,-440,1,33735
31,-34,46,-33515,-164,-472,1,33677
24,-36,27,-33331,-168,-515,0,32949
4,-31,12,-32921,-92,-597,0,33411
-9,-37,-6,-32338,-16,-609,0,31765
-46,-44,-14,-31619,129,-471,1,-31454
-100,-31,14,-30790,238,-359,1,31165
-126,-45,29,-30117,223,-366,1,29785
-127,-54,50,-29628,208,-372,1,29282
-132,-63,81,-29359,193,-359,1,29670
-124,-72,105,-29329,181,-364,1,29464
-127,-68,120,-29523,166,-377,1,29386
-113,-53,139,-29969,129,-375,1,29739
-79,-46,136,-30643,90,-385,1,30336
-48,-42,125,-31378,49,-398,1,31573
-27,-40,117,-32093,12,-415,1,31877
-1,-38,106,-32699,-36,-417,0,-32373
16,-40,87,-33171,-98,-461,0,32861
27,-40,63,-33417,-135,-474,1,33751
20,-42,40,-33429,-138,-516,0,32777
9,-42,21,-33243,-112,-579,0,33728
-2,-41,6,-32901,-55,-644,0,-33309
-28,-45,-2,-32453,64,-538,1,-31913
-47,-47,1,-31980,113,-466,1,32073
-67,-44,30,-31527,159,-410,1,31316
-92,-44,64,-31113,162,-354,1,30840
-103,-62,83,-30825,159,-374,1,31113
-106,-75,104,-30708,152,-388,1,30368
-111,-82,109,-30781,147,-413,1,31074
-92,-78,120,-31132,132,-409,1,30954
-77,-73,127,-31695,112,-413,1,31322
-60,-60,140,-32409,75,-403,1,32718
-36,-57,135,-33229,35,-418,1,32977
-15,-46,130,-33968,-3,-415,0,-34193
4,-38,109,-34608,-42,-414,0,34517
24,-36,81,-35095,-104,-442,0,34976
29,-31,63,-35345,-129,-445,1,35603
18,-30,48,-35384,-111,-457,0,35756
20,-33,29,-35252,-151,-512,0,35057
8,-39,10,-34922,-111,-615,0,35399
-9,-44,-2,-34439,-1,-626,0,34007
-16,-49,-9,-33844,29,-580,0,-34393
-60,-44,10,-33077,171,-416,1,32793
-108,-37,41,-32288,213,-340,1,32764
-123,-57,48,-31679,205,-365,1,31342
-140,-65,68,-31295,206,-364,1,31511
-128,-69,89,-31223,180,-376,1,30804
-117,-69,103,-31403,159,-393,1,31721
-104,-59,121,-31810,140,-377,1,32146
-80,-57,135,-32393,100,-387,1,32669
-65,-48,141,-33076,71,-389,1,32785
-35,-40,136,-33811,21,-397,1,34053
-8,-40,122,-34459,-21,-406,0,-34628
0,-34,110,-34943,-44,-415,0,35206
3,-31,92,-35229,-59,-423,0,34883
9,-30,69,-35349,-72,-433,0,35760
4,-32,51,-35302,-74,-473,0,34910
1,-36,34,-35104,-65,-524,0,35670
-12,-38,19,-34754,3,-568,0,34250
-32,-45,4,-34310,89,-536,1,33919
-43,-52,-1,-33792,109,-510,1,-33398
-65,-56,2,-33216,145,-451,1,32922
-95,-53,19,-32616,195,-393,1,32342
-116,-57,35,-32113,217,-379,1,31928
-131,-66,46,-31794,224,-378,1,32070
-123,-67,74,-31725,190,-392,1,31396
-119,-71,98,-31872,182,-384,1,32231
-130,-67,123,-32231,173,-372,1,31875
-106,-57,139,-32876,131,-375,1,33095
-85,-42,143,-33707,94,-371,1,33399
-41,-29,145,-34622,30,-369,1,34549
-2,-30,124,-35459,-30,-396,0,-35703
13,-33,102,-36062,-66,-408,0,36162
19,-32,83,-36430,-95,-431,0,36832
15,-30,61,-36573,-112,-460,0,36693
9,-33,39,-36543,-93,-496,0,36609
7,-41,13,-36355,-114,-612,0,35888
-2,-48,-2,-35992,-56,-661,0,36377
-26,-50,-8,-35511,43,-547,1,-34964
-39,-55,1,-34980,81,-502,1,35093
-77,-50,32,-34373,167,-394,1,34612
-106,-59,56,-33834,177,-393,1,34168
-114,-74,69,-33484,176,-393,1,33677
-108,-79,83,-33353,168,-405,1,33537
-106,-77,96,-33441,159,-406,1,33772
-93,-70,114,-33746,135,-401,1,33454
-81,-63,125,-34224,106,-404,1,33862
-59,-56,139,-34858,69,-396,1,35170
-18,-45,154,-35550,-2,-391,0,-35840
6,-45,137,-36133,-43,-412,0,35892
17,-45,112,-36536,-76,-433,0,36611
20,-41,96,-36747,-94,-439,0,36415
9,-37,77,-36750,-81,-452,0,36476
1,-35,52,-36600,-66,-485,0,36679
-9,-36,29,-36298,-21,-541,0,-36854
-25,-38,12,-35879,77,-539,1,36419
-40,-44,-1,-35389,101,-510,1,-35756
-52,-51,-2,-34877,122,-477,1,-35226
-76,-49,14,-34339,173,-418,1,34648
-96,-62,36,-33830,173,-405,1,34137
-96,-73,59,-33445,159,-416,1,33675
-117,-85,52,-33139,194,-427,1,32781
-117,-88,63,-33044,193,-416,1,32850
-118,-83,70,-33211,191,-417,1,32967
-126,-64,93,-33657,192,-378,1,33501
-95,-46,124,-34400,128,-363,1,34745
-52,-52,138,-35294,55,-387,1,35041
-15,-42,147,-36167,-4,-390,0,-35959
5,-41,128,-36856,-37,-412,0,36583
27,-37,100,-37364,-93,-429,1,36955
35,-33,74,-37614,-132,-441,1,37788
29,-28,52,-37617,-146,-452,1,37779
20,-29,31,-37413,-157,-497,0,37725
14,-28,15,-36979,-149,-544,0,37601
-17,-32,-6,-36302,65,-560,0,-36780
-55,-36,-21,-35521,145,-432,1,-35837
-98,-37,-8,-34723,218,-364,1,-34387
-133,-36,13,-34038,252,-334,1,34285
-139,-50,29,-33580,241,-345,1,33319
-148,-61,50,-33332,234,-350,1,33562
-146,-58,86,-33360,203,-345,1,33569
-129,-57,117,-33711,168,-350,1,33429
-116,-48,136,-34300,144,-350,1,34017
-81,-41,149,-35131,90,-356,1,35053
-39,-40,146,-36005,26,-385,1,36270
-33,-41,127,-36786,25,-405,1,36424
-22,-33,117,-37446,3,-407,0,37778
3,-29,102,-38009,-55,-417,0,38293
19,-29,78,-38371,-101,-437,0,38001
19,-31,47,-38504,-121,-469,0,38891
16,-37,17,-38420,-159,-587,0,38112
6,-43,-8,-38117,-96,-633,0,-38635
-17,-40,-19,-37604,21,-540,0,-37067
-40,-44,-21,-37014,107,-480,1,-37179
-72,-42,-1,-36410,182,-401,1,-36723
-84,-45,28,-35870,184,-382,1,36280
-96,-57,50,-35380,179,-383,1,35752
-120,-64,68,-34937,207,-361,1,35280
-132,-73,87,-34695,183,-393,1,34342
-126,-78,97,-34733,176,-394,1,34503
-123,-71,110,-35038,161,-395,1,35239
-109,-58,124,-35620,142,-379,1,35581
-80,-48,134,-36395,96,-381,1,36819
-54,-42,126,-37233,59,-393,1,37026
-26,-39,113,-38081,1,-418,1,38189
13,-38,103,-38776,-68,-417,0,38617
27,-38,84,-39232,-113,-442,1,39071
27,-35,60,-39408,-135,-462,1,39074
20,-32,35,-39346,-135,-489,0,39157
7,-36,9,-39088,-100,-624,0,39564
-3,-40,-6,-38664,-43,-637,0,38259
-19,-45,-14,-38111,16,-547,0,-38622
-43,-46,-6,-37484,114,-470,1,-37838
-76,-42,20,-36831,190,-401,1,36485
-107,-51,42,-36234,198,-365,1,35922
-119,-56,70,-35772,190,-360,1,35430
-126,-66,76,-35508,199,-377,1,35711
-130,-66,94,-35466,192,-373,1,35744
-121,-65,117,-35711,161,-375,1,35559
-104,-60,132,-36193,131,-380,1,35907
-99,-55,141,-36815,114,-383,1,36376
-76,-41,133,-37583,88,-384,1,37644
-36,-37,116,-38442,33,-403,1,38890
-1,-33,107,-39206,-32,-403,0,-39138
17,-30,96,-39783,-83,-414,0,39623
26,-29,77,-40102,-119,-426,1,40242
22,-27,56,-40168,-124,-435,0,40216
17,-29,34,-40004,-145,-496,0,40209
0,-37,10,-39639,-51,-628,0,39099
-25,-47,-9,-39141,64,-558,1,-39605
-41,-54,-15,-38587,86,-505,1,-38661
-61,-56,-2,-38002,137,-455,1,-38200
-84,-60,29,-37431,156,-397,1,37712
-99,-63,48,-36985,176,-411,1,37181
-117,-67,60,-36613,191,-400,1,36413
-126,-74,79,-36442,188,-392,1,36634
-107,-83,96,-36558,153,-412,1,36756
-101,-78,118,-36888,137,-404,1,37201
-88,-68,130,-37427,110,-403,1,37723
-59,-57,138,-38121,61,-405,1,38346
-32,-49,133,-38829,22,-412,1,38536
-5,-44,115,-39453,-25,-420,0,-39930
15,-43,94,-39937,-80,-446,0,40331
17,-38,77,-40197,-99,-451,0,40159
18,-36,54,-40265,-112,-469,0,40182
12,-41,28,-40152,-117,-551,0,40639
6,-45,8,-39866,-94,-634,0,39357
-12,-50,-7,-39428,-2,-610,0,39005
-36,-58,-14,-38923,68,-524,1,-39506
-67,-54,9,-38398,149,-435,1,38055
-78,-52,37,-37973,163,-415,1,38193
-84,-62,50,-37625,158,-406,1,37804
-101,-66,61,-37343,185,-395,1,37110
-116,-69,81,-37209,192,-373,1,37001
-107,-73,97,-37317,165,-396,1,37034
-102,-71,120,-37637,143,-392,1,37460
-88,-62,146,-38168,104,-387,1,37894
-54,-59,153,-38827,56,-402,1,38550
-28,-52,147,-39507,17,-413,1,39783
-8,-45,124,-40091,-14,-428,0,-40298
2,-41,98,-40550,-38,-432,0,40869
11,-36,74,-40867,-76,-453,0,40525
13,-32,52,-40992,-94,-474,0,41407
5,-35,29,-40959,-72,-534,0,40340
3,-40,9,-40786,-79,-639,0,40270
-11,-42,-6,-40451,1,-610,0,-40007
-34,-50,-18,-39992,69,-514,1,-40562
-50,-53,-7,-39460,114,-470,1,-39813
-77,-46,22,-38872,181,-392,1,38545
-103,-54,35,-38342,204,-393,1,38130
-122,-61,57,-37914,203,-369,1,38365
-123,-69,79,-37694,190,-381,1,37517
-121,-78,96,-37695,179,-393,1,37459
-115,-73,115,-37934,159,-391,1,38270
-104,-65,130,-38400,137,-387,1,37970
-87,-51,139,-39078,105,-381,1,39260
-53,-43,138,-39837,50,-389,1,39613
-21,-39,125,-40557,3,-398,0,40879
-1,-35,108,-41142,-42,-415,0,-41295
10,-31,86,-41513,-75,-428,0,41865
6,-29,62,-41660,-77,-449,0,41745
6,-29,40,-41616,-97,-489,0,41783
5,-33,15,-41344,-102,-599,0,41828
-21,-37,-4,-40846,60,-564,0,-40372
-33,-45,-14,-40220,90,-511,1,-40126
-64,-47,-5,-39496,170,-429,1,-39768
-97,-40,23,-38767,223,-365,1,38542
-114,-49,30,-38145,223,-372,1,38128
-134,-60,40,-37658,233,-372,1,37398
-140,-60,59,-37413,227,-369,1,37695
-139,-59,78,-37456,204,-376,1,37641
-134,-50,102,-37783,188,-353,1,37531
-114,-41,122,-38351,147,-351,1,37923
-84,-42,143,-39083,91,-368,1,39272
-42,-39,158,-39862,29,-380,1,39489
-30,-35,136,-40495,19,-401,1,40729
-25,-27,104,-40990,13,-411,1,41443
-13,-26,75,-41352,-8,-432,0,-41076
-15,-28,50,-41550,11,-464,0,41900
-13,-30,28,-41620,13,-525,0,41117
-11,-37,6,-41543,8,-618,0,40973
-22,-47,-6,-41308,38,-577,0,-41730
-20,-52,-2,-40943,20,-583,0,-40352
-31,-52,5,-40384,77,-533,1,40909
-82,-50,17,-39639,190,-424,1,39869
-104,-52,26,-38885,206,-399,1,38633
-131,-67,14,-38236,232,-407,1,38120
-154,-77,9,-37800,246,-397,1,37378
-147,-70,39,-37732,232,-380,1,37379
-129,-60,59,-37976,233,-362,1,38228
-138,-54,74,-38435,223,-354,1,38761
-107,-42,103,-39154,155,-350,1,39184
-73,-48,114,-39996,98,-378,1,40246
-58,-43,126,-40842,58,-382,1,40608
-25,-40,123,-41617,0,-403,1,41797
0,-41,104,-42248,-45,-430,0,42180
9,-38,84,-42655,-75,-455,0,42856
11,-33,66,-42849,-88,-454,0,42649
13,-32,45,-42867,-104,-476,0,42739
14,-39,17,-42709,-143,-583,0,42023
9,-44,-4,-42327,-115,-632,0,-42865
-19,-45,-14,-41721,28,-554,0,-41213
-58,-43,-4,-40982,153,-434,1,-41263
-73,-46,19,-40262,179,-416,1,39964
-94,-54,31,-39584,189,-386,1,39895
-112,-50,42,-38981,213,-366,1,39307
-135,-57,49,-38515,225,-364,1,38772
-141,-55,74,-38308,215,-356,1,38116
-138,-60,103,-38412,185,-361,1,38668
-122,-54,129,-38791,145,-370,1,38568
-105,-47,136,-39392,136,-365,1,39158
-86,-44,131,-40130,107,-381,1,40232
-56,-37,122,-41001,63,-389,1,41465
-31,-37,109,-41840,22,-406,1,41656
-10,-36,99,-42567,-21,-417,0,-42938
2,-33,85,-43098,-54,-427,0,43443
13,-30,68,-43423,-83,-431,0,43060
18,-30,46,-43523,-132,-480,0,43901
14,-30,24,-43377,-133,-528,0,44018
1,-34,5,-43014,-56,-656,0,43674
-14,-43,-7,-42500,20,-596,0,-42088
-26,-50,-8,-41884,60,-546,1,-41387
-60,-56,11,-41218,143,-469,1,41054
