-14,99,8,-75,-1,1,0,-48
-15,99,9,-56,0,-1,0,-82
-15,100,8,-42,0,0,0,73
-15,100,8,-32,0,-1,0,-128
-14,100,7,-32,-1,0,0,-116
-14,100,5,-41,0,1,0,71
-64,126,7,-69,66,-70,1,-7
-116,177,29,-352,66,-111,1,-432
-148,210,45,-1255,78,-143,1,-1098
-141,178,47,-2484,56,-170,1,-2353
-83,138,76,-3720,42,-160,1,-3750
-38,115,70,-4955,-21,-174,1,5104
6,86,69,-6191,-89,-190,0,-6365
0,57,76,-7173,-81,-247,0,-7382
-12,38,79,-7758,-31,-266,0,7994
-9,25,56,-8037,-66,-299,0,7716
15,0,24,-8059,-210,-378,0,-7880
9,-13,0,-7879,-214,-588,0,7263
1,-27,-14,-7549,-79,-599,0,-8049
-22,-21,-12,-7218,110,-498,0,-7591
-38,-51,-28,-7106,63,-506,1,-6665
-39,-57,-1,-6945,89,-505,1,-6813
-70,-66,28,-6687,146,-454,1,6994
-88,-76,58,-6459,147,-432,1,6179
-83,-84,85,-6356,132,-424,1,6567
-81,-95,99,-6411,120,-438,1,6313
-70,-99,121,-6638,91,-440,1,6236
-55,-92,144,-7032,62,-432,1,6680
-34,-84,159,-7561,22,-431,1,7390
-10,-79,148,-8160,-5,-449,0,-7883
2,-68,139,-8726,-33,-449,0,9021
21,-58,126,-9284,-74,-453,0,9630
39,-51,104,-9750,-117,-446,1,10146
37,-40,81,-10011,-139,-457,1,9736
31,-28,54,-10068,-163,-453,1,9732
21,-28,15,-9957,-188,-538,0,9285
9,-31,-3,-9703,-133,-617,0,-10014
2,-35,-10,-9363,-83,-610,0,-9867
-12,-41,-10,-8970,-1,-578,0,8544
-30,-45,0,-8552,73,-521,1,8980
-65,-52,15,-8168,142,-434,1,7847
-77,-57,53,-7904,128,-398,1,8080
-92,-78,89,-7719,123,-401,1,8065
-105,-91,111,-7620,129,-411,1,7302
-101,-101,112,-7703,127,-436,1,8105
-87,-99,119,-8002,113,-443,1,7882
-64,-91,136,-8525,90,-440,1,8271
-34,-78,151,-9196,36,-435,1,8837
-3,-71,147,-9890,-11,-447,0,-10177
19,-61,138,-10517,-57,-448,0,10292
37,-49,121,-11006,-101,-445,1,11082
36,-39,96,-11312,-120,-445,1,11653
28,-31,67,-11454,-135,-453,1,11709
19,-35,29,-11457,-149,-531,0,11880
3,-39,4,-11335,-82,-669,0,11944
-2,-43,-7,-11144,-61,-646,0,10513
-9,-48,-22,-10833,-27,-571,0,10304
-50,-51,-30,-10394,108,-467,1,-10555
-86,-61,-20,-9900,160,-427,1,-10201
-102,-65,0,-9544,192,-414,1,9276
-112,-81,25,-9325,187,-423,1,9556
-113,-85,49,-9295,185,-424,1,9542
-110,-91,77,-9451,158,-435,1,9663
-96,-86,121,-9842,124,-411,1,10215
-58,-89,157,-10426,61,-421,1,10719
-23,-89,165,-11068,16,-440,0,10869
0,-82,147,-11687,-25,-453,0,11450
16,-70,124,-12250,-61,-468,0,11805
28,-55,103,-12711,-104,-465,1,12383
38,-46,75,-13008,-152,-473,1,13251
27,-37,42,-13078,-152,-490,1,12925
5,-30,13,-12970,-104,-603,0,12419
-4,-34,-11,-12756,-44,-617,0,13242
-19,-40,-25,-12424,18,-525,0,-12983
-44,-43,-32,-12028,94,-452,1,-12156
-76,-50,-19,-11598,164,-409,1,-11291
-90,-47,20,-11252,200,-396,1,10960
-96,-65,44,-11017,176,-400,1,10759
-101,-80,76,-10881,158,-408,1,11245
-105,-107,108,-10871,135,-433,1,11052
-104,-118,136,-11060,121,-443,1,10857
-92,-111,149,-11508,100,-449,1,11764
-55,-91,148,-12187,60,-456,1,11930
-23,-75,131,-12931,7,-460,0,13203
-1,-58,115,-13586,-39,-457,0,-13496
19,-41,97,-14100,-88,-446,0,13985
26,-33,67,-14432,-123,-445,1,14819
24,-33,32,-14582,-166,-514,0,14923
17,-34,5,-14538,-168,-590,0,14868
0,-36,-8,-14310,-73,-637,0,-13816
-13,-39,-15,-13996,3,-561,0,-13503
-36,-44,-20,-13603,84,-482,1,-13456
-62,-43,-6,-13197,160,-419,1,-12960
-79,-43,17,-12808,196,-385,1,13109
-103,-64,46,-12468,180,-388,1,12784
-119,-90,83,-12219,159,-417,1,12026
-139,-99,118,-12149,164,-403,1,11999
-120,-99,137,-12431,134,-417,1,12599
-94,-83,148,-13014,106,-418,1,13190
-59,-68,149,-13795,62,-422,1,13462
-27,-58,138,-14637,13,-425,1,14371
4,-48,128,-15439,-46,-434,0,15739
34,-42,105,-16063,-115,-442,1,16148
42,-35,80,-16421,-150,-432,1,16709
35,-32,50,-16506,-184,-464,1,16652
18,-31,23,-16346,-165,-531,0,15734
-2,-29,4,-16012,-53,-655,0,-15403
-26,-37,-13,-15606,61,-531,1,-16105
-46,-42,-22,-15176,109,-458,1,-15090
-80,-45,-10,-14737,175,-397,1,-14555
-93,-42,19,-14380,209,-378,1,14822
-112,-64,48,-14061,194,-369,1,14141
-136,-84,98,-13917,173,-373,1,14128
-110,-97,140,-14104,110,-416,1,13924
-99,-95,151,-14534,104,-423,1,14755
-87,-73,160,-15165,96,-412,1,14970
-44,-55,153,-15928,41,-417,1,16185
-22,-47,128,-16676,13,-420,0,16436
1,-38,115,-17396,-42,-441,0,16951
37,-29,102,-17948,-127,-423,1,18335
50,-22,74,-18245,-184,-417,1,17981
34,-23,37,-18261,-207,-455,1,17998
5,-30,2,-18058,-94,-649,0,17476
-21,-39,-22,-17722,27,-531,0,-18198
-41,-49,-33,-17345,63,-474,1,-16926
-67,-57,-22,-16938,108,-415,1,-17336
-99,-44,32,-16534,197,-356,1,16729
-122,-67,59,-16336,184,-378,1,15885
-103,-81,92,-16384,134,-413,1,16012
-88,-91,113,-16605,111,-433,1,16764
-95,-89,128,-16984,128,-421,1,17398
-71,-75,149,-17584,84,-418,1,17856
-36,-69,152,-18313,28,-426,1,18113
-7,-62,147,-19055,-15,-437,0,-19327
22,-47,135,-19638,-75,-431,0,19948
42,-33,106,-20029,-127,-427,1,20363
45,-32,64,-20229,-185,-448,1,20082
39,-33,38,-20208,-213,-471,1,20431
3,-31,27,-19942,-83,-532,0,20384
-27,-35,15,-19594,69,-524,1,20211
-40,-44,5,-19235,93,-506,1,19084
-51,-51,3,-18870,111,-477,1,18438
-66,-59,23,-18456,122,-439,1,18868
-86,-60,60,-18041,136,-397,1,18221
-106,-83,74,-17704,148,-419,1,17507
-109,-96,80,-17526,153,-439,1,17722
-106,-105,83,-17572,151,-458,1,17836
-107,-99,94,-17864,170,-448,1,17543
-104,-81,114,-18414,136,-429,1,18063
-70,-67,137,-19212,78,-420,1,19051
-21,-58,141,-20104,12,-431,0,20359
8,-48,123,-20884,-42,-440,0,20563
37,-43,87,-21511,-121,-459,1,21999
44,-39,57,-21869,-172,-471,1,21537
36,-38,33,-21981,-203,-512,1,21706
27,-43,16,-21892,-190,-551,1,22330
6,-43,7,-21605,-106,-633,0,22108
-22,-44,0,-21199,32,-564,0,20705
-44,-46,-2,-20754,99,-478,1,-20652
-79,-52,20,-20281,153,-402,1,20058
-106,-56,51,-19894,174,-390,1,19696
-134,-74,65,-19590,193,-368,1,19877
-127,-91,77,-19523,173,-415,1,19739
-91,-110,91,-19742,125,-462,1,19650
-80,-110,116,-20160,107,-459,1,20299
-84,-89,139,-20756,96,-435,1,20546
-63,-69,145,-21523,67,-424,1,21790
-27,-53,138,-22378,16,-427,1,22132
16,-42,119,-23153,-66,-422,0,23512
43,-38,91,-23751,-143,-443,1,23972
45,-37,63,-24043,-181,-459,1,23713
28,-37,41,-24069,-170,-496,1,24400
11,-40,22,-23919,-134,-572,0,24552
0,-43,4,-23611,-78,-665,0,24259
-38,-46,-7,-23155,94,-515,1,-22564
-53,-45,-6,-22694,119,-459,1,-22791
-78,-55,0,-22230,156,-422,1,22420
-102,-53,30,-21808,192,-378,1,21722
-122,-74,48,-21502,191,-394,1,21192
-136,-77,61,-21356,215,-392,1,21198
-140,-83,86,-21450,189,-405,1,21100
-103,-87,128,-21912,132,-409,1,21560
-58,-88,155,-22599,69,-428,1,22878
-43,-81,160,-23364,41,-434,1,23042
-8,-67,156,-24119,-13,-431,0,-24400
-13,-52,121,-24770,-2,-452,0,-24904
0,-42,84,-25328,-49,-470,0,25461
16,-39,56,-25744,-107,-496,0,25862
13,-35,36,-25953,-110,-510,0,25849
11,-38,19,-26002,-129,-583,0,26472
7,-43,5,-25878,-129,-650,0,26422
-14,-48,-11,-25569,-12,-599,0,24983
-45,-48,-21,-25153,89,-481,1,-25582
-67,-55,-18,-24745,139,-451,1,-24968
-86,-52,14,-24373,178,-395,1,24167
-119,-60,28,-24075,212,-377,1,24564
-118,-71,61,-23943,179,-381,1,23620
-93,-88,91,-24001,140,-418,1,23742
-108,-100,118,-24197,129,-428,1,24531
-79,-94,154,-24696,86,-424,1,24844
-63,-91,152,-25384,69,-444,1,25126
-38,-76,147,-26185,25,-451,1,26477
2,-62,136,-26970,-35,-442,0,26743
16,-47,109,-27582,-70,-456,0,27246
26,-36,75,-27978,-123,-479,1,27804
25,-30,46,-28146,-143,-467,1,27780
9,-29,20,-28118,-122,-562,0,28574
-9,-32,-6,-27958,-7,-621,0,28495
-18,-41,-25,-27730,21,-529,0,-28280
-34,-45,-29,-27465,57,-480,1,-27325
-51,-53,-18,-27186,107,-454,1,-27532
-78,-59,22,-26888,151,-392,1,26741
-103,-72,61,-26687,158,-392,1,26936
-97,-94,91,-26637,128,-417,1,26953
-89,-104,103,-26715,121,-442,1,27073
-89,-104,112,-26940,121,-450,1,26831
-68,-96,121,-27372,83,-458,1,27415
-49,-89,121,-27938,69,-465,1,27814
-35,-72,135,-28539,34,-443,1,28163
-13,-61,132,-29169,-9,-438,0,-28924
11,-52,113,-29713,-58,-454,0,30119
24,-47,88,-30084,-103,-467,0,29787
29,-41,67,-30241,-137,-472,1,30474
14,-36,44,-30171,-118,-503,0,29786
0,-38,15,-29981,-75,-619,0,30484
-14,-44,-8,-29693,-6,-610,0,29115
-42,-47,-22,-29324,82,-492,1,-29476
-62,-52,-24,-28963,119,-445,1,-28916
-85,-47,1,-28571,189,-387,1,28381
-110,-54,29,-28229,209,-369,1,28579
-114,-69,57,-28049,188,-385,1,27811
-111,-87,86,-28043,164,-407,1,27861
-106,-94,103,-28217,138,-432,1,28493
-103,-88,123,-28596,126,-424,1,28195
-88,-73,138,-29202,110,-414,1,29556
-50,-61,142,-29949,54,-421,1,30190
-18,-56,126,-30707,0,-433,0,30232
4,-53,113,-31377,-49,-452,0,31520
22,-45,99,-31860,-93,-453,0,32176
21,-43,73,-32139,-110,-478,0,31822
20,-42,49,-32240,-123,-498,0,31850
4,-37,20,-32131,-91,-588,0,32677
-25,-36,-5,-31840,67,-550,1,-32262
-35,-46,-24,-31526,55,-504,1,-31487
-36,-54,-20,-31211,67,-511,1,-30802
-64,-56,6,-30721,137,-437,1,31024
-110,-49,34,-30129,215,-368,1,29812
-132,-64,42,-29698,222,-370,1,30011
-126,-70,53,-29522,214,-394,1,29184
-139,-77,80,-29578,192,-401,1,29260
-130,-76,121,-29949,157,-387,1,30035
-99,-68,151,-30606,114,-392,1,30413
-57,-64,145,-31494,64,-417,1,31344
-18,-61,127,-32414,2,-443,0,32629
6,-55,116,-33244,-50,-459,0,32870
26,-46,98,-33861,-96,-443,1,34295
32,-39,74,-34235,-138,-464,1,33971
23,-36,48,-34343,-148,-494,0,34654
14,-38,25,-34238,-129,-547,0,34607
-4,-39,6,-33935,-52,-649,0,-34325
-34,-40,-4,-33477,76,-517,1,-32907
-51,-46,-9,-33042,104,-468,1,-32959
-70,-56,1,-32658,144,-448,1,32462
-100,-51,39,-32290,178,-372,1,32661
-124,-65,53,-32023,193,-375,1,31916
-120,-71,69,-31959,186,-388,1,32152
-110,-84,92,-32125,150,-420,1,31784
-91,-86,121,-32553,122,-416,1,32440
-68,-85,147,-33170,83,-422,1,32992
-47,-72,163,-33906,47,-419,1,34101
-24,-58,158,-34661,11,-422,0,34424
0,-46,131,-35348,-31,-435,0,35603
18,-41,98,-35902,-77,-437,0,36255
26,-34,72,-36262,-119,-459,1,35945
25,-32,47,-36406,-149,-484,1,36712
17,-36,18,-36360,-153,-571,0,35975
3,-41,-2,-36114,-86,-670,0,-36850
-17,-39,-9,-35729,18,-571,0,-35205
-35,-44,-11,-35338,75,-500,1,-35762
-58,-47,6,-34935,137,-431,1,35139
-88,-40,47,-34531,176,-373,1,34682
-119,-55,65,-34187,189,-358,1,33872
-134,-64,83,-33993,195,-363,1,34187
-120,-80,111,-34113,159,-388,1,33800
-91,-92,141,-34513,110,-413,1,34733
-77,-85,161,-35083,90,-418,1,34891
-68,-68,160,-35789,66,-415,1,35507
-35,-57,138,-36627,32,-436,1,36370
-20,-47,112,-37410,9,-432,0,37832
-5,-37,96,-38132,-30,-442,0,-38166
21,-33,76,-38724,-116,-465,0,38555
28,-33,51,-39062,-151,-475,1,39381
22,-35,24,-39151,-168,-536,0,39536
17,-34,3,-39024,-157,-588,0,39561
-7,-37,-17,-38666,-23,-579,0,38253
-28,-43,-25,-38208,43,-499,1,-38093
-35,-52,-11,-37731,61,-500,1,-37557
-70,-47,35,-37141,144,-392,1,36936
-105,-63,56,-36608,168,-401,1,36778
-119,-72,60,-36189,187,-395,1,35939
-136,-79,67,-35987,201,-395,1,36184
-143,-74,94,-36108,196,-380,1,35886
-125,-66,131,-36580,156,-376,1,36789
-91,-56,153,-37312,109,-381,1,36953
-51,-50,146,-38172,55,-401,1,37934
-14,-49,129,-39017,-8,-420,0,-39283
3,-49,111,-39720,-43,-447,0,39661
1,-44,97,-40214,-46,-452,0,40114
11,-39,75,-40562,-76,-454,0,40859
16,-40,50,-40740,-115,-504,0,40609
10,-42,29,-40723,-113,-562,0,40303
1,-43,12,-40521,-98,-638,0,40049
-10,-46,-4,-40173,-26,-629,0,40612
-31,-46,-8,-39688,55,-524,1,-39181
-65,-43,10,-39104,154,-418,1,39399
-102,-46,35,-38536,187,-370,1,38693
-120,-66,45,-38101,191,-402,1,38370
-134,-77,65,-37829,195,-393,1,37380
-125,-91,90,-37864,164,-416,1,37539
-100,-98,104,-38185,137,-443,1,38002
-103,-91,120,-38671,130,-436,1,38520
-90,-72,137,-39419,109,-422,1,39078
-40,-62,134,-40342,36,-438,1,40091
-5,-56,113,-41215,-19,-457,0,-41317
15,-48,93,-41917,-73,-453,0,41551
33,-43,73,-42415,-141,-482,1,42114
30,-39,50,-42637,-159,-487,1,43005
26,-39,26,-42657,-181,-532,1,42018
10,-42,10,-42473,-125,-616,0,42968
-10,-40,3,-42119,-14,-616,0,-42692
-39,-45,-3,-41698,84,-502,1,-41804
-56,-46,1,-41244,140,-456,1,41032
-84,-46,23,-40714,167,-369,1,40628
-113,-55,41,-40213,195,-373,1,40143
-130,-67,51,-39817,206,-381,1,39625
-145,-76,58,-39628,220,-384,1,39818
-135,-76,95,-39793,175,-394,1,39623
-104,-77,137,-40321,130,-391,1,39973
-88,-72,158,-41016,107,-396,1,41306
-64,-56,163,-41867,70,-401,1,41716
-23,-49,139,-42774,6,-423,0,42522
-3,-44,112,-43557,-35,-441,0,-44006
21,-37,96,-44161,-91,-430,0,44324
30,-36,74,-44512,-130,-458,1,44259
19,-34,52,-44576,-124,-483,0,44930
5,-34,24,-44444,-82,-559,0,45018
-6,-38,0,-44176,-24,-657,0,-44587
-31,-41,-17,-43787,64,-519,1,-43370
-48,-46,-21,-43374,98,-466,1,-43212
-69,-49,-6,-42944,149,-422,1,-42750
-97,-46,22,-42488,201,-372,1,42005
-119,-66,43,-42123,193,-383,1,42282
-126,-70,73,-41925,189,-381,1,41591
-139,-81,88,-41951,182,-403,1,41595
-112,-79,112,-42323,149,-402,1,41988
-94,-75,130,-42900,125,-406,1,42733
-78,-60,140,-43648,89,-402,1,43854
-33,-53,139,-44567,23,-414,1,44800
-5,-54,122,-45423,-21,-441,0,-45196
4,-50,104,-46133,-48,-454,0,46465
18,-46,84,-46658,-93,-467,0,47014
22,-40,63,-46969,-119,-478,0,46815
23,-38,41,-47075,-149,-506,0,46742
19,-41,20,-46981,-153,-563,0,46339
5,-43,6,-46699,-96,-646,0,46235
-8,-47,-4,-46311,-22,-631,0,46765
-21,-49,-1,-45829,33,-567,0,-45366
-51,-50,20,-45265,104,-440,1,45339
-88,-38,60,-44660,153,-348,1,45052
-121,-60,68,-44199,176,-369,1,44386
-120,-75,84,-43973,166,-389,1,43660
-108,-89,104,-44027,138,-413,1,43700
-96,-92,134,-44319,115,-418,1,44109
-91,-77,171,-44833,91,-404,1,44630
-73,-54,158,-45577,87,-408,1,45864
-36,-45,119,-46464,46,-430,1,46215
-12,-41,103,-47316,-1,-440,0,-47395
10,-41,96,-48018,-62,-450,0,47661
34,-41,89,-48537,-129,-455,1,48270
42,-41,66,-48798,-163,-459,1,49078
28,-39,38,-48782,-167,-516,1,48183
4,-39,11,-48556,-91,-639,0,49060
-15,-41,-10,-48196,-11,-600,0,48691
-35,-44,-24,-47779,57,-499,1,-47989
-55,-49,-18,-47325,108,-447,1,-47387
-83,-38,14,-46822,192,-372,1,46892
-111,-50,24,-46364,211,-371,1,46334
-137,-64,39,-46000,223,-369,1,45715
-128,-70,66,-45901,199,-383,1,45710
-128,-81,91,-46058,187,-390,1,45728
-119,-71,123,-46498,160,-382,1,46132
-85,-72,155,-47209,96,-395,1,47369
-45,-67,169,-48063,38,-412,1,47815
-32,-58,141,-48816,33,-433,1,49046
-28,-45,109,-49459,29,-430,1,49371
-9,-43,87,-50061,-18,-461,0,-49703
9,-42,74,-50539,-79,-487,0,50346
13,-41,57,-50820,-89,-483,0,50983
14,-40,33,-50925,-121,-544,0,50305
8,-45,9,-50860,-111,-639,0,50324
-8,-40,0,-50597,-33,-643,0,-50981
-23,-46,-15,-50211,34,-552,0,-50705
-51,-46,-12,-49682,109,-454,1,-50095
-89,-38,4,-49071,199,-360,1,48756
-123,-53,18,-48520,217,-368,1,48238
-142,-61,38,-48094,229,-368,1,47811
-158,-76,56,-47872,230,-377,1,48012
-148,-79,91,-48022,196,-381,1,47784
-125,-71,135,-48512,152,-376,1,48174
-116,-52,147,-49237,143,-370,1,49530
-69,-40,144,-50260,74,-382,1,50580
-11,-45,130,-51310,-12,-415,0,-51551
11,-43,122,-52194,-60,-426,0,51754
33,-38,102,-52811,-114,-436,1,53225
36,-31,78,-53117,-149,-438,1,52778
34,-24,45,-53072,-193,-447,1,52778
0,-23,15,-52759,-58,-572,0,52239
-19,-34,-12,-52368,13,-561,0,-52873
-30,-43,-21,-51984,61,-512,1,-51950
-57,-47,0,-51536,125,-439,1,51345
-74,-38,25,-51051,174,-380,1,50889
-106,-59,30,-50510,196,-381,1,50363
-143,-60,59,-50008,221,-356,1,49764
-157,-71,84,-49803,207,-368,1,50087
-145,-73,110,-49984,185,-376,1,49732
-129,-61,134,-50487,167,-372,1,50395
-107,-50,143,-51239,134,-374,1,51458
-61,-42,138,-52209,73,-389,1,51873
-32,-43,126,-53160,31,-412,1,52843
-17,-38,123,-54006,-3,-415,0,-54054
5,-34,108,-54683,-59,-428,0,54337
18,-34,77,-55146,-103,-455,0,54965
20,-39,47,-55354,-137,-502,0,55643
16,-38,26,-55314,-147,-549,0,55946
-1,-39,7,-55088,-67,-653,0,-54723
-14,-42,-8,-54765,0,-597,0,-55194
-33,-46,-13,-54386,66,-512,1,-54735
-54,-48,4,-53955,134,-463,1,54167
-78,-48,27,-53472,157,-383,1,53574
-106,-55,36,-52950,202,-374,1,53010
-148,-53,47,-52503,247,-347,1,52272
-157,-58,80,-52371,219,-348,1,52708
-120,-72,126,-52668,150,-376,1,52247
-106,-77,163,-53186,122,-386,1,52927
-85,-62,175,-53920,80,-395,1,54144
-38,-53,150,-54828,31,-428,1,55067
-30,-44,123,-55623,24,-431,1,55486
-11,-34,109,-56353,-22,-431,0,-56800
13,-35,86,-56932,-87,-452,0,57229
21,-33,58,-57269,-126,-478,0,56857
12,-36,29,-57364,-123,-551,0,57983
5,-37,8,-57256,-106,-641,0,56677
-9,-38,-12,-56965,-20,-604,0,56552
-35,-45,-29,-56559,61,-488,1,-56614
-51,-45,-17,-56129,128,-457,1,-55814
-71,-39,11,-55647,186,-392,1,55307
-107,-49,24,-55123,213,-371,1,54964
-137,-53,42,-54626,239,-356,1,54392
-151,-68,61,-54377,224,-369,1,54547
-138,-75,94,-54508,194,-365,1,54747
-114,-69,127,-54949,138,-390,1,55266
-96,-65,139,-55610,123,-391,1,55379
-76,-59,145,-56418,85,-400,1,56664
-37,-54,142,-57330,21,-413,1,57060
-3,-53,124,-58181,-33,-442,0,-58006
9,-42,104,-58786,-60,-446,0,58477
12,-34,75,-59147,-75,-444,0,59039
9,-31,41,-59295,-89,-501,0,58894
1,-35,14,-59254,-56,-608,0,58674
-5,-40,2,-59052,-24,-654,0,-58387
-15,-41,-5,-58693,24,-594,0,-59182
-36,-42,-10,-58194,90,-495,1,-58086
-58,-41,-2,-57587,153,-425,1,-57809
-102,-42,24,-56948,193,-344,1,57266
-135,-47,59,-56432,205,-342,1,56679
-143,-63,74,-56164,204,-364,1,55869
-130,-73,92,-56206,179,-384,1,56023
-107,-73,110,-56525,147,-401,1,56704
-95,-73,117,-57040,130,-413,1,57265
-92,-60,138,-57697,103,-399,1,57440
-63,-50,151,-58513,57,-408,1,58789
-27,-46,138,-59279,8,-422,1,59037
-10,-39,114,-59932,-28,-433,0,-60400
6,-34,88,-60406,-89,-446,0,60013
36,-35,65,-60601,-168,-445,1,60903
13,-30,49,-60454,-128,-471,0,60847
-5,-24,31,-60148,-45,-495,0,-60224
-33,-31,-1,-59792,112,-508,1,-59450
-57,-36,-14,-59474,155,-442,1,-59751
-66,-43,0,-59243,143,-422,1,58920
-79,-53,35,-59074,139,-395,1,59290
-97,-54,79,-58953,142,-362,1,59318
-96,-76,99,-58953,129,-394,1,59188
-88,-87,115,-59091,119,-413,1,59208
-72,-87,134,-59407,85,-429,1,59747
-61,-83,148,-59927,78,-427,1,60171
-35,-72,163,-60594,35,-424,1,60912
0,-64,154,-61367,-20,-439,0,61108
25,-63,127,-62067,-70,-462,1,62369
27,-53,104,-62589,-92,-467,1,62897
30,-41,82,-62920,-116,-449,1,62483
26,-34,57,-63066,-138,-473,1,63241
16,-28,35,-63073,-139,-507,0,63290
6,-31,8,-62960,-106,-624,0,63483
-1,-37,-8,-62747,-54,-631,0,63352
-8,-39,-10,-62445,-19,-589,0,61848
-27,-44,-4,-62106,71,-531,1,-61694
-47,-43,31,-61715,108,-414,1,61691
-82,-45,81,-61288,125,-366,1,61016
-102,-66,96,-60939,135,-388,1,61257
-118,-83,100,-60774,155,-392,1,60473
-107,-82,126,-60926,130,-396,1,60594
-77,-86,140,-61425,90,-419,1,61086
-57,-77,161,-62108,54,-419,1,62425
-48,-72,180,-62893,44,-427,1,62709
-25,-57,160,-63689,24,-437,1,63975
-12,-42,116,-64483,4,-465,0,64098
15,-39,86,-65176,-72,-465,0,65405
34,-35,67,-65671,-135,-452,1,65923
41,-36,48,-65914,-189,-478,1,65569
33,-35,27,-65909,-205,-508,1,65624
16,-38,5,-65751,-146,-598,0,66080
1,-42,-10,-65502,-69,-625,0,-64971
-17,-41,-17,-65182,23,-545,0,-64641
-30,-39,-4,-64816,83,-485,1,-64676
-62,-27,26,-64380,192,-349,1,64217
-99,-36,49,-63854,212,-333,1,63622
-130,-54,67,-63342,201,-349,1,62988
-136,-66,80,-63022,200,-369,1,63232
-143,-77,98,-62983,177,-392,1,63379
-117,-73,130,-63319,142,-380,1,63006
-87,-70,146,-63896,100,-403,1,63715
-77,-61,154,-64584,87,-406,1,64876
-58,-52,139,-65339,60,-419,1,65062
-25,-49,115,-66104,15,-432,1,66511
-15,-46,105,-66748,-4,-446,0,-66894
0,-35,102,-67247,-48,-431,0,67433
28,-26,84,-67598,-127,-423,1,67975
26,-24,52,-67666,-151,-444,1,67910
3,-28,20,-67519,-85,-564,0,67031
-10,-36,-1,-67255,-6,-625,0,66795
-27,-38,-10,-66865,67,-522,1,-67408
-53,-41,-2,-66359,137,-442,1,-66073
-75,-28,24,-65757,199,-357,1,65845
-105,-43,23,-65150,214,-353,1,65437
-131,-50,46,-64599,223,-354,1,64886
-157,-69,70,-64271,210,-381,1,64061
-151,-76,98,-64301,184,-389,1,64172
-133,-71,132,-64711,158,-378,1,64868
-105,-54,158,-65404,115,-375,1,65214
-57,-49,158,-66314,49,-396,1,66086
-20,-50,140,-67203,4,-432,0,67461
-13,-44,127,-67927,-13,-431,0,-67759
1,-37,113,-68490,-53,-434,0,68186
13,-31,88,-68860,-88,-443,0,68959
2,-30,56,-68993,-67,-474,0,68670
-5,-31,26,-68967,-40,-552,0,-69477
-10,-34,8,-68812,-10,-614,0,-69254
-26,-36,-11,-68504,62,-533,1,-67983
-54,-38,-20,-68081,142,-445,1,-67779
-77,-37,-11,-67616,198,-399,1,-67895
-112,-34,8,-67104,250,-339,1,67570
-139,-48,27,-66698,245,-361,1,66985
-138,-57,57,-66527,229,-354,1,66257
-142,-67,96,-66617,202,-360,1,66873
-124,-70,137,-67044,165,-358,1,66711
-102,-66,158,-67689,127,-378,1,68055
-85,-55,170,-68508,91,-382,1,68214
-38,-47,155,-69457,28,-405,1,69195
-12,-42,128,-70284,-10,-425,0,-70539
4,-31,110,-70946,-53,-423,0,70853
17,-31,74,-71390,-100,-452,0,71482
14,-37,46,-71592,-106,-491,0,71202
1,-36,31,-71566,-77,-541,0,71138
-11,-37,8,-71379,-8,-611,0,-70804
-31,-41,-6,-71054,65,-530,1,-71662
-45,-45,-7,-70665,99,-479,1,-71089
-67,-46,12,-70165,152,-418,1,70477
-110,-45,31,-69573,212,-365,1,69153
-135,-58,36,-69049,234,-358,1,68783
-129,-72,31,-68782,227,-397,1,68889
-136,-73,55,-68769,225,-384,1,69061
-146,-63,116,-69082,179,-369,1,68802
-114,-60,167,-69813,112,-366,1,69959
-61,-58,179,-70785,43,-391,1,71064
-31,-52,153,-71762,14,-416,1,72055
-16,-45,121,-72613,-12,-434,0,-72263
3,-38,98,-73300,-61,-442,0,73616
13,-31,81,-73735,-92,-441,0,74149
13,-26,56,-73936,-99,-444,0,74040
9,-29,27,-73937,-121,-531,0,74422
1,-31,5,-73743,-82,-660,0,74452
-21,-39,-11,-73407,47,-554,0,-72835
-28,-42,-13,-73034,24,-506,1,-72854
-44,-51,-1,-72649,86,-474,1,-72286
-69,-46,48,-72181,122,-378,1,71853
-95,-63,72,-71758,140,-383,1,72084
-121,-80,83,-71399,168,-394,1,71584
-126,-84,97,-71280,160,-414,1,71454
-118,-85,105,-71465,164,-414,1,71258
-107,-74,138,-71961,133,-402,1,71846
-65,-64,155,-72748,77,-410,1,72984
-38,-67,141,-73623,45,-438,1,73447
-14,-56,134,-74461,0,-441,0,74714
8,-50,115,-75220,-52,-441,0,74768
29,-43,90,-75829,-117,-459,1,76260
35,-39,60,-76186,-162,-477,1,75998
26,-38,33,-76305,-172,-521,1,75950
14,-43,16,-76238,-142,-590,0,76603
3,-42,9,-76023,-96,-631,0,76542
-11,-43,-1,-75698,-21,-610,0,75238
-23,-42,-2,-75275,37,-533,0,-74760
-63,-37,27,-74730,160,-400,1,74436
-98,-39,50,-74161,177,-349,1,73771
-123,-58,50,-73671,208,-364,1,73231
-143,-70,61,-73376,219,-370,1,73664
-136,-72,91,-73449,194,-371,1,73664
-121,-63,139,-73855,155,-362,1,74050
-98,-61,164,-74521,106,-381,1,74484
-71,-51,173,-75367,80,-383,1,75666
-42,-47,158,-76271,35,-399,1,75993
-1,-47,135,-77171,-30,-433,0,-76917
11,-48,111,-77840,-57,-454,0,78267
3,-37,90,-78240,-53,-454,0,77841
11,-33,58,-78484,-94,-479,0,78595
19,-33,29,-78499,-151,-526,0,77845
-5,-30,16,-78265,-16,-574,0,-78722
-29,-28,11,-77927,100,-497,1,78333
-44,-34,6,-77571,132,-462,1,77380
-56,-40,6,-77201,141,-441,1,76976
-65,-51,20,-76802,131,-428,1,77132
-94,-45,49,-76268,172,-367,1,75882
-129,-63,42,-75746,208,-394,1,75311
-134,-71,56,-75399,209,-386,1,75566
-132,-80,72,-75307,206,-397,1,75759
-144,-77,111,-75516,183,-383,1,75677
-118,-66,141,-76083,143,-387,1,75909
-99,-58,137,-76816,119,-396,1,77090
-64,-46,133,-77702,73,-403,1,77514
-24,-44,120,-78585,9,-426,0,78622
-10,-42,104,-79316,-18,-443,0,-78899
6,-36,82,-79816,-70,-457,0,79423
15,-36,53,-80065,-101,-483,0,80221
4,-36,26,-80080,-82,-568,0,80534
-1,-38,8,-79940,-57,-647,0,-80595
-21,-39,-5,-79655,42,-567,0,-79119
-46,-36,-12,-79266,125,-454,1,-78880
-66,-38,-1,-78837,170,-404,1,-78507
-91,-35,26,-78377,203,-354,1,78819
-120,-45,41,-77954,217,-351,1,78199
-135,-59,58,-77655,215,-359,1,77410
-139,-63,80,-77589,212,-363,1,77389
-144,-62,108,-77830,195,-360,1,78204
-114,-58,141,-78429,128,-376,1,78701
-78,-57,154,-79280,87,-389,1,78992
-54,-52,145,-80202,53,-408,1,79999
-29,-47,126,-81124,14,-425,1,81162
-11,-44,107,-81924,-17,-432,0,-82421
6,-40,88,-82520,-60,-444,0,82860
9,-37,68,-82889,-83,-471,0,82471
11,-34,49,-83047,-111,-491,0,83451
11,-36,26,-83009,-127,-553,0,83494
-2,-36,9,-82770,-43,-629,0,-82215
-20,-38,-3,-82364,32,-565,0,-82842
-32,-39,-8,-81890,93,-504,1,-81527
-60,-38,5,-81313,159,-406,1,81074
-97,-30,33,-80688,216,-332,1,80611
-133,-46,47,-80141,226,-339,1,79929
-128,-56,62,-79830,209,-359,1,79383
-136,-70,97,-79767,183,-365,1,79597
-135,-68,140,-80016,145,-378,1,80173
-110,-65,161,-80580,119,-383,1,80709
-77,-59,155,-81295,95,-400,1,81072
-81,-47,140,-82061,98,-396,1,82324
-52,-35,129,-82969,48,-403,1,83241
-9,-33,114,-83846,-22,-409,0,-83537
0,-30,95,-84507,-45,-432,0,84953
9,-29,68,-84938,-74,-438,0,84582
13,-31,42,-85160,-116,-497,0,85279
2,-33,18,-85136,-75,-590,0,85690
-11,-37,0,-84930,6,-623,0,84357
-17,-41,-12,-84629,15,-567,0,-84125
-31,-45,-14,-84223,59,-507,1,-84228
-59,-45,4,-83685,143,-426,1,83923
-91,-41,26,-83048,209,-367,1,83379
-144,-57,40,-82409,236,-357,1,82172
-158,-69,59,-82071,219,-383,1,82386
-144,-81,88,-82125,191,-387,1,82293
-121,-79,125,-82547,147,-396,1,82722
-93,-79,140,-83182,114,-412,1,83353
-88,-64,148,-83914,97,-405,1,83651
-58,-49,136,-84763,64,-415,1,84550
-28,-46,112,-85600,20,-437,1,85946
-13,-42,98,-86307,-14,-445,0,-86231
6,-39,79,-86846,-70,-464,0,86746
18,-40,55,-87174,-119,-492,0,87320
13,-36,34,-87273,-114,-518,0,87698
2,-39,6,-87201,-73,-653,0,87620
-1,-38,-7,-87000,-51,-638,0,86457
-22,-43,-19,-86665,43,-536,0,-86172
-33,-42,-10,-86228,76,-490,1,-86390
-70,-34,21,-85662,179,-375,1,85802
-111,-43,40,-85065,202,-352,1,85426
-127,-62,58,-84607,194,-367,1,84904
-136,-76,81,-84363,189,-380,1,84178
-121,-85,105,-84422,152,-410,1,84098
-113,-86,124,-84772,135,-413,1,84578
-100,-72,143,-85386,119,-401,1,85190
-60,-66,145,-86195,63,-419,1,86471
-47,-59,131,-87014,42,-426,1,86770
-19,-51,119,-87804,-8,-442,0,-87825
3,-42,103,-88421,-50,-444,0,88225
7,-34,78,-88818,-62,-441,0,88862
2,-32,54,-89031,-61,-476,0,88584
0,-27,33,-89103,-52,-508,0,89599
-4,-34,7,-89083,-30,-641,0,-88385
-3,-38,-8,-88946,-46,-629,0,88330
-9,-42,-12,-88664,-17,-586,0,88102
-21,-46,3,-88236,39,-550,0,88721
-58,-52,33,-87630,125,-425,1,87984
-114,-51,60,-86849,189,-365,1,86765
-141,-83,65,-86213,186,-398,1,86383
-135,-94,74,-85903,178,-422,1,85515
-127,-96,78,-85932,175,-432,1,85703
-122,-83,98,-86292,166,-417,1,86111
-102,-76,115,-86956,128,-422,1,86736
-77,-66,129,-87866,91,-419,1,87631
-39,-55,127,-88832,33,-427,1,88856
-15,-46,110,-89653,-4,-428,0,-90068
14,-39,89,-90317,-80,-445,0,90444
31,-35,69,-90719,-137,-450,1,90988
26,-34,51,-90861,-146,-469,1,91042
18,-37,30,-90815,-148,-528,0,90120
8,-43,16,-90615,-96,-597,0,91085
-10,-45,10,-90269,-39,-606,0,-90827
-27,-51,3,-89838,37,-549,1,89284
-53,-52,11,-89291,111,-458,1,89443
-89,-44,36,-88673,177,-376,1,89074
-122,-53,42,-88104,214,-369,1,88549
-146,-64,50,-87705,232,-370,1,87966
-136,-72,71,-87614,210,-385,1,88043
-120,-80,96,-87841,165,-409,1,87622
-105,-71,136,-88339,125,-394,1,88131
-78,-66,157,-89133,80,-399,1,89440
-46,-63,152,-90034,34,-415,1,89733
-30,-53,135,-90889,16,-426,1,90652
-11,-43,114,-91598,-19,-433,0,-91200
5,-40,90,-92145,-60,-451,0,91763
15,-34,71,-92466,-97,-456,0,92413
14,-32,50,-92575,-112,-480,0,92175
11,-34,27,-92497,-122,-542,0,92935
-4,-36,10,-92229,-34,-626,0,-92733
-21,-37,-1,-91832,60,-562,0,-91273
-37,-38,-5,-91314,106,-483,1,-91456
-60,-36,10,-90687,167,-407,1,90910
-99,-32,30,-89969,217,-349,1,89749
-135,-49,33,-89302,231,-357,1,89538
-153,-59,48,-88834,234,-358,1,88607
-156,-72,80,-88697,211,-369,1,88916
-140,-79,119,-88962,167,-381,1,88811
-110,-77,156,-89551,118,-392,1,89217
-88,-67,167,-90336,84,-402,1,90539
-61,-50,150,-91277,58,-413,1,91570
-29,-38,123,-92178,16,-424,1,92647
-10,-33,97,-92959,-20,-438,0,-92915
4,-30,72,-93527,-63,-454,0,93438
11,-32,43,-93874,-93,-488,0,94007
8,-36,22,-94004,-107,-576,0,93529
5,-38,10,-93924,-101,-627,0,93405
-1,-42,1,-93663,-63,-671,0,-94037
-15,-48,-7,-93232,-7,-591,0,93762
-45,-38,2,-92608,125,-451,1,92168
-95,-28,15,-91921,226,-350,1,91878
-124,-37,13,-91315,245,-344,1,91457
-139,-39,20,-90865,266,-332,1,90634
-158,-43,50,-90639,264,-304,1,90799
-154,-46,106,-90769,201,-322,1,91077
-135,-55,152,-91233,156,-343,1,91521
-136,-46,172,-91919,141,-347,1,91868
-73,-32,174,-92915,51,-365,1,93015
-2,-39,150,-93928,-35,-404,0,-94182
0,-36,128,-94666,-32,-417,0,94423
-8,-28,109,-95151,-27,-417,0,-94824
0,-24,82,-95472,-56,-429,0,95539
1,-27,51,-95592,-67,-472,0,95448
-7,-29,29,-95510,-12,-517,0,-96032
-17,-29,11,-95273,47,-558,0,95791
-27,-32,-4,-94938,87,-524,1,-94337
-42,-35,-12,-94501,125,-462,1,-94360
-70,-33,1,-93941,187,-378,1,94033
-106,-31,20,-93342,237,-347,1,93514
-139,-52,23,-92774,244,-360,1,93019
-159,-60,43,-92390,249,-357,1,92661
-162,-67,67,-92356,231,-361,1,92655
-143,-57,109,-92727,190,-351,1,92942
-119,-50,148,-93412,137,-354,1,93659
-86,-49,165,-94364,81,-368,1,94566
-36,-48,155,-95361,11,-399,1,95633
-12,-44,132,-96236,-20,-419,0,-95997
-6,-35,112,-96883,-37,-424,0,-97189
5,-25,90,-97338,-70,-424,0,97694
12,-24,60,-97572,-104,-449,0,97441
11,-27,31,-97590,-122,-514,0,98113
-2,-28,14,-97376,-58,-607,0,-97839
-15,-31,-2,-96999,37,-589,0,-96413
-27,-39,-15,-96503,57,-523,1,-97013
-47,-36,-6,-95936,153,-450,1,-96237
-80,-25,18,-95277,214,-346,1,95717
-111,-32,26,-94623,237,-337,1,94283
-151,-40,46,-94072,241,-325,1,93790
-168,-53,86,-93830,213,-334,1,94171
-155,-67,122,-93987,181,-355,1,93780
-133,-70,148,-94492,149,-369,1,94376
-103,-63,163,-95288,104,-385,1,95527
-77,-40,167,-96286,73,-376,1,96748
-34,-29,143,-97337,13,-391,1,97538
-6,-25,115,-98261,-33,-405,0,-97805
5,-22,91,-98911,-55,-400,0,99246
8,-20,66,-99282,-77,-427,0,98924
6,-23,40,-99418,-83,-474,0,99816
3,-29,22,-99366,-78,-555,0,99913
-2,-33,7,-99133,-38,-638,0,-98625
-21,-33,-4,-98716,74,-549,0,-99265
-30,-34,-7,-98190,99,-494,1,-97851
-58,-30,2,-97501,197,-396,1,97719
-104,-28,24,-96728,234,-333,1,96278
-134,-35,41,-96033,239,-329,1,95754
-168,-52,57,-95516,249,-335,1,95234
-170,-70,100,-95378,200,-353,1,95666
-128,-80,146,-95683,137,-382,1,95383
-123,-74,152,-96213,134,-395,1,95856
-106,-52,136,-96985,118,-395,1,97269
-79,-36,120,-97901,98,-397,1,98196
-52,-25,115,-98795,58,-385,1,98315
-23,-20,100,-99594,5,-404,0,99580
0,-18,76,-100175,-42,-404,0,100011
6,-25,39,-100528,-80,-488,0,100668
8,-34,9,-100658,-113,-622,0,101134
3,-32,0,-100572,-95,-666,0,100866
0,-39,-8,-100309,-76,-630,0,-99786
-15,-38,-3,-99849,23,-568,0,-99332
-58,-32,23,-99224,171,-406,1,98971
-87,-34,40,-98569,187,-373,1,98459
-120,-44,49,-97932,210,-366,1,98138
-152,-55,63,-97424,217,-367,1,97701
-155,-66,78,-97214,205,-379,1,96924
-149,-69,103,-97370,193,-371,1,97630
-137,-60,135,-97877,158,-369,1,98189
-97,-54,151,-98673,100,-385,1,98389
-66,-46,146,-99626,62,-400,1,99429
-41,-38,131,-100550,23,-411,1,100805
-12,-36,114,-101393,-38,-437,0,-101850
7,-25,97,-101957,-66,-407,0,102383
8,-24,63,-102278,-83,-447,0,101963
12,-29,31,-102418,-123,-521,0,103022
8,-35,2,-102374,-115,-646,0,101688
-2,-34,-13,-102140,-44,-598,0,101547
-17,-26,-11,-101753,61,-518,0,-102210
-31,-29,2,-101277,126,-463,1,100911
-52,-29,28,-100688,154,-384,1,100506
-92,-34,46,-99988,193,-349,1,100185
-140,-49,53,-99300,222,-348,1,99051
-168,-68,66,-98856,222,-357,1,99128
-163,-72,109,-98859,191,-358,1,99195
-122,-76,145,-99323,134,-381,1,98976
-98,-70,161,-100033,115,-390,1,100272
-81,-51,158,-100882,80,-396,1,101173
-47,-38,141,-101825,36,-404,1,101618
-22,-29,118,-102657,3,-400,0,102641
-6,-25,92,-103322,-33,-423,0,-103005
10,-24,66,-103768,-81,-429,0,103670
13,-29,39,-103984,-116,-496,0,104327
10,-33,17,-103978,-121,-580,0,103467
4,-35,0,-103778,-81,-661,0,104321
-13,-37,-10,-103404,22,-578,0,-102816
-36,-38,-6,-102918,107,-481,1,-103311
-61,-30,17,-102349,184,-380,1,101948
-90,-30,38,-101749,198,-345,1,101515
-108,-46,56,-101170,190,-357,1,101014
-126,-59,75,-100672,195,-369,1,100483
-155,-69,88,-100368,209,-372,1,100648
-158,-73,115,-100435,186,-376,1,100666
-139,-67,154,-100889,143,-376,1,101297
-101,-55,162,-101685,103,-389,1,101412
-65,-39,140,-102625,69,-398,1,102849
-38,-31,111,-103562,38,-400,1,103799
-14,-26,90,-104413,-8,-432,0,-103993
2,-26,67,-105054,-52,-443,0,105358
10,-29,40,-105463,-99,-498,0,105049
15,-35,20,-105642,-133,-555,0,106044
14,-39,9,-105574,-130,-598,0,106130
4,-43,3,-105265,-74,-654,0,104923
-14,-38,2,-104753,27,-592,0,105292
-50,-34,3,-104050,163,-431,1,104300
-87,-29,13,-103295,223,-355,1,103047
-120,-33,23,-102608,240,-337,1,102700
-149,-47,43,-102065,237,-353,1,102319
-165,-55,81,-101825,211,-354,1,101554
-145,-64,125,-102011,158,-355,1,102231
-108,-66,151,-102542,113,-378,1,102715
-94,-58,157,-103251,101,-387,1,102991
-66,-44,154,-104090,57,-389,1,104407
-35,-36,139,-104968,13,-406,1,105238
-21,-28,121,-105699,-3,-410,0,-105742
-16,-19,101,-106246,-14,-409,0,-106219
5,-19,70,-106660,-66,-415,0,106799
12,-29,39,-106884,-111,-505,0,106528
3,-31,16,-106891,-79,-601,0,107411
-3,-38,-3,-106764,-36,-664,0,107416
-11,-42,-19,-106524,-1,-573,0,107028
-20,-44,-21,-106193,33,-532,0,-105677
-35,-38,0,-105764,105,-467,1,105628
-66,-26,32,-105195,184,-346,1,105328
-109,-32,41,-104554,228,-310,1,104929
-140,-41,68,-104011,220,-325,1,104246
-158,-60,94,-103729,206,-344,1,103506
-151,-68,130,-103822,173,-355,1,103446
-132,-69,157,-104271,143,-371,1,104170
-107,-59,169,-105025,102,-382,1,105377
-65,-48,161,-106002,57,-398,1,106344
-43,-38,145,-106958,30,-397,1,106690
-29,-28,122,-107835,8,-411,1,107734
-7,-23,93,-108522,-30,-421,0,-108064
5,-18,62,-108970,-64,-427,0,108564
3,-19,27,-109209,-66,-485,0,109365
2,-27,0,-109281,-79,-684,0,108575
6,-30,-9,-109182,-100,-606,0,-108627
0,-36,-15,-108866,-70,-577,0,-109420
-12,-28,-3,-108308,40,-567,0,-107806
-50,-31,9,-107616,168,-409,1,107850
-84,-26,46,-106821,180,-334,1,106714
-121,-41,65,-106071,195,-342,1,106450
-156,-55,68,-105441,223,-349,1,105097
-177,-64,91,-105142,213,-350,1,105450
-147,-66,122,-105366,166,-365,1,105205
-121,-63,141,-105931,139,-378,1,105712
-104,-51,153,-106738,110,-382,1,106797
-64,-40,149,-107681,55,-398,1,107924
-41,-33,130,-108592,33,-410,1,108830
-27,-23,106,-109347,14,-412,1,109266
-8,-23,77,-109967,-23,-432,0,-109674
4,-26,52,-110404,-71,-482,0,110287
11,-33,30,-110658,-106,-525,0,111123
17,-37,13,-110719,-161,-580,0,111271
6,-38,-1,-110533,-101,-656,0,-109839
-14,-37,-13,-110139,15,-565,0,-109607
-37,-33,-14,-109622,113,-462,1,-109956
-63,-28,3,-108999,200,-377,1,108627
-97,-27,23,-108318,231,-333,1,108248
-129,-40,42,-107683,231,-334,1,107910
-161,-60,76,-107215,215,-346,1,107412
-156,-73,106,-107089,188,-368,1,107321
-149,-83,117,-107307,170,-397,1,107196
-137,-66,141,-107882,155,-378,1,107724
-96,-50,150,-108757,102,-386,1,109000
-63,-41,145,-109787,59,-397,1,110057
-35,-31,135,-110735,15,-394,1,111024
-4,-27,107,-111525,-39,-424,0,-111190
5,-26,68,-112052,-65,-454,0,111724
8,-29,32,-112360,-98,-526,0,111805
13,-31,6,-112459,-151,-608,0,112020
2,-34,-10,-112338,-75,-629,0,-111816
-8,-34,-17,-112048,-17,-564,0,112568
-21,-36,-17,-111645,43,-514,0,-112148
-43,-31,1,-111100,150,-428,1,110832
-74,-25,29,-110458,201,-346,1,110246
-137,-33,31,-109793,262,-327,1,109588
-157,-53,41,-109283,240,-341,1,109508
-137,-60,72,-109081,210,-339,1,109408
-140,-68,104,-109126,185,-362,1,109366
-118,-69,136,-109487,138,-378,1,109287
-108,-73,159,-110062,116,-393,1,109742
-101,-53,173,-110765,87,-391,1,110979
-60,-40,149,-111573,48,-398,1,111331
-43,-30,119,-112320,33,-415,1,112451
-33,-20,93,-112922,32,-399,1,112858
-19,-17,60,-113415,13,-429,0,113307
-10,-23,26,-113755,17,-507,0,114102
-2,-31,-2,-113959,-48,-688,0,114618
-3,-35,-19,-113965,-48,-577,0,114547
-9,-38,-28,-113788,-24,-525,0,114260
-14,-34,-24,-113437,8,-499,0,-113376
-46,-22,-3,-112843,197,-370,1,-112968
-84,-20,12,-112129,254,-330,1,112632
-118,-36,35,-111383,237,-335,1,111299
-166,-54,63,-110710,243,-344,1,110973
-198,-79,87,-110335,228,-360,1,110498
-179,-84,114,-110491,195,-373,1,110269
-141,-69,131,-111125,163,-377,1,111495
-108,-49,132,-112061,133,-377,1,111773
-73,-38,121,-113094,88,-387,1,112648
-41,-32,111,-114102,38,-400,1,113735
-13,-30,95,-114928,-10,-410,0,-114996
0,-31,79,-115523,-44,-437,0,115342
5,-29,63,-115874,-71,-449,0,115971
9,-30,44,-116014,-94,-486,0,115887
3,-32,24,-115941,-86,-564,0,116356
-6,-39,4,-115707,-31,-655,0,-115024
-12,-43,-9,-115335,-13,-605,0,114941
-26,-39,-12,-114805,60,-518,1,-115323
-64,-34,-2,-114045,185,-390,1,-113757
-111,-14,25,-113164,261,-303,1,113241
-152,-38,29,-112394,255,-333,1,112150
-165,-55,59,-111870,232,-346,1,112102
-171,-72,89,-111727,207,-367,1,111992
-156,-74,122,-112009,173,-376,1,111865
-121,-61,151,-112663,120,-384,1,113089
-80,-51,152,-113568,79,-396,1,113341
-51,-41,142,-114504,41,-397,1,114293
-25,-33,122,-115371,4,-414,1,115570
-10,-30,94,-116061,-23,-431,0,-115885
0,-29,67,-116498,-45,-456,0,116391
-1,-31,42,-116716,-45,-503,0,-116232
-7,-33,22,-116750,-17,-570,0,-117271
-8,-35,4,-116632,-10,-640,0,-116163
-20,-40,-12,-116347,40,-566,0,-115803
-35,-41,-23,-115929,82,-489,1,-116094
-54,-43,-18,-115409,132,-441,1,-115682
-78,-31,3,-114790,222,-366,1,115077
-112,-32,15,-114136,260,-339,1,114173
-150,-44,25,-113559,271,-336,1,113522
-167,-55,63,-113264,230,-357,1,113473
-162,-72,104,-113358,194,-361,1,113642
-164,-68,133,-113804,193,-349,1,114032
-133,-44,152,-114613,139,-355,1,114281
-76,-36,138,-115668,78,-378,1,115205
-44,-35,121,-116741,38,-400,1,117214
-20,-25,111,-117639,-4,-402,0,-117363
-1,-24,89,-118336,-46,-419,0,-118781
14,-23,61,-118774,-97,-445,0,118286
15,-31,30,-118969,-120,-519,0,119492
12,-35,10,-118929,-133,-607,0,119404
5,-41,-5,-118668,-85,-648,0,-118132
-5,-38,-12,-118177,-26,-605,0,118733
-37,-28,-11,-117486,143,-449,1,-117653
-79,-23,0,-116671,230,-356,1,116320
-109,-20,20,-115853,248,-323,1,116062
-138,-36,24,-115115,256,-320,1,114980
-167,-48,36,-114536,266,-336,1,114572
-184,-56,63,-114275,245,-339,1,114553
-170,-55,100,-114467,204,-344,1,114241
-137,-52,131,-115058,153,-358,1,114870
-99,-46,146,-115881,101,-374,1,116070
-66,-42,136,-116801,65,-398,1,117103
-54,-39,120,-117640,58,-412,1,117326
-39,-32,104,-118374,35,-419,1,118710
-23,-35,79,-118975,10,-452,0,119054
-14,-37,59,-119443,-7,-483,0,-119655
-5,-33,37,-119744,-33,-521,0,-119189
-5,-34,14,-119884,-29,-613,0,-120347
-4,-33,-5,-119852,-39,-653,0,120484
-16,-36,-24,-119646,7,-530,0,-119155
-17,-39,-31,-119275,-1,-493,0,118828
-39,-36,-13,-118738,115,-446,1,-118294
-85,-26,28,-118042,211,-335,1,117974
-110,-39,42,-117389,210,-348,1,117607
-146,-53,55,-116819,226,-366,1,117068
-166,-65,83,-116536,207,-358,1,116264
-145,-75,118,-116702,158,-374,1,116377
-116,-65,153,-117245,114,-374,1,116818
-77,-54,166,-118035,62,-386,1,117873
-36,-49,153,-118913,13,-403,1,119190
-17,-44,131,-119707,-20,-423,0,-119446
2,-36,118,-120318,-57,-427,0,119866
11,-33,99,-120742,-82,-439,0,120328
15,-31,73,-120963,-103,-458,0,121207
12,-30,44,-120987,-102,-484,0,121123
0,-37,10,-120858,-66,-652,0,121599
-14,-36,-7,-120604,17,-598,0,-120182
-34,-37,-12,-120313,98,-499,1,-119910
-42,-46,-12,-120071,101,-483,1,-119950
-52,-46,6,-119847,136,-447,1,120075
-68,-45,35,-119611,157,-392,1,119407
-92,-55,71,-119391,153,-369,1,119710
-104,-71,97,-119261,150,-381,1,118901
-109,-87,121,-119302,140,-396,1,119618
-88,-91,141,-119614,97,-421,1,119419
-60,-82,159,-120169,67,-417,1,119933
-34,-74,158,-120844,30,-430,1,121165
-14,-64,147,-121555,-5,-430,0,-121817
9,-55,132,-122204,-53,-446,0,121963
21,-48,110,-122681,-86,-455,0,122621
20,-39,89,-122958,-95,-441,0,123330
18,-37,63,-123066,-116,-479,0,123167
8,-38,40,-123022,-105,-528,0,123629
4,-37,23,-122828,-96,-572,0,122266
-22,-38,6,-122462,35,-574,0,121975
-41,-48,-7,-122091,98,-514,1,-122508
-43,-51,-3,-121752,103,-505,1,-121362
-69,-51,14,-121391,152,-428,1,121702
-88,-49,31,-121056,183,-393,1,121243
-110,-57,37,-120766,211,-382,1,120416
-127,-65,52,-120607,216,-377,1,120503
-109,-70,89,-120692,163,-398,1,120366
-97,-80,130,-120968,138,-391,1,121125
-95,-83,159,-121403,113,-397,1,121687
-49,-78,170,-122027,45,-416,1,122316
-42,-72,156,-122671,49,-434,1,122463
-31,-54,133,-123314,14,-439,1,123044
-1,-47,100,-123931,-40,-463,0,-124348
-4,-42,76,-124358,-39,-490,0,-124015
-5,-39,53,-124632,-38,-503,0,-124690
-1,-39,31,-124782,-42,-546,0,-124255
-1,-38,11,-124794,-43,-627,0,-124174
-11,-43,-8,-124634,-10,-619,0,124063
-29,-41,-13,-124339,82,-521,1,-124884
-48,-39,-11,-123965,134,-451,1,-124281
-68,-41,6,-123522,166,-393,1,123841
-81,-41,19,-123069,200,-382,1,123233
-123,-48,34,-122591,230,-355,1,122670
-137,-58,67,-122284,207,-357,1,122097
-147,-77,104,-122259,180,-371,1,122081
-129,-80,148,-122589,134,-379,1,122744
-89,-75,169,-123242,79,-400,1,122897
-39,-66,170,-124124,20,-418,1,124320
0,-60,153,-124940,-34,-433,0,125242
2,-47,136,-125564,-44,-435,0,125764
4,-36,111,-125997,-58,-440,0,126440
8,-29,74,-126262,-68,-441,0,126098
0,-32,34,-126365,-55,-537,0,126861
-2,-30,11,-126330,-33,-615,0,-126763
-17,-32,-9,-126158,49,-575,0,-126664
-34,-36,-25,-125917,84,-484,1,-125555
-37,-34,-28,-125645,99,-447,1,-125709
-56,-34,-14,-125290,173,-403,1,-125007
-73,-34,9,-124880,213,-370,1,124424
-100,-35,42,-124430,221,-336,1,124919
-139,-50,60,-124002,231,-342,1,124247
-151,-61,95,-123801,205,-347,1,123641
-149,-74,132,-123950,164,-374,1,124326
-131,-65,164,-124491,135,-360,1,124879
-73,-58,178,-125346,61,-382,1,124961
-35,-54,162,-126311,16,-410,1,126041
-17,-44,141,-127180,-19,-422,0,-127433
0,-36,119,-127889,-47,-416,0,127607
13,-27,93,-128388,-102,-448,0,128017
10,-26,55,-128640,-95,-451,0,128965
9,-28,22,-128714,-133,-556,0,128096
-1,-30,-3,-128608,-64,-679,0,128219
-18,-33,-20,-128359,28,-526,0,-128856
-32,-36,-21,-128058,78,-475,1,-128391
-50,-33,-2,-127711,161,-419,1,-127951
-71,-35,25,-127339,174,-356,1,127193
-88,-44,45,-126979,183,-382,1,127386
-109,-55,74,-126628,174,-377,1,126822
-123,-80,103,-126415,164,-382,1,126022
-130,-91,136,-126433,149,-391,1,126115
-126,-86,160,-126781,133,-393,1,126650
-82,-72,168,-127514,81,-404,1,127846
-30,-64,162,-128459,16,-431,1,128247
-7,-55,148,-129330,-21,-423,0,-129062
4,-41,125,-130062,-49,-436,0,130525
15,-33,94,-130602,-78,-430,0,131002
20,-28,61,-130954,-119,-464,0,130560
17,-33,24,-131126,-151,-551,0,131758
17,-35,0,-131138,-168,-604,0,131724
6,-35,-18,-130967,-112,-580,0,-130446
-13,-37,-30,-130678,9,-509,0,-131000
-31,-36,-22,-130331,79,-466,1,-130224
-54,-33,5,-129971,182,-416,1,129672
-73,-42,39,-129624,162,-391,1,129846
-95,-51,75,-129296,152,-356,1,129232
-123,-67,95,-129030,169,-368,1,129447
-120,-90,120,-129010,148,-384,1,128591
-98,-102,140,-129280,112,-422,1,129441
-84,-90,158,-129776,95,-418,1,129926
-53,-74,161,-130493,52,-424,1,130288
-17,-63,146,-131311,4,-438,0,131553
-2,-54,122,-132037,-25,-450,0,-131666
11,-44,102,-132631,-62,-451,0,133037
25,-37,82,-133067,-105,-442,1,132727
30,-35,55,-133326,-151,-477,1,133519
26,-38,28,-133396,-177,-533,1,134039
20,-44,9,-133293,-169,-594,0,133729
7,-42,1,-133007,-112,-651,0,132422
-23,-42,-9,-132619,40,-552,0,-132145
-47,-43,-1,-132210,119,-461,1,-132558
-75,-39,19,-131834,176,-387,1,132023
-85,-49,35,-131528,175,-400,1,131235
-105,-53,60,-131244,186,-364,1,131353
-127,-73,84,-131074,180,-376,1,131491
-105,-88,109,-131163,134,-417,1,131373
-112,-92,135,-131422,148,-402,1,131304
-104,-78,158,-131953,119,-398,1,131645
-57,-67,165,-132758,51,-409,1,133090
-29,-59,150,-133669,21,-428,1,133929
-8,-49,127,-134481,-18,-440,0,-134333
8,-40,104,-135168,-59,-446,0,134717
22,-37,78,-135665,-108,-462,0,135208
25,-37,50,-135964,-138,-481,1,135806
24,-39,25,-136060,-162,-533,0,135659
13,-41,5,-135955,-141,-622,0,135633
5,-38,-9,-135684,-93,-620,0,-135199
-15,-40,-21,-135285,16,-537,0,-135748
-39,-34,-4,-134804,126,-445,1,-134999
-70,-27,33,-134333,173,-349,1,134448
-96,-44,54,-133884,170,-353,1,134000
-129,-49,80,-133476,188,-343,1,133226
-134,-85,96,-133315,163,-391,1,133461
-106,-103,123,-133460,123,-421,1,133371
