-10,99,9,-646,1,2,0,743
-10,99,9,-702,0,2,0,734
-11,99,9,-758,2,2,0,663
-20,103,8,-816,20,-13,0,-842
-71,127,25,-940,79,-89,1,-928
-93,153,34,-1340,78,-114,1,-1505
-119,163,40,-2095,104,-133,1,-2109
-144,188,67,-3248,62,-172,1,-3146
-91,155,90,-4533,32,-185,1,-4533
-52,126,98,-5791,2,-202,1,-5754
-16,101,93,-7102,-39,-209,0,7038
6,75,77,-8234,-80,-220,0,-8384
7,53,71,-8994,-93,-252,0,-9202
19,30,51,-9410,-136,-279,0,-9581
-1,1,18,-9505,-46,-363,0,9334
-3,-5,-1,-9383,80,-564,0,-9922
-11,-17,-16,-9187,61,-503,0,-8767
-21,-29,-14,-8964,75,-524,0,-8517
-38,-36,-9,-8828,150,-495,1,-8975
-45,-63,-6,-8712,108,-514,1,-8319
-66,-73,25,-8533,144,-468,1,8196
-81,-87,54,-8311,145,-451,1,8470
-97,-106,77,-8139,153,-452,1,7895
-94,-113,97,-8145,142,-460,1,7898
-83,-112,114,-8365,127,-462,1,8530
-79,-99,130,-8798,114,-446,1,9023
-47,-77,144,-9434,58,-433,1,9634
-22,-72,137,-10212,21,-448,0,9872
11,-60,128,-10953,-41,-446,0,11247
29,-49,108,-11541,-86,-448,1,11452
36,-44,79,-11944,-122,-452,1,12126
35,-40,53,-12157,-158,-479,1,11789
20,-41,34,-12194,-145,-535,0,11579
6,-38,16,-12097,-91,-595,0,11641
-13,-43,1,-11891,10,-614,0,11320
-27,-48,-1,-11657,71,-557,1,-12246
-33,-55,2,-11435,80,-546,1,11980
-48,-72,13,-11205,85,-508,1,10764
-64,-74,40,-10955,115,-463,1,11050
-92,-98,43,-10631,148,-463,1,10446
-119,-90,60,-10392,182,-440,1,10630
-112,-98,81,-10415,170,-438,1,10733
-94,-94,113,-10721,139,-433,1,10409
-63,-90,136,-11283,89,-438,1,11538
-25,-86,154,-11978,20,-440,1,12222
1,-74,162,-12631,-17,-434,0,12319
13,-60,151,-13195,-40,-449,0,13006
23,-49,122,-13662,-72,-450,0,13444
24,-40,85,-13995,-92,-450,0,14168
16,-33,50,-14176,-106,-490,0,14047
4,-30,14,-14229,-77,-610,0,13740
-5,-40,-14,-14213,-29,-620,0,13791
-7,-48,-21,-14132,-35,-583,0,13672
-4,-52,-14,-13971,-63,-598,0,13510
-19,-59,1,-13750,3,-581,0,14297
-46,-56,31,-13441,93,-463,1,13589
-88,-62,48,-13140,158,-410,1,12813
-97,-74,53,-12939,169,-421,1,13208
-110,-92,61,-12862,169,-444,1,13095
-108,-102,87,-12962,161,-434,1,13291
-92,-97,120,-13292,149,-423,1,12952
-74,-94,140,-13832,106,-438,1,14147
-50,-83,151,-14516,71,-435,1,14769
-29,-67,153,-15270,38,-429,1,15083
1,-48,140,-15997,-14,-424,0,16246
24,-43,112,-16652,-69,-440,0,16568
45,-41,86,-17163,-134,-437,1,17003
47,-36,66,-17439,-166,-449,1,17718
26,-38,45,-17483,-143,-492,1,17726
19,-40,27,-17394,-148,-543,0,16721
3,-47,6,-17187,-82,-655,0,16852
-25,-50,-6,-16837,45,-564,1,-17398
-55,-48,-14,-16438,134,-464,1,-16748
-91,-56,-15,-16018,187,-426,1,-16356
-118,-53,19,-15676,231,-373,1,15609
-122,-65,51,-15607,205,-383,1,15692
-104,-78,84,-15759,166,-405,1,15553
-105,-90,106,-16012,163,-417,1,16336
-95,-88,136,-16432,131,-414,1,16819
-55,-84,161,-17063,69,-424,1,17283
-29,-78,166,-17761,28,-429,1,17444
-12,-61,155,-18463,6,-431,0,18712
10,-48,128,-19126,-37,-449,0,19446
33,-41,100,-19674,-97,-433,1,19815
39,-37,72,-20035,-141,-457,1,20302
26,-35,44,-20174,-142,-492,1,20412
14,-37,21,-20177,-125,-563,0,19619
6,-39,5,-20037,-93,-643,0,19645
-16,-40,-3,-19708,30,-588,0,-20103
-36,-38,-10,-19290,102,-485,1,-19160
-65,-47,-9,-18845,163,-432,1,-18678
-93,-45,25,-18421,199,-375,1,17967
-108,-57,55,-18127,186,-382,1,18286
-124,-93,63,-17942,180,-433,1,18186
-136,-111,88,-17921,183,-430,1,18344
-140,-99,130,-18205,169,-410,1,17988
-105,-75,163,-18871,128,-399,1,18490
-47,-65,162,-19721,51,-416,1,19563
-14,-55,146,-20561,15,-429,0,20824
12,-47,128,-21283,-43,-433,0,21016
35,-41,105,-21850,-99,-438,1,21743
31,-37,76,-22201,-118,-454,1,22396
25,-35,47,-22382,-137,-491,1,22040
16,-40,21,-22414,-124,-572,0,21997
-5,-38,4,-22270,-10,-648,0,-21589
-23,-37,-9,-21970,77,-550,0,-22402
-42,-38,-29,-21558,112,-461,1,-21915
-82,-38,-27,-21064,205,-404,1,-21365
-114,-48,-8,-20615,237,-395,1,-20924
-127,-67,14,-20326,231,-398,1,20030
-136,-82,43,-20197,220,-401,1,20310
-140,-90,89,-20329,192,-397,1,20140
-107,-94,136,-20812,118,-404,1,20498
-46,-84,175,-21557,31,-414,1,21860
-8,-85,164,-22355,-11,-440,0,-22043
14,-71,139,-23081,-51,-454,0,23326
30,-56,120,-23653,-95,-451,1,23978
45,-40,99,-24047,-133,-429,1,23724
38,-31,65,-24211,-161,-447,1,24566
16,-28,35,-24156,-133,-495,0,24347
-3,-31,12,-23999,-21,-607,0,-24551
-19,-37,-5,-23781,55,-575,0,-24286
-41,-40,-18,-23483,124,-480,1,-23045
-57,-42,-18,-23134,159,-435,1,-23412
-78,-51,-1,-22801,196,-428,1,-22532
-98,-58,37,-22499,200,-387,1,22230
-124,-72,65,-22313,208,-385,1,22022
-124,-86,97,-22349,170,-409,1,22066
-105,-98,138,-22657,136,-410,1,22801
-76,-95,168,-23187,90,-417,1,23510
-42,-80,176,-23867,43,-424,1,23651
-12,-70,154,-24609,-2,-436,0,-24901
11,-54,132,-25326,-49,-454,0,25504
26,-42,105,-25862,-90,-446,1,25784
26,-33,77,-26201,-104,-437,1,26623
19,-28,48,-26349,-123,-472,0,26491
7,-29,25,-26318,-92,-541,0,25738
-3,-32,8,-26157,-29,-630,0,-25683
-20,-39,-3,-25900,53,-570,0,-26387
-35,-43,-5,-25572,94,-496,1,-25182
-56,-45,9,-25240,153,-439,1,25513
-71,-51,45,-24921,142,-398,1,24577
-84,-58,71,-24663,144,-389,1,24940
-113,-70,77,-24438,182,-389,1,24124
-129,-84,100,-24409,176,-396,1,24279
-115,-92,124,-24694,141,-422,1,24843
-97,-85,152,-25273,111,-416,1,25575
-54,-67,179,-26124,56,-411,1,26478
-19,-59,162,-26987,10,-422,0,26701
-3,-40,139,-27758,-16,-414,0,-27988
19,-29,109,-28412,-70,-429,0,28530
28,-26,79,-28857,-107,-423,1,28989
24,-29,51,-29122,-133,-472,0,28839
24,-30,33,-29194,-164,-495,0,29538
0,-33,7,-29052,-42,-642,0,29686
-14,-42,-17,-28803,5,-572,0,-29323
-16,-45,-24,-28503,22,-540,0,-28014
-54,-45,-17,-28128,141,-441,1,-27873
-86,-44,17,-27743,198,-376,1,28035
-110,-54,51,-27460,201,-385,1,27234
-126,-75,86,-27278,180,-381,1,27431
-121,-100,117,-27328,144,-426,1,27627
-108,-109,131,-27639,128,-443,1,27211
-95,-91,142,-28226,124,-430,1,28441
-66,-67,149,-29033,88,-419,1,28679
-38,-52,144,-29946,42,-413,1,30154
9,-38,137,-30880,-43,-416,0,31117
53,-34,112,-31608,-136,-425,1,31295
53,-30,82,-31987,-167,-444,1,32150
32,-27,54,-32042,-159,-454,1,31869
19,-30,29,-31919,-153,-515,0,32293
-2,-32,8,-31633,-45,-640,0,-31192
-24,-37,-11,-31226,62,-540,0,-31720
-45,-35,-14,-30816,137,-449,1,-30999
-77,-39,-3,-30401,193,-391,1,-30701
-100,-45,24,-30015,202,-349,1,29948
-118,-55,49,-29716,211,-365,1,30173
-130,-72,86,-29565,188,-374,1,29222
-126,-92,102,-29657,175,-408,1,29347
-127,-89,125,-30000,170,-403,1,29775
-111,-68,149,-30630,133,-394,1,30226
-73,-52,152,-31522,98,-393,1,31275
-36,-45,139,-32492,50,-411,1,32708
-3,-43,124,-33387,-15,-415,0,-33709
20,-39,109,-34132,-69,-431,0,34020
29,-38,88,-34637,-99,-436,1,34558
29,-34,66,-34920,-121,-449,1,35234
26,-37,37,-35003,-152,-512,1,35274
11,-40,13,-34875,-104,-600,0,35369
0,-38,-6,-34565,-47,-648,0,-34192
-24,-35,-26,-34069,81,-482,0,-33931
-77,-24,-18,-33546,221,-355,1,-33536
-73,-28,9,-33126,217,-355,1,32903
-97,-28,40,-32670,230,-325,1,32367
-135,-40,82,-32220,210,-325,1,31933
-138,-68,110,-32006,185,-365,1,31863
-140,-81,136,-32073,183,-374,1,31962
-128,-77,157,-32481,139,-392,1,32577
-88,-61,165,-33201,89,-399,1,32938
-59,-50,148,-34060,66,-413,1,33865
-40,-36,137,-34902,35,-401,1,35176
-12,-27,123,-35681,-18,-414,0,-35461
3,-24,96,-36248,-51,-427,0,35961
1,-23,63,-36588,-49,-452,0,36658
7,-32,24,-36735,-85,-568,0,36127
-10,-33,6,-36642,28,-625,0,36192
-35,-33,-7,-36430,129,-507,1,-36658
-26,-43,-23,-36238,49,-528,1,-36758
-39,-42,-23,-35920,110,-473,1,-36324
-73,-40,-11,-35445,202,-399,1,-35671
-92,-40,6,-34936,240,-385,1,35198
-118,-44,32,-34406,260,-349,1,34368
-154,-57,57,-34010,258,-352,1,33823
-160,-74,94,-33944,209,-368,1,34210
-145,-78,131,-34296,167,-379,1,33911
-127,-67,152,-34959,140,-382,1,35288
-93,-53,151,-35879,97,-392,1,36156
-46,-46,132,-36907,43,-409,1,37150
-21,-37,115,-37856,4,-422,0,37439
-8,-27,100,-38581,-17,-409,0,-38728
11,-24,74,-39131,-81,-438,0,39275
20,-28,43,-39435,-130,-484,0,39758
9,-29,20,-39494,-103,-553,0,38920
4,-32,3,-39361,-83,-666,0,39697
-11,-36,-9,-39048,22,-598,0,-39656
-30,-35,-12,-38588,96,-501,1,-38681
-51,-35,-9,-38077,164,-430,1,-38319
-83,-38,9,-37509,211,-374,1,37727
-119,-42,42,-36960,224,-362,1,37280
-145,-63,63,-36528,216,-376,1,36754
-157,-76,97,-36358,204,-365,1,36624
-147,-85,121,-36602,191,-374,1,36751
-126,-79,144,-37218,152,-391,1,37087
-92,-60,161,-38119,105,-392,1,38346
-60,-43,151,-39132,65,-393,1,39319
-31,-33,128,-40145,22,-408,1,40428
2,-30,106,-41016,-44,-421,0,41423
19,-29,81,-41627,-93,-438,0,41775
17,-29,55,-41985,-109,-467,0,42374
17,-30,29,-42144,-133,-519,0,42510
3,-34,7,-42128,-60,-645,0,42519
-11,-40,-5,-41956,4,-620,0,-41384
-10,-41,-8,-41678,-3,-598,0,41150
-27,-41,-5,-41269,80,-517,1,-41814
-58,-34,16,-40719,176,-398,1,40504
-87,-35,40,-40102,203,-356,1,40274
-126,-57,69,-39535,198,-360,1,39884
-151,-77,97,-39214,189,-390,1,39085
-152,-92,117,-39261,181,-396,1,39128
-120,-89,127,-39745,142,-419,1,39487
-96,-72,143,-40531,115,-409,1,40749
-68,-53,155,-41549,73,-400,1,41829
-17,-42,148,-42617,-2,-402,0,-42824
17,-36,130,-43568,-65,-421,0,43897
30,-32,104,-44193,-105,-428,1,44297
29,-24,77,-44519,-126,-430,1,44146
19,-25,49,-44604,-131,-462,0,44876
12,-31,20,-44526,-128,-565,0,44962
1,-35,6,-44284,-68,-658,0,44558
-19,-33,-3,-43883,58,-562,0,-43348
-51,-35,-14,-43375,156,-441,1,-43093
-78,-40,-8,-42878,195,-391,1,-42583
-93,-38,24,-42506,220,-373,1,42947
-105,-46,45,-42213,216,-356,1,42292
-132,-64,77,-41998,205,-359,1,42324
-125,-81,110,-42033,172,-387,1,42335
-124,-95,139,-42328,156,-400,1,42217
-113,-78,169,-42954,129,-393,1,42583
-70,-61,166,-43865,73,-403,1,43615
-37,-47,150,-44893,38,-412,1,44670
-8,-37,136,-45863,-18,-416,0,-45570
23,-33,112,-46682,-83,-429,0,47074
26,-31,82,-47198,-105,-444,1,47579
22,-30,55,-47474,-120,-458,0,47345
21,-33,31,-47541,-154,-517,0,47873
4,-32,12,-47384,-84,-614,0,47924
-21,-35,-5,-47125,62,-561,0,-47659
-25,-41,-11,-46845,56,-532,1,-46319
-37,-39,-3,-46502,116,-476,1,-46090
-76,-47,11,-46083,187,-420,1,46455
-103,-55,39,-45693,193,-378,1,46000
-124,-66,57,-45450,210,-374,1,45102
-122,-70,92,-45449,176,-388,1,45272
-98,-81,122,-45699,144,-395,1,46032
-97,-90,147,-46084,135,-408,1,46522
-98,-81,172,-46661,115,-407,1,46911
-64,-64,175,-47456,65,-409,1,47146
-32,-50,152,-48327,35,-422,1,48629
-10,-37,128,-49135,-7,-423,0,-48866
16,-26,104,-49813,-70,-420,0,49937
22,-23,71,-50260,-108,-435,0,50639
19,-27,40,-50476,-136,-485,0,50283
12,-31,16,-50496,-133,-574,0,51078
0,-33,1,-50355,-58,-687,0,50694
-11,-36,-11,-50108,-2,-583,0,49629
-25,-36,-14,-49759,33,-491,1,-50081
-44,-28,23,-49410,147,-407,1,49184
-78,-31,65,-49019,147,-331,1,48818
-123,-44,90,-48626,182,-332,1,48132
-145,-66,113,-48391,185,-358,1,48249
-116,-84,124,-48464,153,-402,1,48152
-103,-94,134,-48747,130,-429,1,49146
-104,-83,153,-49268,134,-416,1,49605
-81,-61,163,-50065,102,-407,1,49836
-54,-43,152,-50999,69,-406,1,50786
-19,-32,134,-51989,9,-408,0,51715
19,-30,111,-52863,-71,-421,0,53247
32,-27,86,-53502,-116,-428,1,53578
28,-27,59,-53859,-137,-452,1,54039
24,-32,34,-54000,-160,-501,0,54179
15,-31,17,-53939,-139,-552,0,53277
-1,-33,2,-53683,-55,-671,0,-54075
-24,-35,-13,-53316,78,-525,0,-53819
-50,-36,-12,-52883,148,-430,1,-53170
-80,-34,20,-52425,202,-360,1,52508
-99,-41,46,-52024,200,-351,1,51910
-127,-52,60,-51666,226,-330,1,51208
-145,-66,102,-51519,190,-372,1,51271
-126,-88,142,-51715,148,-391,1,52151
-110,-90,169,-52196,127,-402,1,51859
-89,-66,184,-52921,91,-396,1,53194
-55,-51,164,-53844,64,-409,1,54056
-28,-40,140,-54777,25,-406,1,54471
5,-28,122,-55660,-42,-413,0,55480
30,-24,95,-56338,-100,-406,1,56754
32,-22,64,-56734,-141,-433,1,56535
29,-25,38,-56875,-179,-467,1,57194
18,-29,23,-56791,-160,-524,0,57177
7,-32,20,-56529,-116,-557,0,56961
-7,-33,7,-56106,-17,-610,0,-55676
-56,-36,0,-55543,178,-439,1,55781
-95,-25,19,-54942,222,-343,1,55107
-122,-33,31,-54487,236,-334,1,54578
-144,-42,41,-54170,250,-334,1,53922
-156,-54,64,-54052,245,-339,1,53865
-146,-59,101,-54245,201,-364,1,53899
-132,-66,147,-54781,166,-357,1,54380
-110,-58,188,-55606,122,-360,1,55491
-65,-44,199,-56690,63,-373,1,56469
-19,-37,174,-57772,6,-395,0,57533
6,-28,147,-58729,-40,-403,0,58449
21,-19,116,-59421,-78,-405,0,59828
24,-15,81,-59832,-105,-410,0,59395
20,-17,49,-59977,-128,-433,0,60336
5,-19,29,-59910,-79,-472,0,60308
2,-21,16,-59685,-87,-550,0,60243
-12,-23,0,-59294,51,-572,0,58762
-54,-26,-6,-58738,202,-413,1,-58382
-91,-19,10,-58111,242,-335,1,58115
-128,-33,23,-57528,245,-335,1,57671
-146,-46,44,-57045,240,-342,1,57314
-151,-65,70,-56782,229,-352,1,56548
-161,-82,89,-56791,208,-396,1,56358
-149,-75,134,-57180,179,-374,1,57030
-119,-59,166,-57912,138,-375,1,58146
-84,-45,170,-58893,97,-379,1,59329
-33,-30,163,-59981,19,-385,1,60226
21,-25,138,-60969,-65,-399,0,61283
23,-19,103,-61572,-75,-407,0,61759
11,-13,67,-61887,-71,-409,0,61478
5,-19,29,-62018,-79,-494,0,62442
-1,-25,4,-61978,-32,-660,0,-61580
-25,-31,-11,-61762,94,-520,1,-62232
-31,-35,-19,-61456,91,-482,1,-61849
-48,-37,-11,-61019,160,-443,1,-61251
-80,-19,19,-60393,254,-318,1,60006
-138,-34,31,-59748,271,-323,1,59802
-156,-46,69,-59320,236,-334,1,59110
-159,-66,99,-59202,214,-363,1,58946
-170,-62,135,-59422,197,-357,1,59820
-130,-51,166,-60094,131,-366,1,60229
-79,-45,166,-61026,81,-388,1,61300
-56,-40,149,-62009,61,-402,1,62226
-42,-29,134,-62948,38,-403,1,62695
-15,-22,115,-63790,-5,-395,0,-63690
4,-20,86,-64468,-55,-422,0,64003
16,-20,47,-64900,-108,-442,0,64639
18,-21,16,-65067,-182,-506,0,65394
6,-19,-7,-64955,-120,-592,0,-65427
-12,-22,-27,-64649,22,-477,0,-64837
-22,-25,-32,-64239,57,-437,0,-64372
-51,-23,-17,-63705,189,-375,1,-63781
-97,-11,18,-63069,269,-294,1,62991
-132,-25,41,-62459,257,-304,1,62309
-166,-44,71,-61961,240,-339,1,62304
-180,-72,109,-61794,210,-345,1,61553
-156,-76,146,-62124,179,-349,1,62213
-128,-65,170,-62848,137,-370,1,62481
-96,-49,186,-63891,84,-376,1,63591
-40,-30,173,-65032,22,-385,1,65285
-28,-21,131,-66052,20,-396,1,66323
-20,-8,99,-66876,6,-387,0,66762
2,-8,66,-67534,-54,-401,0,67117
13,-11,35,-67921,-126,-434,0,67770
16,-19,5,-68055,-193,-543,0,68365
16,-24,-10,-67954,-180,-546,0,-68592
9,-30,-26,-67676,-100,-516,0,-68149
-6,-34,-25,-67137,-22,-508,0,67472
-59,-12,11,-66311,259,-336,1,66419
-127,-8,37,-65372,259,-289,1,65319
-162,-33,37,-64559,267,-303,1,64684
-180,-58,54,-64058,251,-340,1,64302
-180,-70,94,-63982,212,-368,1,63741
-152,-70,134,-64357,174,-366,1,64240
-125,-63,156,-65086,143,-377,1,65303
-100,-46,162,-66057,106,-381,1,66545
-69,-31,146,-67178,71,-381,1,67481
-40,-17,131,-68327,21,-393,1,68556
-6,-9,107,-69260,-24,-370,0,-69514
12,-11,72,-69922,-81,-401,0,69805
28,-14,36,-70267,-183,-435,1,70472
30,-20,10,-70298,-251,-485,1,70531
15,-23,-2,-70042,-169,-564,0,-70425
-10,-21,-7,-69575,55,-562,0,-69082
-45,-21,-11,-68940,175,-406,1,-68673
-77,-17,2,-68197,253,-341,1,68496
-112,-20,14,-67404,275,-336,1,67430
-157,-35,19,-66600,284,-342,1,66752
-193,-59,41,-66021,268,-341,1,65900
-182,-80,74,-65931,226,-366,1,65718
-160,-73,114,-66289,188,-380,1,66449
-136,-59,143,-67057,161,-355,1,66562
-94,-44,153,-68088,99,-375,1,67598
-62,-40,140,-69232,62,-395,1,69454
-46,-29,130,-70272,38,-396,1,70498
-15,-20,112,-71188,-18,-400,0,-71651
16,-16,81,-71840,-93,-411,0,71957
26,-15,45,-72167,-154,-427,1,71919
17,-20,18,-72194,-169,-521,0,71859
0,-22,4,-71988,-48,-650,0,72582
-11,-25,-10,-71608,42,-558,0,-71082
-34,-28,-15,-71079,123,-455,1,-70701
-70,-23,7,-70430,215,-364,1,70390
-100,-29,27,-69742,223,-345,1,70029
-138,-43,43,-69060,239,-346,1,68862
-169,-68,46,-68535,249,-366,1,68324
-176,-80,80,-68418,220,-372,1,68189
-143,-81,126,-68834,158,-386,1,68957
-110,-82,153,-69662,110,-404,1,69958
-66,-52,180,-70845,37,-396,1,71127
8,-55,157,-72107,-45,-438,0,71826
16,-45,130,-73069,-61,-444,0,72791
29,-32,100,-73741,-102,-438,1,74169
25,-21,67,-74101,-121,-433,1,73969
13,-18,34,-74220,-126,-464,0,73829
13,-21,8,-74195,-165,-552,0,74562
7,-23,-6,-74000,-127,-598,0,-74547
-15,-29,-13,-73654,43,-530,0,-73108
-27,-27,-3,-73249,122,-469,1,-73616
-68,-33,21,-72760,182,-356,1,73111
-89,-39,60,-72280,173,-366,1,72662
-134,-71,70,-71822,204,-374,1,72114
-164,-102,87,-71545,203,-394,1,71336
-135,-115,117,-71706,153,-434,1,72115
-103,-105,145,-72275,127,-428,1,72474
-71,-84,160,-73112,86,-424,1,72912
-35,-63,156,-74098,40,-428,1,73841
-13,-47,140,-75046,-2,-424,0,-74800
16,-35,115,-75858,-66,-428,0,76280
36,-29,87,-76439,-123,-420,1,76579
38,-26,61,-76723,-168,-439,1,76450
27,-23,37,-76746,-175,-460,1,76423
8,-29,17,-76593,-102,-560,0,76157
-10,-34,9,-76301,12,-599,0,75893
-28,-39,2,-75911,89,-532,1,76528
-49,-39,0,-75475,145,-450,1,75671
-97,-38,17,-74958,221,-359,1,75041
-139,-46,36,-74499,243,-344,1,74278
-150,-75,48,-74258,231,-376,1,74605
-154,-87,69,-74294,217,-401,1,74741
-136,-82,120,-74741,196,-363,1,74487
-90,-71,178,-75592,102,-378,1,75510
-32,-71,197,-76684,26,-404,1,76445
8,-57,174,-77720,-29,-422,0,77490
7,-43,134,-78540,-36,-419,0,78819
22,-34,105,-79204,-87,-433,0,79065
39,-33,79,-79648,-149,-443,1,79482
31,-29,63,-79812,-152,-448,1,79572
17,-27,38,-79736,-128,-475,0,79613
-4,-26,15,-79458,-25,-576,0,-78930
-29,-27,-2,-79074,123,-501,1,-79211
-45,-32,-11,-78670,145,-446,1,-78428
-61,-36,-3,-78279,188,-423,1,-78019
-83,-43,32,-77873,187,-391,1,78166
-101,-56,59,-77472,180,-373,1,77620
-141,-77,72,-77071,209,-380,1,76847
-150,-91,82,-76921,209,-399,1,77241
-150,-88,96,-77128,199,-406,1,76980
-125,-69,134,-77782,166,-378,1,77495
-78,-60,164,-78760,97,-384,1,78440
-36,-52,172,-79892,32,-397,1,80128
2,-44,145,-80934,-27,-419,0,81191
11,-37,113,-81770,-48,-420,0,81593
22,-31,87,-82368,-93,-437,0,81930
25,-30,59,-82709,-128,-459,1,82589
22,-29,35,-82825,-153,-494,0,82646
17,-34,18,-82746,-158,-558,0,82345
5,-32,7,-82458,-100,-623,0,81931
-23,-36,-6,-82001,78,-541,0,-82481
-52,-29,0,-81440,184,-406,1,81694
-82,-30,19,-80927,215,-354,1,81396
-102,-39,44,-80466,205,-345,1,80808
-129,-60,63,-80083,209,-361,1,80364
-139,-68,93,-79885,196,-367,1,80177
-144,-82,123,-80002,171,-395,1,80134
-116,-82,151,-80494,141,-395,1,80860
-96,-68,167,-81257,116,-396,1,80943
-71,-55,160,-82202,81,-407,1,81933
-40,-42,144,-83229,38,-412,1,83004
-10,-27,126,-84140,-12,-409,0,-84312
23,-21,101,-84902,-93,-415,0,84483
42,-20,73,-85379,-160,-422,1,85195
35,-23,39,-85561,-190,-446,1,85801
16,-29,12,-85534,-168,-567,0,85134
5,-29,-3,-85323,-103,-643,0,-85944
-21,-28,-6,-84927,86,-517,0,-84453
-50,-27,0,-84472,199,-419,1,84154
-79,-31,17,-83975,210,-362,1,84479
-107,-38,37,-83485,220,-345,1,83953
-137,-51,60,-83059,225,-344,1,83265
-144,-69,80,-82851,213,-365,1,82563
-139,-78,117,-82963,180,-373,1,83299
-119,-80,143,-83409,152,-387,1,83071
-107,-64,164,-84122,129,-381,1,84374
-68,-47,170,-85095,64,-385,1,85346
-13,-44,150,-86157,-7,-412,0,-86435
-1,-36,134,-86992,-26,-406,0,-86757
15,-24,111,-87610,-73,-411,0,87966
22,-20,77,-87941,-100,-409,0,87605
7,-21,45,-88022,-81,-461,0,87669
0,-27,19,-87956,-66,-569,0,87521
0,-31,2,-87741,-70,-680,0,87104
-19,-31,-12,-87342,64,-533,0,-87933
-49,-31,-10,-86843,173,-420,1,-86545
-92,-17,18,-86275,255,-317,1,86171
-125,-29,36,-85794,246,-323,1,85714
-138,-44,51,-85458,244,-336,1,85240
-155,-56,73,-85325,243,-343,1,85006
-155,-60,114,-85524,193,-361,1,85866
-119,-60,167,-86158,127,-357,1,86399
-66,-59,194,-87072,55,-385,1,87314
-34,-53,181,-88068,26,-406,1,88367
-28,-41,151,-88931,18,-405,1,88643
-15,-28,130,-89710,-12,-413,0,-89968
3,-22,110,-90318,-47,-400,0,90390
12,-11,88,-90697,-86,-405,0,91093
28,-9,55,-90805,-156,-392,1,91016
12,-15,16,-90600,-164,-510,0,90281
-38,-21,-15,-90195,175,-447,1,-90496
-49,-32,-30,-89847,121,-435,1,-89869
-60,-34,-24,-89540,155,-401,1,-89287
-88,-30,2,-89167,232,-346,1,89524
-111,-39,23,-88790,240,-342,1,88876
-136,-54,52,-88461,232,-346,1,88248
-142,-73,83,-88343,217,-353,1,88122
-146,-91,110,-88524,181,-402,1,88137
-132,-78,147,-89082,164,-378,1,88698
-105,-52,179,-89980,112,-364,1,89739
-48,-36,180,-91113,31,-375,1,90682
4,-38,148,-92243,-46,-411,0,92498
18,-30,129,-93068,-65,-403,0,92885
14,-20,105,-93615,-79,-416,0,93193
21,-15,67,-93899,-124,-422,0,94030
12,-11,30,-93877,-139,-445,0,94104
-2,-14,-3,-93643,-25,-645,0,94042
-14,-21,-30,-93284,19,-461,0,-93627
-36,-19,-29,-92888,122,-401,1,-92948
-71,-27,-14,-92472,198,-367,1,-92366
-93,-23,19,-92025,248,-318,1,91879
-140,-36,44,-91508,261,-315,1,91595
-173,-64,63,-91141,249,-339,1,91392
-169,-78,99,-91129,219,-355,1,90820
-158,-77,138,-91511,178,-375,1,91370
-122,-58,185,-92301,122,-354,1,92525
-56,-45,189,-93349,46,-379,1,93525
-25,-40,157,-94396,18,-400,1,94599
-6,-29,138,-95292,-21,-401,0,-95535
11,-22,119,-95979,-57,-393,0,96049
19,-17,95,-96431,-92,-405,0,96575
16,-15,60,-96625,-100,-407,0,96421
11,-21,27,-96589,-132,-491,0,96291
-10,-16,8,-96337,77,-530,0,96768
-31,-20,-6,-95963,155,-454,1,-96144
-35,-24,-7,-95540,148,-443,1,-95278
-62,-28,6,-95051,202,-383,1,94941
-100,-24,43,-94475,212,-319,1,94396
-140,-42,61,-93944,229,-334,1,94147
-160,-75,79,-93606,216,-365,1,93320
-152,-88,111,-93629,182,-399,1,93224
-136,-86,139,-94036,155,-401,1,93698
-110,-64,168,-94834,125,-382,1,95112
-65,-47,182,-95858,60,-386,1,96023
-17,-36,164,-96953,-3,-400,0,-97185
7,-31,133,-97855,-48,-414,0,98066
17,-23,105,-98483,-72,-402,0,98568
14,-21,68,-98834,-92,-436,0,99237
13,-21,35,-98908,-123,-476,0,99266
1,-19,10,-98751,-60,-599,0,99272
-15,-20,-9,-98461,96,-521,0,-99044
-30,-25,-18,-98093,123,-458,1,-97930
-52,-32,-13,-97671,183,-426,1,-97468
-75,-31,13,-97205,226,-379,1,96886
-99,-30,37,-96759,234,-331,1,96271
-131,-37,62,-96326,237,-323,1,96625
-154,-52,97,-96041,223,-335,1,95857
-163,-69,125,-96050,203,-359,1,95748
-152,-76,162,-96457,162,-370,1,96614
-106,-57,192,-97254,100,-376,1,96868
-61,-46,171,-98275,58,-398,1,98028
-46,-30,150,-99270,36,-400,1,99019
-19,-17,129,-100170,-5,-384,0,-100020
-5,-10,95,-100879,-39,-400,0,-101368
0,-9,49,-101328,-64,-422,0,100974
11,-18,14,-101537,-157,-530,0,101947
-5,-20,-4,-101447,-1,-630,0,101925
-25,-26,-20,-101173,87,-481,1,-101011
-36,-27,-23,-100876,125,-433,1,-101355
-55,-29,-13,-100584,193,-391,1,-100742
-68,-31,9,-100281,225,-361,1,99942
-110,-32,48,-99890,240,-313,1,100280
-148,-48,82,-99588,221,-345,1,99435
-143,-63,128,-99578,172,-361,1,99598
-134,-76,159,-99886,156,-368,1,100236
-112,-66,185,-100508,118,-373,1,100621
-58,-54,184,-101425,51,-391,1,101682
-18,-47,158,-102451,5,-415,0,102666
14,-38,138,-103324,-57,-411,0,103066
34,-34,113,-103923,-116,-430,1,103517
17,-18,84,-104083,-84,-399,0,104217
-17,-13,49,-103990,27,-416,0,104350
-22,-17,21,-103868,98,-472,0,103452
-15,-23,2,-103711,73,-566,0,104314
-34,-26,-5,-103441,165,-469,1,-103775
-49,-25,-4,-103108,210,-416,1,-103335
-66,-27,6,-102742,222,-373,1,102561
-75,-23,35,-102298,214,-334,1,102014
-115,-40,59,-101820,215,-339,1,101459
-144,-46,98,-101417,207,-333,1,101736
-165,-73,131,-101335,189,-363,1,100973
-151,-78,164,-101678,151,-384,1,101561
-122,-63,182,-102384,132,-383,1,102119
-83,-43,168,-103335,90,-391,1,103081
-43,-28,135,-104411,48,-400,1,104144
-18,-20,110,-105399,2,-403,0,105032
7,-19,93,-106222,-63,-411,0,106243
17,-18,71,-106752,-100,-419,0,106875
10,-18,41,-107046,-100,-454,0,107443
19,-22,9,-107187,-211,-536,0,106618
14,-25,-14,-107050,-156,-533,0,-106688
1,-21,-27,-106644,-61,-456,0,-106854
-25,-15,-18,-106015,144,-398,1,-106248
-75,0,27,-105229,238,-261,1,-105141
-139,-11,63,-104492,235,-281,1,104804
-186,-32,80,-103952,244,-324,1,104269
-185,-57,110,-103817,207,-353,1,103626
-143,-76,155,-104149,148,-368,1,104306
-108,-69,195,-104826,104,-379,1,104580
-77,-52,192,-105706,71,-393,1,105882
-48,-34,162,-106683,45,-400,1,106935
-32,-23,136,-107606,24,-400,1,107840
-5,-14,113,-108472,-27,-399,0,-108122
12,-15,79,-109113,-77,-419,0,109465
22,-19,41,-109537,-149,-463,0,109205
20,-29,7,-109734,-189,-572,0,110127
14,-30,-11,-109714,-152,-577,0,-110174
-3,-30,-26,-109497,-26,-517,0,108961
-29,-26,-31,-109148,87,-428,1,-109504
-51,-27,-21,-108741,181,-400,1,-108994
-85,-27,6,-108293,254,-356,1,108242
-127,-35,43,-107841,250,-319,1,107760
-154,-45,84,-107559,223,-342,1,107854
-148,-67,119,-107602,182,-369,1,107826
-131,-73,155,-107993,156,-366,1,107643
-95,-70,192,-108691,94,-380,1,108911
-40,-63,196,-109597,29,-402,1,109902
-17,-52,165,-110417,8,-420,0,110207
-5,-37,138,-111139,-19,-409,0,-111361
13,-26,113,-111734,-67,-417,0,112112
16,-20,81,-112093,-81,-406,0,111689
8,-21,48,-112251,-89,-457,0,112580
6,-24,25,-112221,-98,-521,0,111679
-14,-21,9,-111989,63,-553,0,112497
-35,-27,-4,-111686,145,-477,1,-111921
-37,-31,-4,-111348,135,-466,1,-111520
-61,-36,9,-110910,188,-422,1,110641
-87,-39,41,-110389,182,-370,1,110249
-134,-55,48,-109835,222,-368,1,109627
-172,-80,64,-109438,228,-378,1,109127
-146,-98,87,-109467,189,-413,1,109087
-140,-98,116,-109868,179,-410,1,109724
-116,-82,147,-110633,129,-411,1,110977
-76,-61,173,-111670,81,-403,1,111919
-30,-42,162,-112731,25,-409,1,112974
8,-31,129,-113700,-38,-417,0,113971
37,-26,95,-114450,-120,-422,1,114339
37,-26,64,-114927,-150,-425,1,115116
31,-27,36,-115164,-190,-472,1,114835
16,-30,12,-115187,-163,-564,0,115552
-8,-32,-3,-115051,-3,-619,0,115482
-17,-35,-14,-114882,29,-536,0,-115447
-29,-37,-11,-114660,82,-487,1,-114279
-57,-44,22,-114404,143,-411,1,114672
-81,-58,66,-114145,140,-361,1,113708
-116,-78,95,-113863,175,-383,1,114037
-119,-99,115,-113759,147,-423,1,113935
-101,-119,129,-113927,137,-444,1,113828
-106,-104,158,-114340,133,-428,1,114462
-61,-80,174,-115081,71,-426,1,114872
-16,-63,164,-115978,16,-432,0,115745
9,-49,136,-116824,-37,-449,0,116992
40,-38,109,-117508,-108,-421,1,117423
42,-28,84,-117935,-144,-426,1,118254
34,-24,56,-118095,-165,-438,1,117841
16,-27,33,-118040,-128,-486,0,117924
0,-19,21,-117800,-60,-506,0,118240
-27,-24,4,-117491,134,-489,1,117654
-39,-30,-7,-117176,144,-456,1,-116959
-46,-35,-6,-116851,152,-433,1,-117076
-70,-37,17,-116451,193,-374,1,116517
-121,-38,56,-115944,223,-322,1,115999
-161,-66,95,-115569,203,-363,1,115308
-149,-89,120,-115581,187,-384,1,115215
-148,-95,150,-115941,161,-402,1,116108
-112,-76,190,-116754,114,-389,1,117118
-45,-54,201,-117850,38,-398,1,118049
-17,-36,168,-118902,9,-405,0,119153
6,-21,131,-119795,-40,-402,0,119511
31,-15,97,-120489,-107,-402,1,120608
33,-12,64,-120857,-144,-403,1,121196
14,-14,30,-120966,-133,-440,0,121257
5,-21,4,-120935,-117,-629,0,121457
-6,-26,-9,-120760,-13,-593,0,120317
-22,-32,-20,-120467,57,-485,0,-120661
-32,-18,-9,-120090,178,-389,1,-119851
-83,-19,23,-119620,235,-305,1,119500
-126,-12,89,-119132,200,-276,1,118956
-162,-63,117,-118836,200,-340,1,119105
-145,-96,156,-118922,166,-369,1,119055
-118,-98,190,-119433,119,-401,1,119750
-61,-74,197,-120336,55,-410,1,120594
-25,-57,173,-121383,19,-423,1,121629
-15,-36,154,-122322,-2,-413,0,-122106
12,-23,127,-123136,-59,-412,0,123193
26,-19,95,-123691,-101,-416,1,123525
23,-15,63,-123988,-122,-419,0,124332
15,-22,28,-124081,-145,-498,0,124373
8,-23,8,-124004,-129,-599,0,124577
-13,-29,-13,-123787,40,-559,0,-123283
-31,-33,-23,-123500,88,-470,1,-123854
-42,-32,-12,-123202,158,-444,1,-122971
-62,-39,11,-122842,181,-397,1,122611
-88,-44,60,-122436,173,-352,1,122866
-127,-77,84,-122066,188,-379,1,122226
-144,-99,104,-121937,188,-401,1,122362
-138,-107,127,-122202,168,-415,1,122096
-105,-90,154,-122864,127,-412,1,122531
-83,-68,169,-123761,85,-403,1,123404
-51,-37,162,-124789,42,-392,1,124526
5,-26,134,-125853,-46,-404,0,125626
63,-26,105,-126798,-165,-415,1,126523
75,-27,88,-127320,-202,-416,1,126987
61,-21,67,-127466,-205,-401,1,127196
30,-23,39,-127335,-187,-453,1,127028
-1,-25,12,-127074,-53,-593,0,-127508
-19,-31,-10,-126744,49,-545,0,-126210
-39,-36,-19,-126393,119,-469,1,-125968
-45,-37,-7,-126042,120,-419,1,-126351
-80,-28,27,-125566,212,-332,1,125870
-143,-36,57,-125012,245,-317,1,125197
-168,-74,81,-124687,227,-357,1,124469
-147,-102,119,-124816,173,-408,1,124470
-115,-107,170,-125399,132,-401,1,125043
-63,-80,207,-126316,69,-401,1,125955
-37,-63,188,-127374,47,-423,1,127137
-16,-48,146,-128338,13,-432,0,128067
-3,-39,118,-129162,-17,-422,0,-129389
17,-30,100,-129833,-72,-434,0,129716
38,-22,78,-130304,-143,-428,1,130468
37,-26,38,-130542,-197,-469,1,130276
21,-23,13,-130516,-203,-518,0,130832
-7,-18,-3,-130282,32,-598,0,-130700
-22,-25,-22,-130012,62,-478,0,-129571
-22,-33,-32,-129762,36,-462,0,-129825
-44,-40,-15,-129448,119,-433,1,-129122
-76,-30,42,-128966,179,-329,1,128577
-141,-52,79,-128426,207,-327,1,128211
-152,-85,92,-128094,197,-369,1,128372
-152,-96,123,-128150,192,-365,1,128393
-121,-86,161,-128689,126,-398,1,128972
-68,-80,177,-129610,73,-409,1,129830
-29,-60,186,-130628,14,-409,1,130891
-10,-42,164,-131593,-13,-418,0,-131876
5,-31,125,-132397,-47,-426,0,132303
20,-28,94,-133003,-85,-420,0,132654
20,-22,69,-133359,-106,-437,0,133493
16,-23,39,-133511,-130,-479,0,133370
14,-28,11,-133491,-155,-581,0,134064
2,-29,-2,-133306,-81,-668,0,-133744
-12,-31,-12,-133008,17,-566,0,-132536
-32,-36,-15,-132674,93,-485,1,-133066
-48,-38,-9,-132304,148,-433,1,-132587
-87,-38,14,-131838,219,-354,1,131897
-113,-42,47,-131388,224,-331,1,131300
-144,-49,83,-131082,222,-324,1,131451
-148,-64,129,-131091,176,-363,1,131558
-121,-85,155,-131464,134,-394,1,131132
-95,-75,178,-132156,109,-387,1,132465
-55,-61,183,-133061,56,-398,1,132815
-28,-51,164,-134052,21,-412,1,133795
-12,-37,140,-134976,-10,-416,0,-134665
10,-32,117,-135755,-62,-425,0,136125
21,-26,94,-136268,-94,-430,0,136683
16,-22,60,-136517,-105,-446,0,136362
7,-24,30,-136544,-100,-510,0,136397
11,-22,16,-136405,-133,-533,0,136776
-21,-28,-8,-136078,94,-543,0,-135624
-45,-41,-35,-135687,97,-460,1,-136074
-53,-38,-36,-135352,126,-411,1,-135523
-79,-34,-17,-134952,218,-358,1,-134885
-114,-30,25,-134536,266,-317,1,134599
-136,-46,51,-134252,251,-331,1,134464
-142,-58,110,-134215,194,-338,1,134412
-124,-84,142,-134486,154,-382,1,134167
-119,-82,168,-135024,138,-387,1,134891
-92,-63,177,-135833,92,-391,1,136085
-44,-50,168,-136845,36,-403,1,137099
-12,-39,156,-137797,-14,-401,0,-138091
10,-29,135,-138567,-63,-415,0,138357
21,-22,101,-139057,-86,-406,0,138903
12,-24,64,-139294,-91,-448,0,139681
0,-24,33,-139345,-57,-516,0,139871
-17,-28,2,-139269,76,-576,0,139900
-26,-33,-16,-139110,98,-515,1,-138545
-42,-35,-24,-138880,124,-453,1,-139225
-41,-44,-24,-138632,105,-461,1,-138294
-54,-45,-6,-138272,161,-432,1,-138511
-92,-44,20,-137758,234,-368,1,138239
-129,-64,55,-137341,225,-346,1,137551
-133,-71,100,-137188,182,-385,1,136816
-133,-87,130,-137324,168,-389,1,137492
-114,-88,155,-137770,131,-404,1,138119
-75,-85,167,-138478,75,-423,1,138682
-51,-66,168,-139278,50,-420,1,139588
-30,-43,155,-140046,16,-416,1,139821
-1,-30,128,-140778,-44,-432,0,-140531
10,-24,95,-141294,-68,-425,0,140870
10,-26,57,-141601,-78,-447,0,141563
9,-23,30,-141718,-110,-500,0,141320
-10,-25,7,-141665,32,-590,0,142105
-20,-30,-11,-141516,76,-538,0,-141977
-31,-35,-23,-141270,88,-479,1,-140923
-41,-41,-20,-140948,114,-457,1,-141114
-68,-43,17,-140509,185,-396,1,140693
-103,-45,55,-140074,198,-377,1,140009
-128,-68,69,-139703,204,-378,1,139385
-145,-78,82,-139522,216,-388,1,139478
-145,-88,98,-139666,199,-397,1,139388
-118,-79,135,-140203,155,-392,1,139785
-89,-65,170,-141046,94,-391,1,141212
-51,-50,179,-142092,44,-394,1,141853
-13,-47,148,-143109,-9,-423,0,-142879
15,-38,120,-143936,-64,-433,0,144352
22,-28,89,-144500,-87,-422,0,144854
21,-21,57,-144808,-124,-443,0,144476
16,-23,26,-144881,-151,-507,0,144514
9,-24,2,-144741,-139,-614,0,145301
-6,-25,-17,-144454,4,-539,0,-144981
-12,-28,-34,-144089,9,-462,0,-144176
-48,-30,-22,-143593,166,-416,1,-143862
-98,-21,27,-142996,247,-336,1,143174
-127,-45,59,-142508,210,-359,1,142709
-133,-66,86,-142182,191,-363,1,141856
-143,-85,113,-142080,173,-382,1,142215
-125,-81,129,-142268,157,-393,1,141824
-109,-74,134,-142720,136,-406,1,142530
-82,-62,144,-143415,105,-403,1,143666
-47,-54,147,-144237,50,-415,1,143947
-35,-52,129,-145003,38,-426,1,145270
-33,-36,119,-145691,36,-422,1,145644
0,-25,99,-146330,-39,-423,0,146016
24,-26,65,-146800,-116,-449,0,146590
23,-35,31,-147011,-150,-525,0,146675
16,-35,10,-146975,-148,-583,0,146673
-1,-32,-2,-146729,-46,-668,0,147330
-18,-29,-6,-146355,65,-538,0,-145889
-46,-31,-5,-145894,176,-444,1,-145627
-87,-28,20,-145350,233,-368,1,144921
-128,-53,45,-144845,212,-364,1,144406
-145,-70,73,-144525,201,-387,1,144728
-145,-80,102,-144419,193,-387,1,144859
-125,-96,99,-144595,179,-428,1,144777
-118,-91,108,-145041,167,-429,1,145371
-97,-65,134,-145769,127,-405,1,145446
-66,-52,141,-146675,77,-403,1,146897
-26,-37,139,-147636,15,-402,1,147864
13,-36,116,-148474,-63,-423,0,148025
33,-34,93,-149044,-119,-434,1,149418
26,-29,71,-149299,-115,-432,1,149165
12,-31,43,-149308,-108,-488,0,149132
4,-31,25,-149138,-93,-544,0,148691
-17,-29,10,-148787,52,-552,0,149285
-51,-34,-3,-148335,152,-450,1,-148006
-68,-39,-1,-147904,173,-415,1,-147691
-98,-41,19,-147485,207,-368,1,147941
-119,-50,38,-147154,219,-359,1,147214
-126,-65,62,-146986,205,-388,1,147303
-145,-73,90,-147009,211,-371,1,147296
-133,-76,133,-147385,163,-377,1,146986
-89,-70,175,-148121,91,-388,1,148465
-44,-61,187,-149027,31,-399,1,149276
-10,-46,180,-149982,-17,-409,0,-149704
11,-33,148,-150761,-48,-403,0,151016
26,-25,108,-151361,-94,-425,1,151256
33,-22,75,-151736,-131,-416,1,152022
24,-23,42,-151903,-159,-469,0,151602
22,-32,16,-151902,-192,-556,0,152530
2,-31,1,-151729,-76,-669,0,152184
-14,-34,-9,-151456,30,-569,0,-150944
-30,-35,-13,-151166,105,-484,1,-151496
-59,-36,0,-150855,193,-399,1,150547
-70,-32,33,-150526,205,-369,1,150072
-124,-37,64,-150164,240,-313,1,150343
-139,-56,105,-149977,194,-335,1,149635
-108,-75,149,-150118,138,-368,1,150327
-112,-87,169,-150435,141,-392,1,150075
-106,-75,178,-151011,121,-398,1,150660
-69,-54,173,-151841,68,-399,1,151605
-41,-40,155,-152758,40,-409,1,152978
-14,-28,135,-153607,-4,-410,0,-153872
5,-22,107,-154279,-45,-417,0,154451
6,-17,76,-154706,-50,-405,0,155052
5,-20,38,-154958,-67,-476,0,154854
-2,-28,4,-155065,-24,-661,0,-155432
-2,-32,-13,-155046,-49,-605,0,155609
-8,-37,-23,-154904,-2,-544,0,155454
-29,-37,-21,-154654,88,-481,1,-155019
-46,-36,10,-154319,157,-427,1,154622
-75,-34,48,-153886,179,-354,1,153751
-125,-52,73,-153375,205,-351,1,153224
-138,-72,105,-153044,173,-388,1,152665
-125,-99,111,-152996,158,-421,1,152811
-115,-101,118,-153229,151,-437,1,153548
-109,-87,134,-153734,131,-428,1,153874
-87,-65,143,-154546,109,-417,1,154342
-51,-51,144,-155504,53,-417,1,155241
-5,-39,135,-156482,-23,-410,0,-156266
28,-33,118,-157286,-96,-427,1,157657
36,-27,92,-157759,-125,-429,1,158095
16,-25,58,-157917,-102,-458,0,158016
0,-25,24,-157883,-56,-542,0,158354
-5,-28,-7,-157714,-28,-643,0,158355
-27,-37,-39,-157411,43,-481,1,-157491
-34,-41,-48,-157066,45,-442,1,-156729
-61,-38,-28,-156701,164,-410,1,-156961
-101,-33,13,-156254,248,-356,1,156556
-120,-51,40,-155921,223,-376,1,155862
-120,-75,77,-155761,186,-385,1,155961
-126,-92,98,-155788,196,-395,1,156034
-134,-91,122,-156046,179,-402,1,155657
-124,-76,147,-156622,153,-393,1,156284
-86,-59,164,-157469,93,-394,1,157184
-43,-50,154,-158455,44,-411,1,158658
-13,-43,129,-159364,-2,-428,0,-159629
16,-34,103,-160153,-76,-434,0,159798
37,-32,71,-160697,-147,-463,1,160410
29,-31,39,-160948,-155,-474,1,161239
12,-30,17,-160989,-134,-561,0,161387
4,-36,0,-160856,-88,-666,0,161468
-13,-36,-11,-160571,18,-574,0,-160051
-36,-42,-19,-160205,103,-491,1,-159835
-51,-46,0,-159776,138,-443,1,160051
-89,-34,38,-159244,204,-332,1,159696
-124,-51,44,-158714,234,-361,1,158237
-146,-68,71,-158321,220,-369,1,158538
-154,-90,111,-158263,184,-389,1,158630
-123,-95,146,-158648,131,-406,1,158228
-83,-81,157,-159362,96,-414,1,159712
-63,-59,162,-160211,65,-403,1,159908
-30,-44,150,-161170,20,-422,1,160899
5,-35,128,-162018,-37,-409,0,162296
18,-27,103,-162660,-75,-424,0,162531
22,-26,71,-163050,-102,-429,0,163178
22,-26,39,-163208,-145,-478,0,163040
6,-26,9,-163166,-103,-613,0,163659
-5,-32,-15,-162994,-22,-583,0,163573
-13,-37,-27,-162733,-6,-509,0,162405
-35,-37,-15,-162363,110,-464,1,-162705
-63,-31,22,-161890,196,-389,1,162068
-99,-42,53,-161388,197,-370,1,161698
-121,-64,78,-160981,188,-373,1,161046
-131,-85,92,-160783,181,-401,1,161186
-133,-90,120,-160873,170,-402,1,161269
-116,-86,146,-161320,140,-406,1,161673
-92,-71,160,-162047,111,-406,1,162234
-58,-56,154,-162933,67,-413,1,163132
-26,-48,134,-163874,20,-428,1,164141
-4,-39,117,-164700,-24,-431,0,-164529
16,-30,96,-165357,-73,-419,0,164969
29,-25,68,-165802,-132,-437,1,165596
25,-29,36,-166004,-161,-489,1,166169
21,-33,13,-166003,-167,-550,0,166603
8,-33,1,-165788,-101,-633,0,165292
-17,-37,-9,-165442,49,-566,0,-164988
-28,-39,-10,-165056,79,-504,1,-165169
-52,-39,15,-164621,152,-417,1,164397
-74,-34,50,-164139,170,-353,1,164025
-129,-51,68,-163612,217,-331,1,163453
-145,-64,99,-163298,197,-361,1,162947
-133,-91,124,-163312,167,-400,1,162918
-130,-94,134,-163617,153,-419,1,163394
-104,-80,146,-164255,121,-416,1,164033
-67,-65,157,-165169,78,-416,1,164989
-30,-46,155,-166147,20,-407,1,165928
3,-38,126,-167075,-37,-429,0,167280
20,-30,100,-167801,-82,-430,0,167659
22,-25,68,-168280,-113,-444,0,168148
19,-29,33,-168530,-142,-507,0,168714
13,-30,9,-168580,-135,-585,0,168022
-2,-35,-12,-168448,-33,-608,0,168874
-10,-37,-23,-168180,-9,-534,0,168663
-25,-37,-18,-167783,68,-487,1,-167659
-57,-26,19,-167218,194,-361,1,167082
-99,-32,50,-166674,203,-332,1,166621
-117,-49,73,-166220,198,-349,1,166111
-149,-65,104,-165928,203,-355,1,166193
-144,-80,123,-165973,176,-393,1,166356
-133,-76,143,-166387,170,-383,1,165989
-109,-62,156,-167154,129,-385,1,167230
-63,-49,155,-168187,70,-393,1,168354
-42,-40,144,-169226,42,-402,1,169007
-4,-33,132,-170145,-24,-401,0,-170371
15,-27,112,-170827,-66,-417,0,170700
15,-19,80,-171225,-76,-405,0,171336
17,-19,42,-171427,-123,-456,0,171060
14,-23,14,-171442,-160,-545,0,171802
0,-26,-2,-171258,-49,-674,0,-171635
-15,-31,-13,-170938,41,-544,0,-170386
-29,-33,-13,-170516,95,-481,1,-170912
-62,-28,21,-169997,197,-382,1,170372
-98,-27,67,-169459,174,-321,1,168999
-128,-51,76,-168978,197,-349,1,169354
-143,-71,92,-168681,193,-370,1,168911
-123,-88,106,-168700,164,-405,1,168847
-120,-86,130,-168996,155,-402,1,169354
-108,-72,152,-169601,127,-400,1,169927
-79,-61,162,-170439,84,-405,1,170197
-60,-45,158,-171374,63,-410,1,171073
-27,-25,146,-172286,10,-404,1,172535
4,-13,109,-173022,-42,-403,0,172545
13,-14,64,-173543,-77,-407,0,173182
17,-18,28,-173850,-154,-477,0,173634
13,-29,-3,-173928,-140,-595,0,-173488
3,-31,-17,-173783,-62,-567,0,-173267
-16,-32,-18,-173485,37,-521,0,-173955
-23,-40,-7,-173117,62,-525,0,-173628
-53,-36,27,-172599,149,-401,1,172860
-95,-41,60,-171984,175,-354,1,171592
-129,-57,66,-171427,208,-381,1,171255
-155,-72,59,-171031,234,-392,1,171422
-161,-74,83,-171007,223,-375,1,170734
-137,-72,117,-171444,174,-385,1,171044
-111,-67,144,-172198,127,-397,1,172521
-87,-51,159,-173157,95,-393,1,173387
-51,-36,148,-174178,50,-399,1,174427
-11,-27,129,-175117,-14,-405,0,-175367
21,-21,101,-175809,-84,-411,0,175983
19,-19,72,-176201,-98,-420,0,176577
14,-20,40,-176356,-119,-462,0,176495
11,-30,12,-176334,-131,-586,0,176670
0,-36,-3,-176110,-54,-665,0,-175460
-22,-34,-10,-175686,86,-531,0,-175167
-51,-37,-8,-175137,150,-435,1,-175383
-64,-25,20,-174518,198,-363,1,174121
-106,-34,36,-173876,225,-346,1,173796
-140,-42,67,-173288,224,-340,1,173494
-158,-64,82,-172935,220,-370,1,172760
-159,-81,92,-172919,221,-381,1,172614
-150,-73,120,-173293,189,-385,1,173431
-135,-56,150,-174023,151,-377,1,173581
-91,-34,167,-175080,94,-369,1,174614
-28,-26,154,-176232,10,-379,1,176524
7,-25,124,-177223,-46,-407,0,177564
11,-19,93,-177891,-61,-412,0,177923
16,-21,54,-178330,-113,-455,0,178463
24,-24,24,-178524,-186,-493,0,178203
8,-31,6,-178467,-104,-615,0,178993
2,-33,0,-178209,-64,-668,0,178852
-12,-36,-2,-177785,32,-596,0,-177185
-51,-29,10,-177151,194,-421,1,176831
-94,-28,21,-176403,245,-363,1,176349
-128,-39,34,-175706,244,-345,1,176013
-143,-56,49,-175228,237,-377,1,175461
-160,-65,77,-175013,222,-378,1,174738
-157,-65,99,-175120,216,-368,1,175364
-157,-58,110,-175565,214,-363,1,175288
-138,-41,144,-176379,162,-350,1,176439
-79,-22,180,-177521,58,-353,1,177350
0,-23,161,-178762,-48,-391,0,179029
26,-22,136,-179642,-78,-389,1,179444
24,-16,104,-180157,-94,-408,0,179723
17,-16,62,-180393,-102,-415,0,180593
8,-25,18,-180407,-112,-568,0,180974
-15,-24,-9,-180188,66,-556,0,-179618
-34,-29,-34,-179864,79,-451,1,-179974
-55,-32,-35,-179464,129,-405,1,-179227
-80,-22,-13,-179003,247,-359,1,-178943
-101,-30,0,-178527,262,-339,1,178544
-125,-39,30,-178093,259,-335,1,178086
-152,-55,65,-177782,243,-348,1,177982
-165,-77,106,-177752,201,-380,1,178020
-154,-76,151,-178114,175,-368,1,177735
-127,-59,171,-178859,135,-374,1,179124
-77,-45,167,-179898,82,-380,1,180052
-28,-37,153,-180992,14,-391,1,181202
-3,-30,133,-181959,-28,-406,0,-182225
10,-23,105,-182680,-67,-414,0,182335
21,-22,65,-183151,-122,-441,0,183020
15,-27,29,-183316,-141,-516,0,183958
1,-25,9,-183225,-60,-615,0,182775
-19,-29,-13,-182966,65,-536,0,-182500
-31,-34,-28,-182626,75,-471,1,-182492
-51,-34,-19,-182196,155,-420,1,-181898
-76,-32,6,-181685,224,-366,1,181352
-108,-42,28,-181154,236,-353,1,180848
-135,-57,53,-180693,234,-360,1,180433
-164,-72,69,-180462,239,-366,1,180685
-160,-69,115,-180629,200,-358,1,180370
-132,-68,146,-181183,160,-371,1,180797
-113,-51,166,-182017,125,-368,1,182005
-46,-34,173,-183057,22,-380,1,183007
11,-39,153,-183980,-38,-403,0,184234
-3,-26,128,-184600,-21,-410,0,-184324
12,-21,96,-185062,-67,-403,0,185167
14,-26,56,-185330,-99,-461,0,184946
-5,-28,26,-185392,-21,-541,0,-185889
-12,-32,0,-185332,22,-617,0,184731
-27,-38,-17,-185140,70,-522,1,-184657
-40,-39,-22,-184846,106,-465,1,-185249
-57,-41,-9,-184464,163,-425,1,-184736
-90,-32,8,-183987,243,-352,1,184147
-116,-39,34,-183587,240,-339,1,183540
-129,-50,81,-183388,201,-360,1,183574
-132,-69,124,-183436,174,-362,1,183796
-120,-73,156,-183755,135,-385,1,183405
-108,-62,173,-184330,128,-378,1,184584
-85,-47,166,-185127,96,-385,1,184857
-39,-35,153,-186106,37,-400,1,186317
-11,-25,139,-186963,-8,-396,0,-187206
0,-20,116,-187628,-33,-403,0,187708
9,-18,87,-188076,-60,-414,0,188224
11,-25,50,-188338,-87,-471,0,187922
6,-33,21,-188399,-86,-579,0,187848
-2,-35,0,-188265,-43,-687,0,-187854
-13,-39,-20,-187952,5,-558,0,-187453
-40,-39,-22,-187490,109,-464,1,-187861
-64,-29,-4,-186917,214,-386,1,-187217
-97,-37,4,-186310,243,-364,1,185886
-135,-40,27,-185731,263,-340,1,185711
-159,-52,58,-185412,247,-345,1,185720
-167,-62,96,-185467,218,-351,1,185606
-152,-55,141,-185904,169,-361,1,186305
-121,-47,169,-186672,129,-358,1,186423
-70,-38,178,-187642,63,-374,1,187746
-20,-31,159,-188635,2,-394,0,188865
-7,-22,134,-189428,-15,-397,0,-189159
6,-12,109,-190050,-51,-391,0,190391
14,-17,74,-190484,-88,-419,0,190896
15,-24,37,-190707,-117,-475,0,190819
7,-33,7,-190697,-102,-638,0,191186
-9,-37,-12,-190471,-6,-600,0,191089
-24,-37,-22,-190061,59,-509,0,-190352
-64,-36,-23,-189489,175,-406,1,-189700
-91,-34,-3,-188941,237,-361,1,-189428
-104,-39,20,-188473,245,-354,1,188922
-140,-46,48,-188053,252,-359,1,188315
-155,-61,75,-187870,226,-374,1,187556
-149,-75,102,-188021,192,-389,1,188299
-152,-56,149,-188471,173,-356,1,188878
-114,-42,173,-189238,110,-366,1,189120
-50,-40,162,-190209,44,-392,1,189980
-30,-30,152,-191070,17,-386,1,191318
-17,-14,138,-191797,-10,-386,0,-191530
2,-12,95,-192357,-46,-389,0,192153
16,-23,41,-192740,-128,-486,0,192852
3,-32,5,-192871,-66,-666,0,193445
-15,-35,-22,-192818,20,-555,0,-193333
-20,-40,-37,-192670,14,-498,0,-192881
-32,-39,-33,-192413,71,-461,1,-192014
-59,-37,-12,-192012,187,-422,1,-192260
-83,-39,10,-191531,228,-390,1,191798
-116,-48,40,-191033,231,-374,1,191453
-142,-70,69,-190690,222,-372,1,190914
-143,-88,106,-190660,185,-391,1,190796
-130,-90,132,-191003,160,-401,1,191349
-117,-76,154,-191640,124,-400,1,191938
-76,-50,172,-192557,70,-390,1,192826
-26,-43,147,-193498,12,-405,1,193250
1,-34,124,-194300,-36,-419,0,194340
12,-26,101,-194844,-60,-407,0,194756
8,-23,68,-195146,-69,-439,0,195555
