-8,99,8,-50,-2,3,0,-94
-7,99,7,-56,-2,5,0,-84
-8,99,7,-58,0,3,0,91
-22,105,12,-67,27,-26,0,-51
-74,132,23,-151,88,-95,1,-74
-117,176,40,-485,80,-130,1,-475
-148,214,67,-1357,75,-165,1,-1447
-122,180,81,-2587,50,-194,1,-2679
-79,139,85,-3802,38,-202,1,-3750
-31,108,71,-5068,-18,-210,0,4924
-6,88,84,-6305,-49,-218,0,6210
21,72,96,-7288,-100,-258,0,-7467
28,65,100,-7829,-111,-275,1,-8147
19,52,70,-7983,-101,-259,0,-7724
6,23,15,-7877,-99,-153,0,-7715
-4,2,-20,-7563,-5,-339,0,-7373
-25,-9,-30,-7129,110,-391,1,-6719
-44,-17,-19,-6757,190,-410,1,-7018
-64,-52,-26,-6594,145,-468,1,-6294
-75,-77,-9,-6418,144,-472,1,-6236
-99,-91,38,-6219,157,-443,1,6512
-101,-107,73,-6025,158,-454,1,5783
-112,-115,93,-5994,161,-457,1,5699
-99,-116,118,-6230,139,-465,1,6506
-85,-104,149,-6723,123,-453,1,7000
-44,-93,159,-7455,45,-453,1,7196
18,-70,158,-8261,-44,-438,0,8465
57,-47,149,-8893,-105,-422,1,9200
68,-27,114,-9249,-151,-409,1,9473
49,-16,65,-9307,-183,-409,1,9480
19,-12,31,-9148,-166,-428,0,8880
-6,-17,4,-8867,20,-615,0,8387
-21,-27,-9,-8577,103,-527,0,-9198
-44,-37,-26,-8240,131,-460,1,-8563
-101,-67,-36,-7807,178,-429,1,-8039
-127,-70,18,-7572,215,-391,1,7400
-79,-90,82,-7716,112,-436,1,8102
-76,-106,120,-7881,108,-444,1,8006
-92,-110,146,-8066,119,-443,1,7915
-60,-107,148,-8449,81,-467,1,8261
-31,-93,142,-8916,39,-468,1,9192
3,-75,141,-9404,-12,-458,0,9663
47,-48,142,-9856,-87,-431,1,9994
69,-40,111,-10183,-148,-440,1,9964
60,-28,77,-10274,-172,-422,1,10566
29,-24,41,-10143,-166,-465,1,9931
4,-27,10,-9879,-99,-629,0,9366
-18,-29,-5,-9511,64,-559,0,-10052
-48,-30,-13,-9083,165,-442,1,-8796
-92,-40,-22,-8634,199,-392,1,-8340
-135,-47,8,-8247,249,-373,1,8472
-141,-58,47,-8084,228,-366,1,7811
-124,-89,69,-8146,187,-430,1,7842
-115,-120,102,-8420,154,-446,1,8612
-92,-110,152,-8887,117,-433,1,9182
-60,-80,188,-9552,71,-415,1,9309
-21,-59,181,-10293,14,-413,0,10559
22,-41,159,-10985,-54,-421,0,11226
55,-26,125,-11430,-122,-416,1,11539
48,-13,90,-11554,-145,-404,1,11335
26,-11,45,-11413,-164,-434,1,11704
-1,-22,4,-11099,-21,-652,0,-10711
-23,-22,-14,-10652,115,-491,0,-10255
-59,-33,-40,-10128,140,-407,1,-9900
-97,-26,-35,-9574,217,-344,1,-9396
-138,-29,1,-9179,282,-345,1,8975
-146,-59,48,-9022,237,-386,1,8905
-151,-92,83,-9140,214,-404,1,8811
-126,-105,112,-9551,162,-439,1,9276
-95,-102,142,-10149,115,-441,1,9945
-49,-70,174,-10821,51,-412,1,11060
-11,-54,166,-11523,2,-417,0,11323
24,-34,151,-12128,-61,-407,0,11865
38,-24,114,-12515,-100,-413,1,12637
33,-13,80,-12669,-119,-392,1,12531
20,-15,43,-12612,-137,-437,0,12364
2,-24,10,-12373,-65,-613,0,12909
-20,-24,-2,-11975,93,-542,0,-11394
-44,-24,-21,-11522,162,-431,1,-11303
-94,-41,-46,-11027,176,-399,1,-10872
-152,-58,-22,-10568,238,-369,1,-10338
-179,-92,23,-10274,243,-378,1,10582
-163,-121,69,-10300,194,-439,1,10707
-132,-114,103,-10633,181,-443,1,10257
-136,-94,134,-11154,179,-414,1,10976
-88,-49,173,-11953,102,-378,1,12134
-12,-34,173,-12913,-1,-381,0,-13194
51,-19,155,-13784,-104,-383,1,13431
72,-16,119,-14306,-158,-395,1,14021
59,-14,82,-14473,-172,-388,1,14791
33,-13,44,-14415,-182,-420,1,14682
-4,-30,-4,-14203,-11,-654,0,13794
-24,-35,-29,-13857,44,-500,0,-14293
-66,-42,-41,-13418,145,-429,1,-13592
-118,-46,-19,-12872,216,-372,1,-13222
-128,-40,10,-12383,259,-354,1,12397
-124,-66,23,-12060,231,-396,1,11865
-139,-92,60,-11925,214,-410,1,12085
-141,-100,119,-12075,183,-409,1,11934
-128,-94,155,-12534,162,-409,1,12661
-89,-64,182,-13252,106,-392,1,13052
-27,-46,185,-14105,17,-392,1,13827
25,-39,153,-14910,-59,-417,1,15106
46,-33,118,-15468,-114,-426,1,15816
38,-21,86,-15719,-133,-421,1,15393
12,-16,50,-15699,-99,-436,0,15536
-14,-21,18,-15491,47,-532,0,16055
-27,-34,-7,-15208,82,-550,1,-14639
-50,-40,-21,-14887,141,-471,1,-15229
-79,-44,-27,-14568,175,-421,1,-14737
-103,-60,-5,-14263,189,-402,1,-14017
-116,-58,32,-14005,224,-383,1,14147
-146,-96,52,-13763,217,-415,1,13436
-147,-107,89,-13810,196,-424,1,13360
-115,-106,123,-14200,155,-434,1,13886
-77,-80,163,-14844,99,-407,1,14509
-35,-57,182,-15641,34,-403,1,15367
5,-43,156,-16462,-21,-421,0,16716
32,-29,115,-17090,-82,-425,1,17268
46,-23,80,-17487,-150,-427,1,17690
39,-20,47,-17573,-184,-443,1,17841
15,-27,18,-17423,-151,-554,0,18100
6,-33,4,-17056,-109,-654,0,16478
-32,-31,-2,-16478,123,-500,1,-16855
-78,-30,-3,-15918,187,-388,1,-16197
-117,-45,16,-15467,216,-371,1,15755
-161,-51,30,-15109,256,-350,1,15318
-167,-76,50,-15017,235,-375,1,15337
-116,-88,77,-15303,184,-420,1,15031
-112,-102,122,-15758,155,-426,1,15564
-80,-92,156,-16455,101,-436,1,16667
-48,-80,158,-17290,64,-446,1,17033
-13,-53,158,-18123,6,-425,0,18368
22,-37,132,-18880,-60,-429,0,18588
44,-35,91,-19461,-125,-436,1,19869
41,-29,62,-19770,-161,-454,1,19540
15,-31,43,-19798,-109,-495,0,19695
1,-29,27,-19659,-59,-540,0,20207
-11,-37,0,-19418,-4,-642,0,-18808
-28,-45,-22,-19068,54,-532,1,-18560
-58,-44,-28,-18685,135,-446,1,-18893
-90,-62,-25,-18367,165,-419,1,-18119
-113,-56,22,-18031,230,-368,1,18357
-137,-66,61,-17725,235,-365,1,17484
-135,-106,79,-17607,193,-435,1,17686
-130,-115,125,-17869,183,-415,1,17512
-98,-100,171,-18579,109,-423,1,18931
-55,-73,184,-19576,52,-425,1,19758
-14,-61,157,-20600,-1,-437,0,-20846
23,-42,130,-21457,-72,-445,0,21141
34,-26,85,-21972,-119,-445,1,21620
28,-13,40,-22194,-168,-439,1,22427
19,-13,4,-22184,-252,-502,0,22448
0,-16,-18,-21984,-38,-508,0,-21534
-14,-25,-30,-21720,22,-472,0,-21789
-22,-32,-29,-21434,53,-467,0,-21067
-43,-37,-14,-21122,148,-454,1,-21457
-70,-45,23,-20751,169,-384,1,20645
-115,-38,84,-20272,183,-318,1,20133
-134,-76,119,-19963,168,-357,1,19596
-106,-117,152,-19970,120,-416,1,20320
-121,-114,165,-20275,140,-431,1,20159
-95,-91,166,-20996,102,-437,1,21360
-57,-69,156,-21987,76,-449,1,21645
-34,-53,138,-22993,41,-454,1,22688
3,-40,120,-23899,-26,-437,0,23721
30,-27,93,-24558,-97,-444,1,24172
38,-19,57,-24908,-164,-460,1,24621
32,-18,27,-24983,-206,-451,1,24752
14,-20,11,-24815,-166,-535,0,25161
4,-26,-2,-24494,-97,-658,0,-23875
-21,-35,-21,-24084,45,-520,0,-23578
-53,-38,-31,-23654,135,-436,1,-23902
-77,-40,-10,-23301,180,-376,1,-23207
-104,-17,55,-22977,199,-269,1,22600
-133,-48,107,-22755,177,-322,1,22993
-117,-90,139,-22744,143,-379,1,22919
-122,-115,154,-22991,144,-424,1,22635
-83,-105,157,-23628,103,-453,1,23884
-61,-88,155,-24488,80,-460,1,24271
-54,-62,159,-25446,61,-442,1,25205
-14,-44,140,-26411,-3,-459,0,-26187
15,-33,113,-27172,-58,-426,0,27631
30,-17,78,-27695,-120,-422,1,28095
35,-15,42,-27926,-193,-431,1,27775
25,-16,16,-27913,-230,-470,1,27709
8,-21,-2,-27733,-141,-616,0,-28321
-2,-30,-11,-27400,-47,-601,0,26981
-34,-37,-10,-26968,80,-487,1,-26863
-58,-50,-2,-26547,131,-449,1,-26364
-95,-56,36,-26092,181,-397,1,25756
-135,-59,79,-25641,199,-344,1,25928
-140,-92,88,-25373,200,-391,1,25305
-128,-105,116,-25436,162,-430,1,25140
-111,-108,140,-25866,151,-437,1,25760
-95,-82,151,-26649,131,-428,1,27051
-53,-61,150,-27708,70,-430,1,27981
-21,-47,142,-28742,14,-425,0,29013
9,-27,128,-29564,-42,-411,0,29273
27,-20,92,-30150,-93,-406,1,29787
30,-17,53,-30448,-148,-435,1,30710
21,-23,25,-30484,-169,-501,0,30295
14,-25,7,-30313,-156,-565,0,29908
-7,-34,-6,-29944,1,-625,0,-30375
-24,-39,-13,-29481,62,-527,0,-28968
-56,-51,-10,-28995,128,-457,1,-28678
-89,-54,38,-28488,176,-400,1,28208
-131,-51,96,-27959,185,-334,1,27665
-134,-85,107,-27630,175,-394,1,27250
-115,-108,109,-27614,158,-443,1,27278
-105,-104,121,-27914,150,-453,1,27694
-96,-86,133,-28544,126,-444,1,28214
-72,-66,141,-29487,95,-438,1,29260
-29,-54,144,-30516,22,-438,1,30250
13,-37,133,-31415,-51,-419,0,31624
20,-23,88,-32015,-86,-436,0,31920
19,-18,40,-32312,-126,-449,0,32674
6,-18,13,-32380,-109,-576,0,31792
0,-29,-4,-32356,-60,-666,0,-31965
9,-40,-16,-32235,-106,-579,0,-32739
-9,-44,-21,-31922,-2,-558,0,32424
-32,-49,-8,-31392,76,-494,1,-31510
-76,-35,45,-30689,181,-345,1,30282
-130,-34,89,-30000,205,-318,1,29733
-146,-71,102,-29558,198,-368,1,29294
-148,-64,115,-29477,215,-369,1,29279
-132,-73,119,-29874,176,-402,1,29999
-79,-63,171,-30679,107,-387,1,30439
-75,-44,191,-31594,90,-387,1,31340
-37,-43,157,-32632,26,-414,1,32352
-2,-41,120,-33576,-27,-453,0,-33451
-1,-32,91,-34220,-41,-474,0,-33821
13,-27,57,-34603,-88,-470,0,34436
5,-13,32,-34704,-68,-450,0,34342
-11,-18,0,-34620,72,-587,0,34080
-5,-35,-27,-34476,-32,-539,0,33936
-15,-44,-37,-34226,-2,-498,0,33858
-32,-44,-20,-33822,74,-477,1,-34224
-65,-31,27,-33253,198,-380,1,32799
-110,-30,63,-32626,215,-320,1,32469
-131,-43,94,-32088,205,-337,1,31807
-147,-72,117,-31848,191,-374,1,32014
-150,-76,166,-31964,158,-388,1,32189
-116,-74,177,-32526,131,-405,1,32402
-79,-56,156,-33393,100,-417,1,33618
-53,-41,131,-34422,73,-422,1,34565
-41,-32,108,-35432,59,-426,1,35757
-11,-27,90,-36316,-5,-433,0,-35880
19,-20,73,-36985,-92,-428,0,37315
33,-19,46,-37356,-179,-441,1,37119
37,-27,25,-37398,-223,-470,1,37691
19,-34,9,-37119,-172,-572,0,37463
-5,-42,-9,-36626,-52,-627,0,36215
-34,-46,-6,-36031,76,-517,1,-36605
-79,-35,23,-35383,203,-393,1,35597
-107,-42,29,-34836,215,-364,1,35314
-109,-51,69,-34454,181,-353,1,34648
-109,-59,101,-34267,168,-374,1,33847
-128,-84,103,-34189,186,-407,1,34024
-138,-77,129,-34367,196,-393,1,34613
-118,-68,147,-34911,156,-403,1,35318
-81,-52,159,-35776,96,-400,1,35503
-29,-42,152,-36816,26,-416,1,36580
6,-42,135,-37757,-36,-423,0,37459
25,-32,115,-38439,-85,-434,1,38837
23,-21,85,-38777,-93,-415,0,38638
15,-20,44,-38854,-118,-468,0,38481
7,-28,8,-38724,-109,-630,0,38220
-11,-31,-11,-38419,19,-591,0,-37972
-36,-36,-26,-37986,96,-474,1,-38339
-58,-41,-21,-37534,145,-428,1,-37794
-89,-31,18,-37038,226,-350,1,37189
-124,-43,54,-36596,217,-341,1,36634
-118,-60,86,-36318,186,-350,1,35873
-130,-81,81,-36188,210,-402,1,35995
-145,-82,105,-36313,193,-405,1,35878
-111,-74,136,-36859,152,-403,1,36444
-76,-67,153,-37689,101,-415,1,37456
-49,-56,155,-38633,52,-418,1,38882
-23,-45,146,-39578,10,-433,0,39817
5,-36,117,-40357,-42,-445,0,40032
12,-28,81,-40878,-61,-437,0,40545
10,-23,44,-41146,-85,-483,0,41277
12,-32,9,-41231,-120,-609,0,41729
11,-38,-6,-41131,-107,-623,0,-41608
-1,-41,-2,-40826,-45,-666,0,40423
-21,-43,2,-40396,40,-558,0,40944
-60,-48,11,-39848,144,-440,1,39580
-110,-36,35,-39210,224,-346,1,39166
-142,-50,41,-38708,242,-351,1,38409
-136,-69,60,-38455,222,-378,1,38765
-130,-88,98,-38476,187,-402,1,38870
-112,-96,126,-38799,156,-425,1,38647
-111,-84,149,-39425,140,-419,1,39813
-75,-58,169,-40355,77,-413,1,40106
-35,-47,165,-41383,25,-425,1,41149
-4,-30,134,-42224,-22,-427,0,-42443
20,-23,88,-42838,-86,-437,0,42732
24,-20,52,-43152,-132,-451,0,43507
11,-22,29,-43222,-118,-501,0,43349
3,-28,13,-43154,-81,-607,0,43656
-10,-39,-5,-42944,1,-622,0,-42491
-37,-43,-14,-42600,96,-499,1,-42998
-54,-46,-10,-42227,136,-448,1,-42456
-79,-47,19,-41763,185,-388,1,41576
-111,-49,66,-41234,194,-354,1,41133
-126,-83,85,-40812,178,-416,1,40511
-132,-108,85,-40593,191,-438,1,40740
-142,-100,98,-40717,204,-428,1,40676
-120,-76,128,-41371,164,-408,1,40982
-73,-63,149,-42389,87,-414,1,42174
-32,-52,154,-43487,26,-421,1,43221
7,-38,142,-44430,-39,-411,0,44191
39,-21,106,-45096,-114,-415,1,45458
31,-20,55,-45415,-149,-442,1,45171
17,-22,23,-45474,-163,-507,0,45288
5,-27,8,-45329,-104,-625,0,45842
-10,-32,-1,-45010,15,-615,0,-44461
-25,-38,-10,-44563,76,-525,1,-44134
-49,-38,-3,-43985,162,-433,1,-43735
-90,-32,38,-43288,212,-337,1,43248
-132,-44,76,-42614,210,-338,1,42769
-150,-76,87,-42156,208,-378,1,42376
-144,-86,107,-42087,191,-397,1,42471
-132,-78,109,-42475,193,-402,1,42010
-109,-54,140,-43295,143,-381,1,43067
-60,-48,162,-44394,63,-399,1,44141
-31,-46,156,-45498,24,-419,1,45231
-6,-35,131,-46414,-15,-417,0,-46150
21,-35,100,-47113,-89,-450,0,47552
26,-23,80,-47444,-106,-433,1,47317
19,-20,53,-47494,-121,-447,0,47220
18,-25,33,-47354,-143,-494,0,47539
2,-28,20,-47025,-72,-561,0,46536
-26,-37,0,-46562,81,-547,1,47020
-48,-46,-12,-46080,113,-481,1,-45669
-73,-52,-5,-45630,170,-441,1,-45908
-105,-41,35,-45139,204,-322,1,45503
-146,-46,67,-44791,227,-332,1,44962
-148,-63,95,-44750,210,-355,1,44940
-119,-74,133,-45110,160,-381,1,45392
-71,-77,156,-45785,97,-409,1,46004
-36,-73,169,-46602,38,-424,1,46921
-30,-62,162,-47418,33,-434,1,47144
-30,-48,143,-48172,27,-424,1,48425
0,-31,127,-48862,-32,-426,0,48904
37,-25,94,-49364,-121,-433,1,49531
41,-21,61,-49543,-170,-436,1,49311
31,-17,32,-49414,-205,-447,1,49243
16,-27,5,-49060,-158,-572,0,48392
-19,-24,4,-48498,94,-526,0,48929
-45,-24,15,-47917,152,-405,1,47639
-72,-31,29,-47389,179,-375,1,47262
-107,-27,54,-46859,196,-326,1,46798
-131,-36,66,-46423,216,-332,1,46117
-149,-49,80,-46179,226,-342,1,46370
-141,-64,112,-46266,193,-365,1,46548
-116,-78,145,-46689,151,-392,1,47068
-104,-68,175,-47386,118,-396,1,47212
-87,-41,183,-48340,106,-385,1,48627
-62,-20,159,-49450,74,-386,1,49232
-17,-12,127,-50572,6,-394,0,50274
15,-13,97,-51442,-66,-408,0,51527
27,-13,67,-51971,-121,-418,1,51852
25,-13,37,-52165,-166,-436,1,51937
16,-23,11,-52126,-176,-558,0,51472
9,-31,-4,-51876,-127,-625,0,-51388
-14,-36,-14,-51420,22,-561,0,-51933
-42,-36,-7,-50857,130,-457,1,-51182
-83,-32,28,-50216,196,-354,1,50640
-131,-37,65,-49584,210,-332,1,49362
-155,-65,71,-49120,224,-367,1,48847
-152,-88,81,-48956,211,-397,1,48886
-133,-84,107,-49156,189,-402,1,49552
-118,-75,128,-49705,156,-410,1,50065
-91,-56,148,-50575,123,-397,1,50307
-59,-48,153,-51584,70,-407,1,51232
-19,-38,142,-52572,8,-408,0,52351
4,-33,115,-53373,-36,-432,0,53669
15,-27,86,-53877,-73,-439,0,54219
17,-18,61,-54083,-97,-432,0,53938
5,-21,28,-54055,-71,-505,0,53911
-8,-30,5,-53881,5,-633,0,53272
-5,-40,-7,-53575,-31,-636,0,54020
-29,-37,-8,-53074,93,-507,1,-52939
-68,-36,8,-52429,178,-397,1,52633
-93,-30,51,-51730,180,-338,1,52101
-143,-43,75,-51078,215,-341,1,50922
-156,-69,75,-50675,222,-378,1,50370
-145,-82,89,-50670,195,-410,1,50220
-137,-75,124,-51063,181,-391,1,50936
-109,-60,156,-51827,135,-392,1,52154
-72,-51,161,-52854,87,-407,1,53091
-41,-38,154,-53948,43,-413,1,54168
-4,-32,132,-54959,-18,-427,0,-55184
28,-29,96,-55706,-95,-443,1,55326
29,-28,61,-56112,-130,-462,1,55899
19,-21,36,-56222,-144,-472,0,56036
9,-25,12,-56121,-128,-588,0,55571
-7,-30,-1,-55847,-4,-634,0,55365
-24,-32,-5,-55452,67,-519,0,-56017
-44,-37,0,-55000,137,-453,1,55190
-74,-28,38,-54502,192,-367,1,54588
-122,-38,69,-53983,204,-334,1,54085
-141,-64,73,-53555,213,-365,1,53362
-137,-84,91,-53354,195,-393,1,53665
-123,-96,116,-53458,159,-426,1,53685
-118,-81,137,-53892,162,-408,1,54041
-95,-58,149,-54642,131,-399,1,54413
-64,-51,147,-55606,89,-413,1,55405
-47,-43,144,-56616,59,-419,1,56361
-15,-34,125,-57543,0,-431,0,57656
7,-32,90,-58275,-51,-456,0,57879
14,-26,61,-58701,-90,-464,0,58610
11,-24,36,-58863,-101,-493,0,58460
-7,-27,13,-58850,7,-600,0,59298
-9,-41,-14,-58759,-10,-606,0,59389
-9,-44,-22,-58530,-17,-556,0,59054
-21,-43,-23,-58147,27,-506,0,-58091
-28,-28,2,-57592,136,-468,1,57773
-101,-21,47,-56829,228,-326,1,56321
-160,-40,80,-56120,230,-340,1,55913
-161,-69,96,-55814,218,-363,1,56114
-152,-80,123,-55927,195,-380,1,56174
-125,-67,159,-56424,143,-390,1,56783
-98,-62,155,-57216,128,-405,1,57007
-82,-42,150,-58136,103,-398,1,57872
-39,-34,142,-59138,28,-411,1,58893
0,-32,128,-59987,-42,-440,0,60241
7,-21,108,-60514,-46,-405,0,60837
8,-15,75,-60788,-68,-421,0,60635
2,-17,41,-60857,-61,-460,0,60534
-5,-24,20,-60784,-19,-550,0,-61278
-11,-28,5,-60591,35,-604,0,61120
-33,-38,-7,-60250,111,-517,1,-59699
-51,-40,-4,-59798,122,-440,1,-59470
-78,-33,17,-59215,199,-370,1,59015
-120,-35,32,-58590,243,-338,1,58633
-143,-48,47,-58100,246,-345,1,58320
-150,-64,79,-57892,226,-362,1,58190
-146,-82,114,-58042,196,-385,1,58188
-140,-71,151,-58566,175,-376,1,58692
-118,-43,173,-59490,131,-368,1,59772
-74,-26,170,-60690,82,-371,1,60616
-27,-20,148,-61891,20,-377,1,61488
3,-20,115,-62950,-44,-410,0,62518
27,-21,83,-63688,-123,-430,1,63823
28,-24,48,-64089,-173,-471,1,64282
37,-32,23,-64167,-238,-506,1,64412
24,-32,13,-63934,-211,-548,0,64324
-1,-32,4,-63477,-55,-654,0,-62807
-23,-32,-1,-62959,81,-527,0,-63419
-52,-38,-2,-62433,153,-431,1,-62148
-80,-20,39,-61915,206,-334,1,61473
-124,-26,69,-61476,212,-325,1,61847
-133,-43,95,-61209,197,-345,1,61047
-138,-59,117,-61183,187,-368,1,61423
-123,-83,141,-61478,161,-388,1,61857
-107,-68,181,-62082,129,-385,1,62239
-87,-52,188,-62957,90,-393,1,62692
-48,-36,184,-64001,42,-405,1,64265
-8,-25,160,-64939,-12,-400,0,-64660
10,-21,114,-65634,-52,-432,0,65939
14,-22,71,-66032,-84,-469,0,65590
10,-20,44,-66191,-89,-469,0,66357
7,-24,22,-66204,-99,-544,0,65762
0,-28,9,-66110,-60,-633,0,65646
-12,-32,0,-65919,23,-606,0,66338
-27,-35,-4,-65669,85,-520,1,-66287
-45,-36,1,-65384,145,-446,1,65094
-69,-36,29,-65007,182,-394,1,64680
-108,-32,63,-64532,204,-322,1,64982
-149,-54,81,-64096,218,-362,1,64287
-162,-68,100,-63929,222,-360,1,63620
-138,-71,124,-64196,189,-375,1,64440
-110,-62,152,-64861,147,-375,1,64626
-80,-46,182,-65822,97,-372,1,65752
-44,-37,186,-66940,40,-387,1,66663
-4,-30,162,-67984,-16,-395,0,-67765
12,-23,130,-68808,-53,-417,0,69065
26,-17,98,-69340,-94,-403,1,69503
31,-19,61,-69542,-144,-438,1,69292
10,-21,35,-69443,-105,-483,0,69367
6,-28,10,-69196,-109,-619,0,68696
-7,-31,-4,-68775,-23,-632,0,69342
-46,-26,-7,-68239,188,-437,1,-68536
-81,-22,4,-67710,238,-354,1,68016
-102,-19,18,-67232,263,-322,1,67263
-134,-32,22,-66828,279,-326,1,67030
-155,-47,54,-66577,260,-328,1,66770
-154,-53,111,-66625,212,-335,1,66843
-136,-65,161,-67061,162,-356,1,66640
-92,-58,192,-67840,107,-374,1,67904
-68,-50,184,-68789,71,-393,1,69042
-45,-47,161,-69819,45,-416,1,70056
-20,-37,147,-70778,5,-422,0,71039
-5,-29,123,-71530,-22,-428,0,-71351
5,-19,98,-72050,-47,-409,0,71856
16,-16,63,-72332,-104,-436,0,72573
11,-22,29,-72357,-121,-512,0,72482
-4,-28,3,-72184,-35,-666,0,-72534
-9,-30,-12,-71899,-15,-587,0,72322
-30,-36,-24,-71511,57,-483,1,-71336
-58,-22,-9,-71069,204,-366,1,-70683
-106,-14,23,-70619,264,-317,1,70558
-137,-25,62,-70212,236,-299,1,70440
-156,-49,87,-69963,235,-331,1,69652
-158,-79,114,-69942,213,-367,1,69676
-133,-88,147,-70269,174,-391,1,70423
-103,-81,172,-70936,131,-402,1,70812
-70,-64,183,-71864,74,-404,1,72096
-33,-51,188,-72943,8,-414,1,73174
36,-41,158,-73957,-99,-419,1,74165
41,-26,123,-74449,-113,-427,1,74562
-15,-6,78,-74460,16,-383,0,74738
-25,-8,35,-74412,88,-415,1,74578
-20,-17,8,-74379,133,-507,0,74748
-31,-22,-4,-74282,157,-482,1,-74591
-37,-32,-17,-74149,131,-476,1,-73941
-43,-36,-19,-73966,129,-449,1,-74165
-52,-35,-7,-73711,179,-416,1,-73431
-95,-40,24,-73282,235,-376,1,73663
-142,-49,64,-72763,240,-360,1,73043
-167,-83,87,-72431,238,-374,1,72661
-159,-94,122,-72520,207,-389,1,72374
-142,-83,161,-73074,169,-382,1,72920
-94,-57,195,-74108,98,-378,1,73925
-42,-46,180,-75285,35,-400,1,75531
-11,-30,150,-76393,-12,-403,0,-76659
15,-20,108,-77243,-69,-410,0,76821
19,-18,71,-77781,-98,-426,0,77403
15,-15,46,-78017,-114,-433,0,78124
17,-17,25,-78027,-158,-466,0,78236
8,-21,9,-77799,-131,-581,0,77111
-3,-25,-5,-77380,-25,-633,0,76863
-21,-22,-9,-76793,101,-486,0,-76404
-47,-17,11,-76058,218,-379,1,75919
-93,-8,45,-75207,220,-310,1,74842
-148,-22,70,-74350,233,-324,1,74500
-189,-60,79,-73703,243,-344,1,73353
-193,-80,108,-73537,214,-377,1,73230
-162,-73,148,-73954,184,-368,1,74056
-129,-55,166,-74829,141,-376,1,75173
-89,-29,167,-76034,98,-365,1,76015
-40,-16,160,-77249,27,-366,1,76861
13,-13,143,-78419,-63,-389,0,78692
35,-10,117,-79180,-107,-397,1,79089
28,-4,81,-79527,-119,-391,1,79643
22,-8,42,-79567,-163,-413,0,79817
12,-16,11,-79376,-188,-528,0,79025
-5,-23,-10,-78980,-13,-592,0,79577
-25,-29,-21,-78471,71,-479,1,-78605
-36,-25,-12,-77943,151,-419,1,-78193
-77,-12,23,-77299,245,-300,1,76927
-132,-8,44,-76577,272,-279,1,76685
-165,-31,53,-75995,274,-311,1,75890
-186,-48,75,-75725,273,-326,1,75590
-189,-50,123,-75888,237,-325,1,76083
-172,-38,179,-76557,187,-320,1,76470
-125,-11,213,-77673,103,-324,1,77548
-38,-9,196,-78913,3,-360,1,79310
0,-13,159,-80087,-38,-388,0,80353
13,-7,129,-80891,-60,-376,0,80446
15,-4,92,-81329,-87,-394,0,80957
3,-3,54,-81453,-65,-393,0,81873
-4,-12,18,-81388,2,-491,0,80923
-13,-21,-5,-81167,59,-577,0,-81772
-23,-27,-18,-80827,77,-495,0,-80391
-34,-30,-22,-80426,102,-452,1,-80807
-57,-24,-2,-79912,227,-385,1,-80234
-101,-8,37,-79266,252,-306,1,78889
-138,-33,57,-78649,246,-320,1,78434
-147,-60,74,-78224,226,-374,1,78072
-154,-74,105,-78045,201,-386,1,78126
-150,-71,146,-78248,178,-371,1,77861
-134,-53,173,-78853,141,-374,1,79331
-106,-36,170,-79775,120,-374,1,79472
-73,-27,151,-80832,85,-386,1,80557
-43,-19,139,-81893,41,-391,1,81659
-9,-11,123,-82782,-21,-392,0,-82614
13,-7,90,-83417,-72,-398,0,83009
17,-13,44,-83758,-126,-438,0,83670
16,-21,9,-83840,-190,-555,0,83431
3,-26,-7,-83658,-82,-634,0,-83200
-14,-28,-10,-83316,39,-557,0,-83814
-28,-29,-9,-82878,107,-489,1,-82483
-59,-25,3,-82321,213,-381,1,81947
-95,-19,32,-81668,232,-316,1,81599
-137,-31,63,-81014,235,-316,1,81167
-157,-56,76,-80513,237,-350,1,80852
-163,-73,100,-80340,217,-368,1,80104
-156,-73,138,-80609,188,-371,1,80756
-115,-65,170,-81353,127,-382,1,80977
-72,-54,183,-82389,74,-395,1,82130
-58,-39,162,-83506,57,-404,1,83749
-30,-24,136,-84540,13,-407,1,84769
2,-19,105,-85405,-47,-416,0,85078
15,-18,75,-85919,-89,-428,0,85562
18,-16,45,-86137,-132,-446,0,86388
20,-25,14,-86117,-193,-539,0,86718
16,-24,1,-85866,-195,-561,0,85407
-13,-23,-4,-85417,68,-563,0,-85958
-42,-19,2,-84878,197,-401,1,84706
-76,-11,24,-84284,241,-330,1,84185
-103,-16,42,-83698,228,-304,1,83834
-134,-28,55,-83159,249,-311,1,83379
-170,-55,86,-82789,237,-330,1,82442
-160,-73,147,-82837,184,-353,1,82443
-132,-82,185,-83322,145,-379,1,83194
-91,-72,199,-84189,101,-398,1,84461
-58,-55,188,-85229,61,-411,1,85499
-63,-31,163,-86200,68,-404,1,86496
-31,-14,127,-87129,24,-403,1,87485
-2,-13,89,-87852,-27,-414,0,-87803
5,-12,59,-88320,-57,-423,0,88406
11,-13,34,-88561,-108,-447,0,88066
14,-18,12,-88633,-164,-525,0,88198
14,-25,-1,-88523,-168,-582,0,-88893
10,-23,-3,-88210,-143,-586,0,-88651
-20,-22,-9,-87715,108,-482,0,-87844
-45,-7,9,-87095,243,-322,1,87460
-90,0,46,-86402,206,-269,1,-86072
-135,-9,78,-85665,214,-278,1,85920
-173,-41,92,-85019,243,-298,1,85275
-202,-74,112,-84667,235,-350,1,84991
-186,-84,142,-84848,203,-372,1,84656
-135,-65,164,-85579,152,-378,1,85962
-102,-42,168,-86707,109,-378,1,86849
-69,-22,165,-87922,60,-375,1,87756
-39,-11,150,-89068,28,-376,1,88633
-9,-4,115,-89981,-20,-392,0,-89747
13,-8,74,-90609,-72,-382,0,90248
21,-9,49,-90952,-134,-406,0,90745
16,-14,28,-91020,-153,-457,0,90840
10,-21,16,-90880,-128,-533,0,90264
2,-24,5,-90527,-75,-638,0,91067
-19,-24,-2,-89949,99,-519,0,-89408
-46,-16,0,-89179,216,-364,1,89544
-90,-11,23,-88357,252,-308,1,88236
-141,-13,53,-87525,252,-297,1,87174
-180,-51,58,-86859,264,-341,1,86958
-193,-77,87,-86587,233,-377,1,86899
-175,-84,129,-86832,193,-388,1,86546
-142,-70,166,-87580,154,-378,1,87957
-96,-47,181,-88713,89,-383,1,88936
-50,-34,165,-89929,41,-397,1,89691
-24,-22,138,-90957,13,-389,0,90703
0,-12,107,-91747,-35,-396,0,92073
15,-8,73,-92240,-81,-384,0,92451
20,-13,42,-92463,-140,-430,0,92216
15,-19,22,-92440,-152,-498,0,92280
8,-21,12,-92222,-126,-568,0,92773
-4,-27,2,-91840,-5,-643,0,-91169
-24,-24,0,-91311,135,-496,0,91588
-50,-15,12,-90641,219,-357,1,91039
-93,-1,40,-89836,224,-278,1,89961
-137,-9,52,-89015,256,-307,1,88883
-180,-33,58,-88298,271,-332,1,88071
-202,-52,90,-87929,252,-329,1,87663
-176,-61,130,-88130,202,-350,1,88516
-146,-54,151,-88779,166,-368,1,88883
-117,-27,173,-89782,127,-344,1,89949
-72,-16,168,-90946,68,-361,1,90766
-40,-14,145,-92062,34,-378,1,91774
-29,-8,118,-92942,20,-381,1,92683
-6,-8,89,-93633,-30,-392,0,-93188
12,-13,67,-94034,-85,-413,0,93912
11,-15,50,-94150,-91,-429,0,93702
1,-19,31,-94041,-62,-488,0,93836
-7,-25,16,-93756,10,-561,0,93197
-35,-26,14,-93279,135,-466,1,93502
-52,-26,8,-92700,188,-421,1,92962
-68,-35,-7,-92037,202,-405,1,-91839
-112,-29,8,-91274,268,-332,1,91318
-166,-25,39,-90591,284,-324,1,90392
-192,-43,74,-90229,262,-320,1,90257
-174,-62,106,-90372,231,-347,1,90183
-154,-59,159,-90965,167,-362,1,90789
-103,-45,203,-92016,101,-359,1,91886
-71,-36,189,-93178,69,-388,1,92900
-59,-25,153,-94354,52,-398,1,94608
-25,-22,127,-95409,5,-396,1,95567
4,-16,106,-96248,-61,-410,0,95793
9,-14,73,-96780,-84,-420,0,97204
5,-14,38,-97082,-92,-449,0,96910
1,-16,8,-97187,-72,-595,0,96691
-3,-23,-16,-97124,-39,-555,0,96630
-10,-23,-28,-96907,1,-471,0,-97116
-15,-22,-32,-96552,25,-426,0,-96402
-42,-20,-23,-96038,181,-384,1,-95937
-105,-24,5,-95342,284,-339,1,95322
-148,-43,32,-94620,280,-331,1,94547
-181,-72,71,-94137,267,-326,1,94017
-163,-88,123,-94093,190,-388,1,93756
-151,-92,172,-94477,169,-376,1,94384
-117,-55,208,-95251,111,-362,1,95621
-65,-42,191,-96282,62,-381,1,96654
-37,-29,163,-97311,26,-388,1,97567
-3,-21,135,-98258,-32,-393,0,-98006
18,-13,106,-98959,-84,-393,0,99107
33,-9,81,-99376,-136,-390,1,99670
31,-8,62,-99447,-159,-389,1,99657
21,-8,43,-99197,-158,-396,0,98897
-5,-14,17,-98712,3,-498,0,98431
-30,-20,-6,-98134,173,-465,1,-97825
-51,-26,-18,-97506,186,-416,1,-97790
-86,-18,3,-96837,267,-340,1,96856
-110,-7,42,-96158,240,-278,1,95802
-136,-28,56,-95544,261,-310,1,95648
-166,-37,70,-95072,274,-321,1,95177
-175,-48,88,-94916,243,-352,1,95157
-164,-38,124,-95178,212,-327,1,94882
-153,-20,158,-95810,167,-326,1,96181
-114,1,183,-96802,111,-302,1,-97192
-59,-3,171,-97899,50,-338,1,98201
-43,-13,149,-98918,37,-366,1,99229
-41,-17,132,-99765,36,-376,1,99416
-31,-23,111,-100491,19,-408,1,100714
-27,-27,88,-101081,18,-431,1,101183
-15,-27,73,-101554,-13,-441,0,-101723
7,-23,56,-101894,-83,-448,0,102339
5,-29,35,-102039,-82,-511,0,102145
6,-26,19,-102000,-90,-550,0,101405
0,-27,8,-101784,-46,-620,0,102337
-13,-23,5,-101407,59,-558,0,101909
-4,-35,-3,-100893,-42,-643,0,100502
-23,-32,3,-100231,97,-504,0,99864
-68,-20,30,-99376,221,-315,1,99717
-117,-13,60,-98519,238,-299,1,98645
-159,-41,62,-97761,268,-333,1,97579
-183,-57,86,-97261,258,-343,1,97123
-181,-63,104,-97164,239,-355,1,96999
-163,-48,128,-97523,213,-339,1,97659
-141,-24,168,-98328,166,-319,1,98751
-108,-19,188,-99424,112,-332,1,99746
-66,-21,176,-100586,61,-361,1,100698
-36,-28,151,-101691,18,-396,1,101391
-11,-25,126,-102591,-19,-411,0,-102745
-15,-26,96,-103231,-3,-428,0,-103139
-15,-25,68,-103698,4,-446,0,103672
-12,-28,44,-104025,3,-486,0,104320
-6,-26,26,-104258,-31,-537,0,-103748
2,-23,6,-104343,-75,-642,0,103757
-1,-25,-11,-104247,-40,-595,0,103763
-4,-27,-21,-103959,-27,-520,0,103428
-4,-24,-18,-103490,-18,-503,0,103841
-28,-15,-12,-102792,187,-405,1,-102582
-88,5,10,-101847,306,-250,1,-101447
-134,2,51,-100948,263,-255,1,-101150
-151,-15,88,-100298,234,-282,1,100089
-166,-37,131,-99939,209,-308,1,100225
-182,-47,165,-99941,192,-330,1,100304
-173,-44,180,-100305,169,-353,1,99881
-156,-24,200,-101046,149,-344,1,101168
-106,-7,189,-102057,103,-353,1,102270
-88,1,158,-103145,102,-357,1,-103202
-83,7,128,-104135,108,-356,1,-104224
-60,5,105,-105097,87,-346,1,-105427
-22,1,80,-106007,19,-370,0,-106291
1,-10,47,-106733,-55,-422,0,106842
13,-21,21,-107243,-150,-524,0,106618
13,-31,2,-107504,-143,-620,0,106777
4,-39,-11,-107558,-71,-626,0,-108089
3,-45,-17,-107460,-84,-598,0,-107001
11,-52,-12,-107235,-120,-594,0,-106742
16,-33,2,-106824,-161,-544,0,107464
-47,-10,12,-106046,251,-336,1,106401
-108,-13,13,-105171,290,-312,1,105134
-117,-21,24,-104424,282,-300,1,104365
-159,-31,31,-103830,300,-315,1,103711
-159,-17,98,-103548,214,-285,1,103774
-133,-42,152,-103639,166,-327,1,103680
-169,-42,182,-103945,191,-327,1,104389
-143,-20,208,-104622,127,-333,1,104912
-79,-10,200,-105637,72,-341,1,105780
-62,0,167,-106677,58,-354,1,-106871
-45,9,145,-107653,29,-343,1,-107897
-18,5,119,-108481,-8,-357,0,108226
-7,0,92,-109103,-28,-374,0,109336
-2,-10,59,-109490,-38,-415,0,-109116
-1,-23,32,-109688,-35,-502,0,-109973
6,-30,10,-109693,-103,-635,0,110195
-5,-38,-9,-109474,-30,-652,0,108828
-11,-36,-19,-109099,8,-562,0,-108587
-16,-34,-28,-108546,34,-499,0,-109031
-43,-21,-23,-107743,194,-398,1,-107963
-96,-8,-22,-106787,291,-324,1,-106765
-143,-9,-20,-105806,324,-298,1,-105911
-203,-13,15,-104998,338,-288,1,105122
-205,-33,58,-104604,285,-310,1,104550
-195,-40,105,-104759,227,-318,1,104551
-163,-32,150,-105392,172,-322,1,105066
-122,-21,180,-106329,116,-337,1,106150
-74,-14,176,-107432,61,-349,1,107057
-35,-20,144,-108459,22,-383,1,108128
-27,-26,117,-109311,22,-406,1,109320
-31,-26,97,-110003,33,-408,1,109665
-8,-27,78,-110601,-27,-440,0,-111093
2,-32,57,-111028,-48,-469,0,110702
4,-37,34,-111276,-72,-541,0,110832
4,-37,15,-111343,-65,-608,0,110812
-2,-35,0,-111228,-26,-679,0,-110822
-10,-35,-16,-110969,20,-571,0,-111473
-11,-34,-21,-110581,17,-525,0,-110037
-16,-31,-11,-110035,65,-521,0,-110467
-47,-13,9,-109191,258,-340,1,109311
-125,-3,35,-108107,297,-281,1,108069
-182,-25,60,-107149,282,-308,1,107063
-186,-57,87,-106632,239,-349,1,106977
-177,-67,137,-106594,194,-344,1,106892
-148,-63,182,-107083,139,-366,1,107444
-90,-54,185,-107932,87,-387,1,107672
-64,-47,153,-108925,77,-405,1,108590
-62,-31,130,-109891,75,-397,1,109607
-33,-15,126,-110861,12,-385,1,110803
4,-11,112,-111644,-61,-392,0,112092
20,-3,93,-112127,-100,-396,0,111711
11,-7,57,-112304,-86,-404,0,112479
2,-19,19,-112246,-53,-533,0,111700
-2,-22,-4,-111992,-12,-651,0,112611
-19,-27,-25,-111505,55,-490,0,-111197
-41,-20,-28,-110869,154,-401,1,-110654
-72,-22,-12,-110156,244,-368,1,-110475
-127,-25,24,-109347,282,-304,1,109418
-179,-69,46,-108694,258,-363,1,108582
-185,-106,87,-108409,222,-395,1,108201
-189,-99,116,-108591,212,-404,1,108992
-170,-63,135,-109312,196,-377,1,109392
-108,-33,165,-110476,116,-359,1,110196
-24,-15,169,-111691,0,-363,0,112018
35,-18,139,-112846,-104,-407,1,113030
50,-16,104,-113519,-134,-389,1,113209
38,-13,66,-113753,-154,-407,1,113980
9,-19,19,-113655,-107,-520,0,113041
0,-20,-5,-113330,-49,-641,0,-112661
-8,-18,-16,-112832,17,-509,0,-112970
-35,-16,-12,-112190,186,-397,1,-112431
-66,-7,13,-111402,249,-302,1,111284
-109,-10,24,-110574,277,-305,1,110518
-160,-26,32,-109746,295,-314,1,109578
-207,-57,65,-109166,274,-335,1,109189
-199,-81,99,-109114,233,-363,1,109388
-159,-67,148,-109631,174,-361,1,110003
-111,-52,185,-110570,100,-370,1,110107
-49,-36,191,-111673,20,-388,1,111872
-28,-29,161,-112604,10,-405,1,112352
-27,-14,131,-113288,19,-383,1,113533
-17,-10,93,-113825,1,-404,0,114036
-3,-13,59,-114210,-22,-411,0,-114586
4,-21,29,-114431,-74,-514,0,113849
7,-26,3,-114449,-104,-636,0,113939
-7,-33,-10,-114218,2,-609,0,-113767
-12,-26,-14,-113802,44,-540,0,-114340
-46,-15,-14,-113199,220,-375,1,-113578
-89,-8,-3,-112491,300,-314,1,-112418
-102,-16,0,-111786,296,-326,1,111789
-127,-28,1,-111035,306,-332,1,111012
-165,-37,22,-110348,311,-304,1,110470
-196,-42,88,-110015,242,-312,1,109770
-181,-38,152,-110260,177,-317,1,110388
-151,-27,175,-111050,124,-327,1,110803
-61,-27,170,-112215,46,-356,1,112532
-29,-35,154,-113373,18,-389,1,113645
-35,-33,144,-114311,32,-392,1,114608
-35,-25,134,-115159,14,-410,1,114942
0,-21,116,-115885,-49,-412,0,116069
14,-16,93,-116348,-82,-414,0,116713
22,-10,62,-116551,-126,-413,0,116356
23,-20,21,-116505,-202,-499,0,116272
12,-16,6,-116228,-199,-543,0,115932
-9,-17,-8,-115786,46,-552,0,-116318
-18,-26,-19,-115305,52,-492,0,-115632
-28,-21,-8,-114749,155,-434,1,-114974
-76,-15,21,-114079,241,-316,1,113671
-109,-14,42,-113389,249,-294,1,113528
-162,-23,49,-112730,291,-298,1,112854
-186,-42,80,-112330,263,-310,1,112184
-171,-51,132,-112366,211,-328,1,112486
-164,-52,173,-112851,165,-336,1,112902
-102,-24,216,-113746,80,-334,1,114149
-47,-17,198,-114843,34,-360,1,114980
-26,-16,167,-115864,8,-368,1,116034
-9,-8,151,-116730,-27,-378,0,-116225
4,-1,129,-117333,-58,-377,0,117650
7,1,98,-117647,-64,-376,0,-117409
-2,-1,60,-117692,-48,-401,0,-117308
-13,-11,23,-117559,69,-448,0,117471
-22,-17,-4,-117304,152,-501,0,-117600
-31,-23,-24,-116934,118,-456,1,-117097
-41,-24,-33,-116503,142,-407,1,-116243
-68,-15,-19,-115957,250,-340,1,-115970
-92,-17,2,-115321,292,-323,1,115284
-123,-28,34,-114630,271,-342,1,114655
-162,-54,56,-114036,258,-367,1,114096
-177,-77,92,-113722,224,-383,1,113924
-186,-79,124,-113837,222,-364,1,114065
-177,-49,161,-114437,183,-341,1,114373
-121,-29,170,-115486,116,-350,1,115449
-72,-21,152,-116670,70,-365,1,116319
-36,-11,136,-117820,18,-369,1,118267
2,-6,115,-118698,-52,-373,0,118424
21,-5,90,-119257,-90,-368,0,118951
19,-6,61,-119482,-116,-389,0,119655
11,-12,33,-119435,-117,-437,0,119657
5,-13,12,-119160,-110,-531,0,119567
-15,-21,-6,-118697,99,-543,0,-118217
-36,-22,-11,-118080,154,-435,1,-117801
-56,-22,0,-117437,219,-384,1,117561
-82,-16,27,-116712,232,-319,1,116343
-130,-17,45,-115919,269,-308,1,115791
-183,-47,52,-115177,273,-353,1,114998
-201,-72,81,-114805,250,-358,1,114998
-183,-76,117,-114971,206,-382,1,114722
-159,-62,145,-115636,180,-367,1,115288
-135,-33,169,-116630,142,-352,1,116296
-86,-8,166,-117792,86,-348,1,118245
-38,-5,136,-118940,35,-361,1,119162
-2,-8,106,-119869,-32,-379,0,-120120
15,-9,83,-120496,-75,-377,0,120779
22,-5,61,-120817,-115,-383,0,120529
15,-9,38,-120884,-119,-401,0,121334
11,-16,15,-120729,-142,-508,0,120551
10,-18,0,-120323,-164,-577,0,120056
3,-9,-14,-119639,-85,-451,0,-119493
-37,9,-2,-118679,260,-240,1,118354
-111,27,43,-117605,212,-233,1,-117510
-156,4,75,-116625,225,-280,1,-116402
-196,-28,74,-115788,269,-322,1,115862
-213,-62,85,-115310,249,-354,1,115530
-187,-88,108,-115347,209,-388,1,115522
-173,-76,123,-115840,198,-390,1,116131
-164,-41,134,-116738,183,-368,1,117207
-127,-7,128,-117902,155,-345,1,118197
-88,5,108,-119167,125,-342,1,-118892
-48,7,95,-120382,64,-329,1,-120642
8,9,99,-121548,-84,-327,0,-121791
55,0,85,-122343,-189,-362,1,-121939
44,-10,59,-122676,-182,-380,1,122592
25,-12,34,-122641,-195,-421,1,122437
20,-19,9,-122339,-232,-510,0,122101
4,-24,-10,-121784,-88,-589,0,-121269
-19,-21,-22,-120999,94,-464,0,-121127
-74,-23,-22,-120078,231,-359,1,-120006
-116,-14,10,-119172,294,-302,1,119295
-150,-32,38,-118469,277,-319,1,118336
-188,-60,72,-118028,253,-338,1,117868
-200,-77,115,-118032,223,-354,1,117834
-195,-60,148,-118601,221,-326,1,118462
-135,-16,186,-119702,126,-317,1,119527
-37,-8,183,-120943,11,-342,1,121255
0,-14,159,-122135,-30,-368,0,122100
12,-11,132,-123085,-54,-365,0,123157
27,-10,103,-123779,-98,-377,1,123629
34,-9,76,-124240,-129,-372,1,124121
43,-10,50,-124472,-213,-395,1,124794
43,-11,28,-124372,-256,-393,1,124058
25,2,34,-123873,-177,-322,1,-123436
4,9,33,-123041,-46,-288,0,-123325
-27,3,11,-122045,244,-316,1,-122211
-58,1,-1,-120846,315,-321,1,120909
-109,9,11,-119637,290,-277,1,-119568
-168,21,43,-118402,272,-252,1,-118769
-214,-23,32,-117390,308,-317,1,117349
-214,-50,54,-116847,268,-351,1,116973
-187,-59,100,-116825,219,-347,1,117054
-175,-59,129,-117265,193,-357,1,117667
-141,-36,159,-118091,140,-362,1,117916
-101,-23,157,-119145,102,-376,1,118933
-73,-15,157,-120222,62,-383,1,119813
-11,3,147,-121201,-38,-381,0,121009
27,1,99,-121791,-100,-393,1,-121392
7,6,51,-121928,-54,-361,0,-122155
-20,4,11,-121843,199,-335,0,-121446
-19,-4,-16,-121706,146,-403,0,-121462
-27,-14,-27,-121463,127,-414,1,-121755
-49,-10,-25,-121100,192,-355,1,-120972
-62,-5,-10,-120696,261,-316,1,-120699
-83,-9,5,-120214,284,-305,1,120293
-127,-2,41,-119543,261,-272,1,119465
-165,-23,56,-118890,270,-307,1,119004
-199,-53,74,-118443,264,-332,1,118354
-210,-64,94,-118449,262,-326,1,118336
-173,-48,129,-119058,198,-337,1,118918
-111,-29,158,-120137,118,-342,1,119940
-79,-29,151,-121311,86,-368,1,120865
-67,-21,140,-122419,72,-373,1,122839
-50,-11,130,-123341,53,-367,1,122925
-17,-6,111,-124089,-11,-383,0,-124341
13,-3,86,-124545,-95,-404,0,124694
13,0,52,-124611,-100,-380,0,-124898
-15,-1,17,-124366,110,-382,0,124099
-28,-6,-7,-123962,220,-405,1,-124267
-41,-13,-14,-123445,207,-401,1,-123714
-59,-13,-5,-122810,240,-362,1,-122386
-91,-11,9,-122113,266,-323,1,122130
-143,-9,22,-121356,281,-298,1,121512
-179,-33,28,-120784,283,-316,1,120674
-182,-49,58,-120567,260,-326,1,120331
-162,-55,97,-120765,216,-342,1,120516
-141,-59,134,-121348,173,-357,1,121849
-118,-47,161,-122234,126,-370,1,121999
-95,-34,156,-123335,103,-375,1,122935
-71,-20,140,-124517,78,-369,1,124800
-32,-13,124,-125651,18,-376,1,125915
1,-15,98,-126598,-49,-393,0,126802
17,-13,68,-127227,-97,-400,0,127310
12,-12,38,-127568,-100,-415,0,127889
17,-14,11,-127703,-208,-486,0,127977
16,-17,-3,-127606,-193,-516,0,-127159
-1,-14,4,-127228,-9,-602,0,-127650
-12,-15,25,-126652,60,-410,0,126720
-16,-21,51,-125932,43,-372,0,125593
-56,-11,99,-124980,106,-301,1,125224
-99,-20,138,-123941,136,-322,1,124181
-145,-63,124,-122999,182,-390,1,123284
-197,-85,112,-122374,229,-402,1,122770
-189,-82,101,-122443,222,-410,1,122758
-136,-67,116,-123142,178,-412,1,123038
-111,-39,150,-124144,129,-386,1,124210
-78,-18,164,-125309,70,-383,1,125119
-23,-3,158,-126393,-2,-366,0,-126045
23,4,123,-127198,-90,-382,0,-127380
29,9,68,-127552,-129,-364,1,-127880
5,7,15,-127565,-113,-281,0,-127788
-1,-9,-27,-127389,-36,-438,0,127002
-6,-11,-36,-127029,-3,-398,0,127381
-30,-7,-31,-126495,122,-354,1,-126724
-59,-3,-18,-125876,228,-306,1,-125517
-77,4,8,-125212,282,-265,1,-125259
-120,2,30,-124459,278,-263,1,-124499
-177,-13,52,-123715,282,-282,1,123850
-195,-37,70,-123234,276,-312,1,123361
-208,-53,100,-123153,246,-341,1,122926
-181,-34,143,-123599,194,-331,1,123743
-142,-17,168,-124487,148,-313,1,124892
-100,-5,166,-125586,99,-328,1,125815
-60,-8,152,-126712,60,-347,1,126774
-60,1,148,-127701,50,-342,1,-127775
-8,3,133,-128528,-53,-368,0,128983
10,8,104,-128961,-77,-368,0,-128652
-4,9,60,-129009,-34,-353,0,128645
2,6,15,-128821,-77,-287,0,-128624
-18,-1,-24,-128370,119,-360,0,-128102
-61,-7,-45,-127718,158,-359,1,-127753
-70,-5,-40,-127032,173,-330,1,-127415
-92,0,-25,-126319,252,-294,1,126199
-121,3,-10,-125559,315,-292,1,125471
-153,-7,8,-124797,339,-284,1,124833
-193,-28,46,-124216,300,-303,1,124355
-204,-55,93,-124006,252,-333,1,124278
-204,-55,126,-124286,238,-319,1,123949
-179,-19,160,-125089,171,-313,1,125232
-104,-10,164,-126254,94,-338,1,126187
-62,-11,150,-127455,48,-358,1,127017
-41,-3,136,-128438,20,-363,1,128106
-17,1,109,-129175,-16,-370,0,129430
0,5,73,-129581,-36,-345,0,-129818
-10,3,37,-129676,3,-373,0,-130002
-9,-3,8,-129552,131,-425,0,129828
-5,-12,-16,-129200,7,-493,0,-129351
-25,-16,-29,-128622,97,-418,1,-128934
-62,-3,-18,-127848,240,-317,1,-127623
-102,6,5,-127016,298,-274,1,-127098
-140,0,21,-126204,297,-282,1,-126039
-178,-24,38,-125466,301,-289,1,125591
-208,-47,46,-124982,299,-330,1,125083
-225,-49,61,-124922,285,-340,1,124761
-203,-25,115,-125453,226,-317,1,125808
-136,-4,168,-126537,122,-304,1,126770
-66,-7,176,-127778,38,-338,1,127650
-33,-8,155,-128892,11,-362,1,128678
-24,-1,128,-129750,4,-365,0,129832
-7,0,93,-130303,-16,-356,0,130507
3,-3,59,-130595,-55,-387,0,130990
2,-12,31,-130621,-59,-450,0,131027
-5,-14,12,-130406,16,-544,0,130925
-27,-19,-4,-129981,177,-481,1,-129766
-48,-21,-10,-129393,207,-418,1,-129072
-70,-19,-11,-128656,250,-377,1,-128852
-111,-16,-2,-127816,292,-329,1,-127817
-152,-29,12,-127028,296,-332,1,127188
-171,-52,32,-126441,280,-355,1,126248
-182,-71,44,-126161,275,-371,1,126061
-188,-59,79,-126290,258,-350,1,126403
-160,-38,132,-126916,191,-326,1,126468
-111,-30,169,-127866,105,-352,1,127638
-81,-18,178,-128855,55,-371,1,128739
-30,-12,147,-129803,-21,-400,1,-129560
10,-19,107,-130471,-75,-429,0,130097
7,-16,69,-130758,-66,-437,0,130943
-5,-20,31,-130778,-8,-505,0,-130861
-10,-26,7,-130635,31,-626,0,130097
-17,-22,-5,-130327,116,-542,0,-130941
-40,-14,-21,-129839,192,-398,1,-129631
-62,-4,-32,-129223,214,-319,1,-129293
-90,8,-29,-128483,257,-284,1,128438
-125,1,-22,-127675,292,-288,1,127722
-157,-10,-13,-126923,329,-305,1,-126762
-193,-35,7,-126317,322,-327,1,126350
-217,-51,23,-126049,315,-337,1,126197
-240,-38,62,-126197,298,-306,1,125976
-192,-5,123,-126909,210,-285,1,126641
-114,-10,148,-127977,126,-325,1,127549
-70,-14,147,-129097,77,-347,1,129415
-57,-11,135,-130048,57,-364,1,129563
-31,-3,113,-130888,5,-372,1,130655
9,-9,82,-131470,-78,-401,0,131073
22,-12,46,-131686,-140,-428,0,131956
14,-9,7,-131493,-220,-491,0,131222
-16,-3,-22,-130946,124,-373,0,-130708
-64,10,-31,-130201,220,-299,1,130374
-75,11,-32,-129416,208,-293,1,129070
-86,13,-34,-128485,231,-281,1,128097
-129,16,-41,-127388,268,-281,1,127284
-169,-4,-53,-126284,282,-306,1,-126461
-197,-14,-51,-125402,300,-304,1,-125219
-236,-14,-38,-124870,321,-283,1,-124767
-243,14,14,-124864,319,-245,1,-124550
-184,22,78,-125471,226,-243,1,-125667
-138,18,117,-126379,165,-269,1,-126191
-120,16,122,-127325,146,-296,1,-127224
-96,21,121,-128228,112,-308,1,-128401
-69,21,114,-129007,76,-323,1,-128705
-44,20,93,-129618,47,-333,1,-129876
-30,17,57,-129971,53,-327,1,-129784
-33,7,0,-130054,247,-354,1,-130488
-55,2,-40,-129888,147,-354,1,129725
-64,0,-50,-129511,134,-341,1,129081
-75,-3,-52,-128954,164,-332,1,-128559
-98,0,-50,-128237,213,-312,1,128349
-120,-3,-51,-127440,253,-307,1,-127045
-164,-11,-43,-126665,303,-302,1,-126539
-206,-31,-7,-126097,323,-331,1,-126032
-240,-47,26,-125941,316,-321,1,125776
-246,-12,83,-126304,264,-281,1,126433
-162,9,123,-127234,168,-286,1,-127077
-95,2,122,-128333,121,-318,1,-128046
-73,0,118,-129355,89,-334,1,-129124
-50,-1,116,-130219,39,-354,1,130474
-21,-1,103,-130867,-11,-370,0,-130617
-9,-3,75,-131223,-23,-384,0,-131517
-11,-3,35,-131284,26,-399,0,131438
-21,-9,-2,-131111,215,-458,0,-131368
-23,-8,-24,-130720,118,-405,0,-130938
-36,-8,-37,-130107,128,-368,1,-130519
-81,4,-35,-129228,219,-300,1,129358
-112,6,-31,-128291,261,-297,1,128379
-146,-8,-42,-127358,279,-311,1,-127457
-196,-16,-28,-126517,317,-302,1,-126705
-214,-25,-6,-126037,323,-322,1,-126110
-223,-14,37,-125992,316,-279,1,126200
-223,8,103,-126444,229,-261,1,-126137
-138,9,162,-127442,115,-283,1,-127130
-81,-4,174,-128542,69,-330,1,129007
-73,-2,157,-129533,67,-351,1,129078
-56,6,133,-130348,47,-356,1,-130257
-43,10,98,-130989,46,-356,1,-130721
-31,12,55,-131424,59,-342,1,-131096
-19,0,4,-131675,244,-390,0,-131904
-14,-8,-22,-131691,63,-433,0,-132089
-17,-16,-37,-131463,41,-428,0,-131134
-34,-18,-41,-130994,103,-400,1,-130627
-54,-17,-39,-130317,175,-373,1,-130264
-90,-6,-27,-129411,254,-306,1,-129033
-128,-3,-19,-128476,311,-291,1,-128419
-189,-13,0,-127625,339,-293,1,127564
-200,-26,37,-127073,296,-302,1,127133
-200,-32,89,-127049,246,-305,1,127244
-192,-16,153,-127485,177,-294,1,127042
-144,0,183,-128353,106,-310,1,-128005
-90,1,166,-129400,76,-335,1,-129161
-59,0,138,-130438,48,-357,1,-130147
-40,4,117,-131305,36,-347,1,-131524
-16,3,94,-132009,-11,-367,0,131740
-3,0,69,-132451,-26,-362,0,132183
0,-4,43,-132665,-48,-401,0,133037
0,-11,17,-132664,-48,-486,0,133092
-4,-22,-12,-132461,-6,-592,0,132921
-18,-31,-37,-132075,26,-485,0,-131646
-27,-31,-47,-131555,53,-430,1,-131156
-68,-18,-27,-130848,213,-338,1,-130769
-108,0,10,-130068,309,-271,1,-130123
-151,-16,35,-129369,291,-298,1,129515
-171,-42,66,-128876,255,-323,1,128532
-176,-62,132,-128754,185,-344,1,128778
-150,-87,175,-129090,136,-387,1,129316
-119,-76,197,-129767,106,-401,1,130023
-82,-55,177,-130657,76,-410,1,130912
-60,-39,150,-131606,62,-420,1,131840
-42,-22,130,-132471,42,-395,1,132203
-8,-14,103,-133242,-18,-409,0,-133536
9,-15,70,-133836,-71,-427,0,133988
22,-18,42,-134205,-155,-456,0,134478
17,-20,19,-134317,-176,-518,0,134677
-6,-22,-2,-134186,9,-640,0,-134733
-20,-27,-26,-133962,56,-494,0,-133775
-36,-31,-41,-133690,84,-431,1,-134102
-52,-29,-33,-133368,157,-403,1,-133621
-73,-27,-1,-132987,249,-371,1,-132769
-106,-22,39,-132489,259,-311,1,132581
